  1.848843852228542E-002  -3698.82182532329     
  2.218612710833995E-002  -3698.73571939969     
  2.662335358792493E-002  -3698.64257807618     
  3.194802557501034E-002  -3698.54392660202     
  3.833763221341298E-002  -3698.44212863648     
  4.600516048417633E-002  -3698.34047350931     
  5.520619477470860E-002  -3698.24335219799     
  6.624743636208683E-002  -3698.15614381268     
  7.949692679342812E-002  -3698.08518862068     
  9.539631594282262E-002  -3698.03751762773     
  0.114475583680238       -3698.02056164950     
  0.137370705874907       -3698.04187799734     
  0.164844853600234       -3698.10856937906     
  0.197813832180696       -3698.22697091609     
  0.237376608049333       -3698.40233467193     
  0.284851940978199       -3698.63851251893     
  0.341822342756638       -3698.93788845448     
  0.410186827607325       -3699.30130042473     
  0.492224212688022       -3699.72813269529     
  0.590669078696705       -3700.21656487275     
  0.708802922601343       -3700.76370223856     
  0.850563540919969       -3701.36581576670     
   1.02067628966199       -3702.01867980108     
   1.22481159626403       -3702.71775194259     
   1.46977397392040       -3703.45839933228     
   1.76372883878877       -3704.23603178427     
   2.11647469064767       -3705.04627329133     
   2.53976972969858       -3705.88504190458     
   3.04772379674395       -3706.74854152811     
   3.65726870141954       -3707.63342455292     
   4.38872261609561       -3708.53660868410     
   5.26646734858533       -3709.45546108438     
   6.31976106942713       -3710.38761818135     
   7.58371358466224       -3711.33108212156     
   9.10045666321433       -3712.28409640671     
