  1.283919239788641E-002  -3688.25941962397     
  1.540703148968409E-002  -3688.21845442712     
  1.848843852228542E-002  -3688.18338577564     
  2.218612710833995E-002  -3688.15839025237     
  2.662335358792493E-002  -3688.14876310355     
  3.194802557501034E-002  -3688.16064470789     
  3.833763221341298E-002  -3688.20094483990     
  4.600516048417633E-002  -3688.27706840963     
  5.520619477470860E-002  -3688.39663402560     
  6.624743636208683E-002  -3688.56692492632     
  7.949692679342812E-002  -3688.79454865709     
  9.539631594282262E-002  -3689.08498726921     
  0.114475583680238       -3689.44234757818     
  0.137370705874907       -3689.86910003406     
  0.164844853600234       -3690.36606996156     
  0.197813832180696       -3690.93248168349     
  0.237376608049333       -3691.56614930764     
  0.284851940978199       -3692.26374156410     
  0.341822342756638       -3693.02106159513     
  0.410186827607325       -3693.83333182570     
  0.492224212688022       -3694.69547476601     
  0.590669078696705       -3695.60232843389     
  0.708802922601343       -3696.54884289314     
  0.850563540919969       -3697.53025345778     
   1.02067628966199       -3698.54204255508     
   1.22481159626403       -3699.58017352109     
   1.46977397392040       -3700.64097760495     
   1.76372883878877       -3701.72119833020     
   2.11647469064767       -3702.81796897392     
   2.53976972969858       -3703.92881111674     
   3.04772379674395       -3705.05156408293     
   3.65726870141954       -3706.18438560681     
   4.38872261609561       -3707.32568778108     
   5.26646734858533       -3708.47413309305     
   6.31976106942713       -3709.62858078925     
   7.58371358466224       -3710.78805229253     
   9.10045666321433       -3711.95173408815     
