  6.191739176867256E-003  -3778.80818749320     
  7.430087307485838E-003  -3778.82492061966     
  8.916105123277177E-003  -3778.84559928817     
  1.069932657308563E-002  -3778.87119203491     
  1.283919239788641E-002  -3778.90295490841     
  1.540703148968409E-002  -3778.94244817842     
  1.848843852228542E-002  -3778.99163741315     
  2.218612710833995E-002  -3779.05293435219     
  2.662335358792493E-002  -3779.12930773911     
  3.194802557501034E-002  -3779.22432710634     
  3.833763221341298E-002  -3779.34219066967     
  4.600516048417633E-002  -3779.48780031687     
  5.520619477470860E-002  -3779.66664879261     
  6.624743636208683E-002  -3779.88479669243     
  7.949692679342812E-002  -3780.14863907457     
  9.539631594282262E-002  -3780.46466470854     
  0.114475583680238       -3780.83922858050     
  0.137370705874907       -3781.27817224968     
  0.164844853600234       -3781.78647443984     
  0.197813832180696       -3782.36804690564     
  0.237376608049333       -3783.02546498723     
  0.284851940978199       -3783.75985757119     
  0.341822342756638       -3784.57092587996     
  0.410186827607325       -3785.45695575930     
  0.492224212688022       -3786.41509068251     
  0.590669078696705       -3787.44143598405     
  0.708802922601343       -3788.53136372692     
  0.850563540919969       -3789.67975144410     
   1.02067628966199       -3790.88127332816     
   1.22481159626403       -3792.13047647352     
   1.46977397392040       -3793.42208250744     
   1.76372883878877       -3794.75105771405     
   2.11647469064767       -3796.11269163435     
   2.53976972969858       -3797.50268474073     
   3.04772379674395       -3798.91713531610     
   3.65726870141954       -3800.35258261660     
   4.38872261609561       -3801.80598046251     
   5.26646734858533       -3803.27465413075     
   6.31976106942713       -3804.75628642799     
   7.58371358466224       -3806.24886300408     
   9.10045666321433       -3807.75069630310     
