  1.000000047497451E-003  -3698.11537422314     
  1.200000104680660E-003  -3698.11763560659     
  1.440000182837256E-003  -3698.12038526303     
  1.728000288069266E-003  -3698.12370756070     
  2.073600428080594E-003  -3698.12774729540     
  2.488320612573686E-003  -3698.13268415266     
  2.985984853740796E-003  -3698.13868592186     
  3.583181966871809E-003  -3698.14605613414     
  4.299818531105602E-003  -3698.15507395150     
  5.159782442358047E-003  -3698.16618795002     
  6.191739176867256E-003  -3698.17989019965     
  7.430087307485838E-003  -3698.19683816469     
  8.916105123277177E-003  -3698.21788009301     
  1.069932657308563E-002  -3698.24403883612     
  1.283919239788641E-002  -3698.27662616982     
  1.540703148968409E-002  -3698.31724364617     
  1.848843852228542E-002  -3698.36789566024     
  2.218612710833995E-002  -3698.43096933229     
  2.662335358792493E-002  -3698.50932899060     
  3.194802557501034E-002  -3698.60629535534     
  3.833763221341298E-002  -3698.72564083100     
  4.600516048417633E-002  -3698.87149843577     
  5.520619477470860E-002  -3699.04827973031     
  6.624743636208683E-002  -3699.26044730974     
  7.949692679342812E-002  -3699.51235432589     
  9.539631594282262E-002  -3699.80794403037     
  0.114475583680238       -3700.15052830830     
  0.137370705874907       -3700.54260366951     
  0.164844853600234       -3700.98567773062     
  0.197813832180696       -3701.48015837553     
  0.237376608049333       -3702.02547685038     
  0.284851940978199       -3702.62004114474     
  0.341822342756638       -3703.26150701721     
  0.410186827607325       -3703.94684555555     
  0.492224212688022       -3704.67265865434     
  0.590669078696705       -3705.43527460139     
  0.708802922601343       -3706.23093707761     
  0.850563540919969       -3707.05599861577     
   1.02067628966199       -3707.90692397113     
   1.22481159626403       -3708.78044069347     
   1.46977397392040       -3709.67354454996     
   1.76372883878877       -3710.58351650949     
   2.11647469064767       -3711.50795125056     
   2.53976972969858       -3712.44474338202     
   3.04772379674395       -3713.39200121499     
   3.65726870141954       -3714.34818802902     
   4.38872261609561       -3715.31187247620     
   5.26646734858533       -3716.28190706010     
   6.31976106942713       -3717.25725542410     
   7.58371358466224       -3718.23710417539     
   9.10045666321433       -3719.22070839876     
