  1.069932657308563E-002  -3781.95975801895     
  1.283919239788641E-002  -3781.65370923177     
  1.540703148968409E-002  -3781.32446980723     
  1.848843852228542E-002  -3780.97594242005     
  2.218612710833995E-002  -3780.61352234252     
  2.662335358792493E-002  -3780.24396352396     
  3.194802557501034E-002  -3779.87518866784     
  3.833763221341298E-002  -3779.51589310420     
  4.600516048417633E-002  -3779.17504530189     
  5.520619477470860E-002  -3778.86140381151     
  6.624743636208683E-002  -3778.58299672653     
  7.949692679342812E-002  -3778.34661319864     
  9.539631594282262E-002  -3778.15760159659     
  0.114475583680238       -3778.01958084637     
  0.137370705874907       -3777.93451611934     
  0.164844853600234       -3777.90272162320     
  0.197813832180696       -3777.92314350526     
  0.237376608049333       -3777.99360795929     
  0.284851940978199       -3778.11106251435     
  0.341822342756638       -3778.27186579010     
  0.410186827607325       -3778.47212848841     
  0.492224212688022       -3778.70776040198     
  0.590669078696705       -3778.97483639473     
  0.708802922601343       -3779.26953909980     
  0.850563540919969       -3779.58832316202     
   1.02067628966199       -3779.92795082991     
   1.22481159626403       -3780.28553244067     
   1.46977397392040       -3780.65847578029     
   1.76372883878877       -3781.04451175036     
   2.11647469064767       -3781.44166767048     
   2.53976972969858       -3781.84824788437     
   3.04772379674395       -3782.26277460096     
   3.65726870141954       -3782.68401282392     
   4.38872261609561       -3783.11087600104     
   5.26646734858533       -3783.54247349411     
   6.31976106942713       -3783.97804375239     
   7.58371358466224       -3784.41693693745     
   9.10045666321433       -3784.85861461335     
