  1.000000047497451E-003  -3778.99052029691     
  1.200000104680660E-003  -3778.99209991481     
  1.440000182837256E-003  -3778.99396744831     
  1.728000288069266E-003  -3778.99624214251     
  2.073600428080594E-003  -3778.99896333444     
  2.488320612573686E-003  -3779.00224019554     
  2.985984853740796E-003  -3779.00620399718     
  3.583181966871809E-003  -3779.01097263189     
  4.299818531105602E-003  -3779.01671937899     
  5.159782442358047E-003  -3779.02366235111     
  6.191739176867256E-003  -3779.03207630143     
  7.430087307485838E-003  -3779.04223167910     
  8.916105123277177E-003  -3779.05457085871     
  1.069932657308563E-002  -3779.06953148270     
  1.283919239788641E-002  -3779.08774425372     
  1.540703148968409E-002  -3779.10993633328     
  1.848843852228542E-002  -3779.13704318809     
  2.218612710833995E-002  -3779.17022269639     
  2.662335358792493E-002  -3779.21089368937     
  3.194802557501034E-002  -3779.26087250079     
  3.833763221341298E-002  -3779.32237229401     
  4.600516048417633E-002  -3779.39815022948     
  5.520619477470860E-002  -3779.49156120313     
  6.624743636208683E-002  -3779.60665579096     
  7.949692679342812E-002  -3779.74833638734     
  9.539631594282262E-002  -3779.92232615414     
  0.114475583680238       -3780.13524315206     
  0.137370705874907       -3780.39450171363     
  0.164844853600234       -3780.70823790528     
  0.197813832180696       -3781.08504970904     
  0.237376608049333       -3781.53366249277     
  0.284851940978199       -3782.06257721323     
  0.341822342756638       -3782.67959020950     
  0.410186827607325       -3783.39133592952     
  0.492224212688022       -3784.20297034276     
  0.590669078696705       -3785.11774677927     
  0.708802922601343       -3786.13698509992     
  0.850563540919969       -3787.25998260397     
   1.02067628966199       -3788.48413323520     
   1.22481159626403       -3789.80517884812     
   1.46977397392040       -3791.21756455089     
   1.76372883878877       -3792.71474596359     
   2.11647469064767       -3794.28957674066     
   2.53976972969858       -3795.93462006619     
   3.04772379674395       -3797.64248384919     
   3.65726870141954       -3799.40594068623     
   4.38872261609561       -3801.21821560412     
   5.26646734858533       -3803.07302371161     
   6.31976106942713       -3804.96462556354     
   7.58371358466224       -3806.88788363961     
   9.10045666321433       -3808.83825641839     
