  1.000000047497451E-003  -3778.98611793911     
  1.200000104680660E-003  -3778.98678083980     
  1.440000182837256E-003  -3778.98756606111     
  1.728000288069266E-003  -3778.98852514393     
  2.073600428080594E-003  -3778.98967819933     
  2.488320612573686E-003  -3778.99108348480     
  2.985984853740796E-003  -3778.99278940081     
  3.583181966871809E-003  -3778.99485809137     
  4.299818531105602E-003  -3778.99736947757     
  5.159782442358047E-003  -3779.00044287205     
  6.191739176867256E-003  -3779.00419467238     
  7.430087307485838E-003  -3779.00880777717     
  8.916105123277177E-003  -3779.01448801931     
  1.069932657308563E-002  -3779.02151758577     
  1.283919239788641E-002  -3779.03024670180     
  1.540703148968409E-002  -3779.04111617392     
  1.848843852228542E-002  -3779.05473821361     
  2.218612710833995E-002  -3779.07187917713     
  2.662335358792493E-002  -3779.09353105057     
  3.194802557501034E-002  -3779.12097129772     
  3.833763221341298E-002  -3779.15587102710     
  4.600516048417633E-002  -3779.20035802258     
  5.520619477470860E-002  -3779.25716508084     
  6.624743636208683E-002  -3779.32969368269     
  7.949692679342812E-002  -3779.42220577454     
  9.539631594282262E-002  -3779.53988823058     
  0.114475583680238       -3779.68893946525     
  0.137370705874907       -3779.87662122492     
  0.164844853600234       -3780.11123302129     
  0.197813832180696       -3780.40189880647     
  0.237376608049333       -3780.75843128965     
  0.284851940978199       -3781.19086112869     
  0.341822342756638       -3781.70906772042     
  0.410186827607325       -3782.32221759251     
  0.492224212688022       -3783.03830152175     
  0.590669078696705       -3783.86362249243     
  0.708802922601343       -3784.80251963262     
  0.850563540919969       -3785.85707650804     
   1.02067628966199       -3787.02711030857     
   1.22481159626403       -3788.31027429975     
   1.46977397392040       -3789.70230963951     
   1.76372883878877       -3791.19739308656     
   2.11647469064767       -3792.78846848798     
   2.53976972969858       -3794.46778310487     
   3.04772379674395       -3796.22709798441     
   3.65726870141954       -3798.05814055072     
   4.38872261609561       -3799.95286497163     
   5.26646734858533       -3801.90359163408     
   6.31976106942713       -3803.90318084980     
   7.58371358466224       -3805.94512060323     
   9.10045666321433       -3808.02354901386     
