  1.000000047497451E-003  -3698.10160006919     
  1.200000104680660E-003  -3698.10103549372     
  1.440000182837256E-003  -3698.10035717713     
  1.728000288069266E-003  -3698.09957034537     
  2.073600428080594E-003  -3698.09862866681     
  2.488320612573686E-003  -3698.09753339824     
  2.985984853740796E-003  -3698.09624378589     
  3.583181966871809E-003  -3698.09474435096     
  4.299818531105602E-003  -3698.09299915077     
  5.159782442358047E-003  -3698.09099479475     
  6.191739176867256E-003  -3698.08872414250     
  7.430087307485838E-003  -3698.08617120528     
  8.916105123277177E-003  -3698.08339431478     
  1.069932657308563E-002  -3698.08039876883     
  1.283919239788641E-002  -3698.07731848644     
  1.540703148968409E-002  -3698.07432298600     
  1.848843852228542E-002  -3698.07170770177     
  2.218612710833995E-002  -3698.06994268051     
  2.662335358792493E-002  -3698.06964330931     
  3.194802557501034E-002  -3698.07176383003     
  3.833763221341298E-002  -3698.07764336872     
  4.600516048417633E-002  -3698.08904002131     
  5.520619477470860E-002  -3698.10837720041     
  6.624743636208683E-002  -3698.13874289605     
  7.949692679342812E-002  -3698.18410088861     
  9.539631594282262E-002  -3698.24929772469     
  0.114475583680238       -3698.34016187441     
  0.137370705874907       -3698.46347849081     
  0.164844853600234       -3698.62686273112     
  0.197813832180696       -3698.83845651115     
  0.237376608049333       -3699.10680915205     
  0.284851940978199       -3699.44030343139     
  0.341822342756638       -3699.84678028949     
  0.410186827607325       -3700.33311464389     
  0.492224212688022       -3700.90481065953     
  0.590669078696705       -3701.56571459989     
  0.708802922601343       -3702.31782899868     
  0.850563540919969       -3703.16128350563     
   1.02067628966199       -3704.09449010862     
   1.22481159626403       -3705.11422489510     
   1.46977397392040       -3706.21601572239     
   1.76372883878877       -3707.39442573073     
   2.11647469064767       -3708.64332759421     
   2.53976972969858       -3709.95629360827     
   3.04772379674395       -3711.32678795726     
   3.65726870141954       -3712.74840712808     
   4.38872261609561       -3714.21507738581     
   5.26646734858533       -3715.72108926231     
   6.31976106942713       -3717.26124988916     
   7.58371358466224       -3718.83086282031     
   9.10045666321433       -3720.42570940577     
