  1.000000047497451E-003  -3778.97004882390     
  1.200000104680660E-003  -3778.96746823567     
  1.440000182837256E-003  -3778.96438573152     
  1.728000288069266E-003  -3778.96069955763     
  2.073600428080594E-003  -3778.95628790073     
  2.488320612573686E-003  -3778.95103077298     
  2.985984853740796E-003  -3778.94475509944     
  3.583181966871809E-003  -3778.93729802417     
  4.299818531105602E-003  -3778.92841907947     
  5.159782442358047E-003  -3778.91790088815     
  6.191739176867256E-003  -3778.90541719041     
  7.430087307485838E-003  -3778.89070373945     
  8.916105123277177E-003  -3778.87338058073     
  1.069932657308563E-002  -3778.85305254011     
  1.283919239788641E-002  -3778.82934200309     
  1.540703148968409E-002  -3778.80181619286     
  1.848843852228542E-002  -3778.77006501805     
  2.218612710833995E-002  -3778.73375840232     
  2.662335358792493E-002  -3778.69260917691     
  3.194802557501034E-002  -3778.64649324875     
  3.833763221341298E-002  -3778.59556457379     
  4.600516048417633E-002  -3778.54025596329     
  5.520619477470860E-002  -3778.48137785657     
  6.624743636208683E-002  -3778.42037054133     
  7.949692679342812E-002  -3778.35925567858     
  9.539631594282262E-002  -3778.30071749278     
  0.114475583680238       -3778.24820557774     
  0.137370705874907       -3778.20581196884     
  0.164844853600234       -3778.17823278752     
  0.197813832180696       -3778.17047795505     
  0.237376608049333       -3778.18766826530     
  0.284851940978199       -3778.23471142493     
  0.341822342756638       -3778.31597078112     
  0.410186827607325       -3778.43500953314     
  0.492224212688022       -3778.59441239093     
  0.590669078696705       -3778.79562254927     
  0.708802922601343       -3779.03898397765     
  0.850563540919969       -3779.32378433423     
   1.02067628966199       -3779.64848947918     
   1.22481159626403       -3780.01080432221     
   1.46977397392040       -3780.40801451045     
   1.76372883878877       -3780.83707397293     
   2.11647469064767       -3781.29481479416     
   2.53976972969858       -3781.77810004048     
   3.04772379674395       -3782.28389544149     
   3.65726870141954       -3782.80937545568     
   4.38872261609561       -3783.35190929581     
   5.26646734858533       -3783.90916320232     
   6.31976106942713       -3784.47902672515     
   7.58371358466224       -3785.05965560759     
   9.10045666321433       -3785.64944460463     
