  6.191739176867256E-003  -3698.04200703562     
  7.430087307485838E-003  -3698.04603592643     
  8.916105123277177E-003  -3698.05175717647     
  1.069932657308563E-002  -3698.05980262509     
  1.283919239788641E-002  -3698.07106616643     
  1.540703148968409E-002  -3698.08672869056     
  1.848843852228542E-002  -3698.10837200938     
  2.218612710833995E-002  -3698.13803801868     
  2.662335358792493E-002  -3698.17836371691     
  3.194802557501034E-002  -3698.23265483826     
  3.833763221341298E-002  -3698.30494796611     
  4.600516048417633E-002  -3698.40012145056     
  5.520619477470860E-002  -3698.52381608970     
  6.624743636208683E-002  -3698.68243782499     
  7.949692679342812E-002  -3698.88293644437     
  9.539631594282262E-002  -3699.13255829752     
  0.114475583680238       -3699.43859091989     
  0.137370705874907       -3699.80793497438     
  0.164844853600234       -3700.24669070778     
  0.197813832180696       -3700.75988209151     
  0.237376608049333       -3701.35111776901     
  0.284851940978199       -3702.02242257176     
  0.341822342756638       -3702.77421543606     
  0.410186827607325       -3703.60530111264     
  0.492224212688022       -3704.51314198926     
  0.590669078696705       -3705.49397696145     
  0.708802922601343       -3706.54315181844     
  0.850563540919969       -3707.65538931030     
   1.02067628966199       -3708.82511310676     
   1.22481159626403       -3710.04655501272     
   1.46977397392040       -3711.31408372624     
   1.76372883878877       -3712.62229723188     
   2.11647469064767       -3713.96611859390     
   2.53976972969858       -3715.34089606359     
   3.04772379674395       -3716.74239825403     
   3.65726870141954       -3718.16686221556     
   4.38872261609561       -3719.61096932041     
   5.26646734858533       -3721.07180252701     
   6.31976106942713       -3722.54683149622     
   7.58371358466224       -3724.03385609595     
   9.10045666321433       -3725.53102805659     
