  1.848843852228542E-002  -3778.87791064812     
  2.218612710833995E-002  -3778.66670757650     
  2.662335358792493E-002  -3778.51780366094     
  3.194802557501034E-002  -3778.43274841373     
  3.833763221341298E-002  -3778.41215462922     
  4.600516048417633E-002  -3778.45564106722     
  5.520619477470860E-002  -3778.56159111958     
  6.624743636208683E-002  -3778.72737646806     
  7.949692679342812E-002  -3778.94953863835     
  9.539631594282262E-002  -3779.22393599745     
  0.114475583680238       -3779.54607100563     
  0.137370705874907       -3779.91125179839     
  0.164844853600234       -3780.31483155343     
  0.197813832180696       -3780.75232637423     
  0.237376608049333       -3781.21947667935     
  0.284851940978199       -3781.71241359180     
  0.341822342756638       -3782.22760122094     
  0.410186827607325       -3782.76188132905     
  0.492224212688022       -3783.31250186438     
  0.590669078696705       -3783.87699965427     
  0.708802922601343       -3784.45327295449     
  0.850563540919969       -3785.03950528226     
   1.02067628966199       -3785.63413799353     
   1.22481159626403       -3786.23586468713     
   1.46977397392040       -3786.84353696308     
   1.76372883878877       -3787.45619773136     
   2.11647469064767       -3788.07305025350     
   2.53976972969858       -3788.69339308488     
   3.04772379674395       -3789.31668683910     
   3.65726870141954       -3789.94241792663     
   4.38872261609561       -3790.57020638204     
   5.26646734858533       -3791.19971652287     
   6.31976106942713       -3791.83065778398     
   7.58371358466224       -3792.46278589885     
   9.10045666321433       -3793.09591522326     
