  2.488320612573686E-003  -3688.32258666768     
  2.985984853740796E-003  -3688.32593109550     
  3.583181966871809E-003  -3688.32998134021     
  4.299818531105602E-003  -3688.33486112471     
  5.159782442358047E-003  -3688.34076957481     
  6.191739176867256E-003  -3688.34794049115     
  7.430087307485838E-003  -3688.35667155719     
  8.916105123277177E-003  -3688.36728826347     
  1.069932657308563E-002  -3688.38023814690     
  1.283919239788641E-002  -3688.39606653195     
  1.540703148968409E-002  -3688.41547567897     
  1.848843852228542E-002  -3688.43932134668     
  2.218612710833995E-002  -3688.46869472517     
  2.662335358792493E-002  -3688.50495744618     
  3.194802557501034E-002  -3688.54978940149     
  3.833763221341298E-002  -3688.60533322464     
  4.600516048417633E-002  -3688.67418732728     
  5.520619477470860E-002  -3688.75953028812     
  6.624743636208683E-002  -3688.86521190127     
  7.949692679342812E-002  -3688.99579011817     
  9.539631594282262E-002  -3689.15655710165     
  0.114475583680238       -3689.35352593791     
  0.137370705874907       -3689.59337734669     
  0.164844853600234       -3689.88326856017     
  0.197813832180696       -3690.23064474923     
  0.237376608049333       -3690.64291592020     
  0.284851940978199       -3691.12719076267     
  0.341822342756638       -3691.68985157190     
  0.410186827607325       -3692.33627798830     
  0.492224212688022       -3693.07061403408     
  0.590669078696705       -3693.89550117818     
  0.708802922601343       -3694.81203506692     
  0.850563540919969       -3695.81976071010     
   1.02067628966199       -3696.91676026265     
   1.22481159626403       -3698.09979627319     
   1.46977397392040       -3699.36455792874     
   1.76372883878877       -3700.70588626034     
   2.11647469064767       -3702.11801670846     
   2.53976972969858       -3703.59484338163     
   3.04772379674395       -3705.13014825341     
   3.65726870141954       -3706.71776549797     
   4.38872261609561       -3708.35174666611     
   5.26646734858533       -3710.02649416121     
   6.31976106942713       -3711.73680550154     
   7.58371358466224       -3713.47795991661     
   9.10045666321433       -3715.24569555409     
