  3.583181966871809E-003  -3688.51871066054     
  4.299818531105602E-003  -3688.50267435028     
  5.159782442358047E-003  -3688.48377417516     
  6.191739176867256E-003  -3688.46157487768     
  7.430087307485838E-003  -3688.43562815975     
  8.916105123277177E-003  -3688.40543472071     
  1.069932657308563E-002  -3688.37054390114     
  1.283919239788641E-002  -3688.33054858261     
  1.540703148968409E-002  -3688.28514002574     
  1.848843852228542E-002  -3688.23418105255     
  2.218612710833995E-002  -3688.17786114620     
  2.662335358792493E-002  -3688.11677946635     
  3.194802557501034E-002  -3688.05215920373     
  3.833763221341298E-002  -3687.98596849775     
  4.600516048417633E-002  -3687.92123299250     
  5.520619477470860E-002  -3687.86215859377     
  6.624743636208683E-002  -3687.81436379505     
  7.949692679342812E-002  -3687.78498564695     
  9.539631594282262E-002  -3687.78260268254     
  0.114475583680238       -3687.81722032069     
  0.137370705874907       -3687.89979511579     
  0.164844853600234       -3688.04186742617     
  0.197813832180696       -3688.25484245645     
  0.237376608049333       -3688.54933695531     
  0.284851940978199       -3688.93452831581     
  0.341822342756638       -3689.41749521124     
  0.410186827607325       -3690.00294219425     
  0.492224212688022       -3690.69292316507     
  0.590669078696705       -3691.48699261280     
  0.708802922601343       -3692.38236982446     
  0.850563540919969       -3693.37440111150     
   1.02067628966199       -3694.45695398989     
   1.22481159626403       -3695.62292024289     
   1.46977397392040       -3696.86468801990     
   1.76372883878877       -3698.17442276876     
   2.11647469064767       -3699.54446964313     
   2.53976972969858       -3700.96754205746     
   3.04772379674395       -3702.43680709585     
   3.65726870141954       -3703.94608124736     
   4.38872261609561       -3705.48977611416     
   5.26646734858533       -3707.06293091226     
   6.31976106942713       -3708.66120123654     
   7.58371358466224       -3710.28081126881     
   9.10045666321433       -3711.91847442559     
