  1.000000047497451E-003  -3688.38277743580     
  1.200000104680660E-003  -3688.38650363541     
  1.440000182837256E-003  -3688.39094290231     
  1.728000288069266E-003  -3688.39629769580     
  2.073600428080594E-003  -3688.40270642270     
  2.488320612573686E-003  -3688.41039601287     
  2.985984853740796E-003  -3688.41963744195     
  3.583181966871809E-003  -3688.43071395988     
  4.299818531105602E-003  -3688.44399402279     
  5.159782442358047E-003  -3688.45992534449     
  6.191739176867256E-003  -3688.47905168160     
  7.430087307485838E-003  -3688.50195710770     
  8.916105123277177E-003  -3688.52944747485     
  1.069932657308563E-002  -3688.56237864390     
  1.283919239788641E-002  -3688.60185829145     
  1.540703148968409E-002  -3688.64915170557     
  1.848843852228542E-002  -3688.70579341090     
  2.218612710833995E-002  -3688.77359715472     
  2.662335358792493E-002  -3688.85468487911     
  3.194802557501034E-002  -3688.95160650830     
  3.833763221341298E-002  -3689.06731355389     
  4.600516048417633E-002  -3689.20527011757     
  5.520619477470860E-002  -3689.36945927746     
  6.624743636208683E-002  -3689.56442308461     
  7.949692679342812E-002  -3689.79535273537     
  9.539631594282262E-002  -3690.06798864744     
  0.114475583680238       -3690.38863063027     
  0.137370705874907       -3690.76399026131     
  0.164844853600234       -3691.20109324543     
  0.197813832180696       -3691.70703198768     
  0.237376608049333       -3692.28868454179     
  0.284851940978199       -3692.95245658847     
  0.341822342756638       -3693.70392698855     
  0.410186827607325       -3694.54753322885     
  0.492224212688022       -3695.48639561244     
  0.590669078696705       -3696.52201327898     
  0.708802922601343       -3697.65431865496     
  0.850563540919969       -3698.88163153858     
   1.02067628966199       -3700.20077992978     
   1.22481159626403       -3701.60731829379     
   1.46977397392040       -3703.09582595316     
   1.76372883878877       -3704.66014501868     
   2.11647469064767       -3706.29369640431     
   2.53976972969858       -3707.98972516825     
   3.04772379674395       -3709.74157945124     
   3.65726870141954       -3711.54278598351     
   4.38872261609561       -3713.38730512745     
   5.26646734858533       -3715.26954633076     
   6.31976106942713       -3717.18440996140     
   7.58371358466224       -3719.12733696530     
   9.10045666321433       -3721.09430101135     
