  1.000000047497451E-003  -3778.98554808997     
  1.200000104680660E-003  -3778.98617275244     
  1.440000182837256E-003  -3778.98698700286     
  1.728000288069266E-003  -3778.98803709690     
  2.073600428080594E-003  -3778.98939594108     
  2.488320612573686E-003  -3778.99117170621     
  2.985984853740796E-003  -3778.99351159680     
  3.583181966871809E-003  -3778.99658449276     
  4.299818531105602E-003  -3779.00068956804     
  5.159782442358047E-003  -3779.00615577124     
  6.191739176867256E-003  -3779.01346508882     
  7.430087307485838E-003  -3779.02323405322     
  8.916105123277177E-003  -3779.03630598665     
  1.069932657308563E-002  -3779.05373506355     
  1.283919239788641E-002  -3779.07697510576     
  1.540703148968409E-002  -3779.10776681462     
  1.848843852228542E-002  -3779.14831700593     
  2.218612710833995E-002  -3779.20133700862     
  2.662335358792493E-002  -3779.27005108315     
  3.194802557501034E-002  -3779.35818573750     
  3.833763221341298E-002  -3779.47000665986     
  4.600516048417633E-002  -3779.61013633869     
  5.520619477470860E-002  -3779.78345000094     
  6.624743636208683E-002  -3779.99497021441     
  7.949692679342812E-002  -3780.24954527653     
  9.539631594282262E-002  -3780.55171508841     
  0.114475583680238       -3780.90542799265     
  0.137370705874907       -3781.31390898623     
  0.164844853600234       -3781.77945181690     
  0.197813832180696       -3782.30333429669     
  0.237376608049333       -3782.88584292659     
  0.284851940978199       -3783.52624079932     
  0.341822342756638       -3784.22281621517     
  0.410186827607325       -3784.97311555471     
  0.492224212688022       -3785.77401723619     
  0.590669078696705       -3786.62191667768     
  0.708802922601343       -3787.51293465531     
  0.850563540919969       -3788.44301289025     
   1.02067628966199       -3789.40812852399     
   1.22481159626403       -3790.40434932799     
   1.46977397392040       -3791.42797203362     
   1.76372883878877       -3792.47549789716     
   2.11647469064767       -3793.54379288861     
   2.53976972969858       -3794.62998898256     
   3.04772379674395       -3795.73154687258     
   3.65726870141954       -3796.84622764537     
   4.38872261609561       -3797.97207224229     
   5.26646734858533       -3799.10738717161     
   6.31976106942713       -3800.25071703327     
   7.58371358466224       -3801.40080228516     
   9.10045666321433       -3802.55658197011     
