  1.000000047497451E-003  -3698.12027159513     
  1.200000104680660E-003  -3698.12357301167     
  1.440000182837256E-003  -3698.12750305667     
  1.728000288069266E-003  -3698.13224752881     
  2.073600428080594E-003  -3698.13792494154     
  2.488320612573686E-003  -3698.14473849544     
  2.985984853740796E-003  -3698.15293089589     
  3.583181966871809E-003  -3698.16275176238     
  4.299818531105602E-003  -3698.17452961560     
  5.159782442358047E-003  -3698.18866484960     
  6.191739176867256E-003  -3698.20564529898     
  7.430087307485838E-003  -3698.22598916069     
  8.916105123277177E-003  -3698.25042498648     
  1.069932657308563E-002  -3698.27971836526     
  1.283919239788641E-002  -3698.31487217132     
  1.540703148968409E-002  -3698.35703090060     
  1.848843852228542E-002  -3698.40759110327     
  2.218612710833995E-002  -3698.46821068651     
  2.662335358792493E-002  -3698.54083804669     
  3.194802557501034E-002  -3698.62783329788     
  3.833763221341298E-002  -3698.73194514005     
  4.600516048417633E-002  -3698.85642756254     
  5.520619477470860E-002  -3699.00505499115     
  6.624743636208683E-002  -3699.18217460349     
  7.949692679342812E-002  -3699.39281255478     
  9.539631594282262E-002  -3699.64259343895     
  0.114475583680238       -3699.93777193002     
  0.137370705874907       -3700.28510645037     
  0.164844853600234       -3700.69177940829     
  0.197813832180696       -3701.16516042588     
  0.237376608049333       -3701.71252511732     
  0.284851940978199       -3702.34078370570     
  0.341822342756638       -3703.05609985846     
  0.410186827607325       -3703.86353858618     
  0.492224212688022       -3704.76684699213     
  0.590669078696705       -3705.76810723831     
  0.708802922601343       -3706.86775443963     
  0.850563540919969       -3708.06450520959     
   1.02067628966199       -3709.35546603670     
   1.22481159626403       -3710.73635171735     
   1.46977397392040       -3712.20179412893     
   1.76372883878877       -3713.74559731896     
   2.11647469064767       -3715.36107391071     
   2.53976972969858       -3717.04131107781     
   3.04772379674395       -3718.77946824947     
   3.65726870141954       -3720.56886832611     
   4.38872261609561       -3722.40326494557     
   5.26646734858533       -3724.27686678618     
   6.31976106942713       -3726.18438530220     
   7.58371358466224       -3728.12108789060     
   9.10045666321433       -3730.08279172426     
