  1.000000047497451E-003  -3688.35535600684     
  1.200000104680660E-003  -3688.35357003069     
  1.440000182837256E-003  -3688.35150400200     
  1.728000288069266E-003  -3688.34911565487     
  2.073600428080594E-003  -3688.34637398398     
  2.488320612573686E-003  -3688.34326575055     
  2.985984853740796E-003  -3688.33979711426     
  3.583181966871809E-003  -3688.33597424865     
  4.299818531105602E-003  -3688.33191025934     
  5.159782442358047E-003  -3688.32772360193     
  6.191739176867256E-003  -3688.32366135169     
  7.430087307485838E-003  -3688.32008235501     
  8.916105123277177E-003  -3688.31755345920     
  1.069932657308563E-002  -3688.31684071681     
  1.283919239788641E-002  -3688.31910931567     
  1.540703148968409E-002  -3688.32582664240     
  1.848843852228542E-002  -3688.33896236587     
  2.218612710833995E-002  -3688.36105231003     
  2.662335358792493E-002  -3688.39523551558     
  3.194802557501034E-002  -3688.44527258498     
  3.833763221341298E-002  -3688.51560792208     
  4.600516048417633E-002  -3688.61120394260     
  5.520619477470860E-002  -3688.73743995150     
  6.624743636208683E-002  -3688.89999248549     
  7.949692679342812E-002  -3689.10448141086     
  9.539631594282262E-002  -3689.35628816212     
  0.114475583680238       -3689.66021563682     
  0.137370705874907       -3690.02029830585     
  0.164844853600234       -3690.43954335207     
  0.197813832180696       -3690.91980865236     
  0.237376608049333       -3691.46180703632     
  0.284851940978199       -3692.06507070156     
  0.341822342756638       -3692.72801038473     
  0.410186827607325       -3693.44816846942     
  0.492224212688022       -3694.22231823134     
  0.590669078696705       -3695.04667517804     
  0.708802922601343       -3695.91713003558     
  0.850563540919969       -3696.82936554885     
   1.02067628966199       -3697.77908806214     
   1.22481159626403       -3698.76209571357     
   1.46977397392040       -3699.77442602016     
   1.76372883878877       -3700.81233755041     
   2.11647469064767       -3701.87247370452     
   2.53976972969858       -3702.95176567872     
   3.04772379674395       -3704.04749545898     
   3.65726870141954       -3705.15726681397     
   4.38872261609561       -3706.27898345836     
   5.26646734858533       -3707.41083311182     
   6.31976106942713       -3708.55125820673     
   7.58371358466224       -3709.69891180809     
   9.10045666321433       -3710.85265855430     
