  1.283919239788641E-002  -3780.40767169819     
  1.540703148968409E-002  -3780.20789960637     
  1.848843852228542E-002  -3779.99949920322     
  2.218612710833995E-002  -3779.78768214910     
  2.662335358792493E-002  -3779.57936918422     
  3.194802557501034E-002  -3779.38289282590     
  3.833763221341298E-002  -3779.20784458184     
  4.600516048417633E-002  -3779.06467430871     
  5.520619477470860E-002  -3778.96424528875     
  6.624743636208683E-002  -3778.91710292791     
  7.949692679342812E-002  -3778.93295427207     
  9.539631594282262E-002  -3779.02005941087     
  0.114475583680238       -3779.18485893654     
  0.137370705874907       -3779.43163434210     
  0.164844853600234       -3779.76246699626     
  0.197813832180696       -3780.17729255099     
  0.237376608049333       -3780.67413686194     
  0.284851940978199       -3781.24945077656     
  0.341822342756638       -3781.89847400514     
  0.410186827607325       -3782.61560830667     
  0.492224212688022       -3783.39478278172     
  0.590669078696705       -3784.22974428751     
  0.708802922601343       -3785.11431624580     
  0.850563540919969       -3786.04262029899     
   1.02067628966199       -3787.00907331729     
   1.22481159626403       -3788.00864456366     
   1.46977397392040       -3789.03675633411     
   1.76372883878877       -3790.08933437742     
   2.11647469064767       -3791.16278586844     
   2.53976972969858       -3792.25399461948     
   3.04772379674395       -3793.36024474712     
   3.65726870141954       -3794.47921420154     
   4.38872261609561       -3795.60890299437     
   5.26646734858533       -3796.74762147197     
   6.31976106942713       -3797.89392922733     
   7.58371358466224       -3799.04659358675     
   9.10045666321433       -3800.20458619856     
