  1.000000047497451E-003  -3688.36866974410     
  1.200000104680660E-003  -3688.36945650011     
  1.440000182837256E-003  -3688.37039745294     
  1.728000288069266E-003  -3688.37155039897     
  2.073600428080594E-003  -3688.37293164874     
  2.488320612573686E-003  -3688.37461699655     
  2.985984853740796E-003  -3688.37665422850     
  3.583181966871809E-003  -3688.37913282144     
  4.299818531105602E-003  -3688.38214093801     
  5.159782442358047E-003  -3688.38581149509     
  6.191739176867256E-003  -3688.39030920627     
  7.430087307485838E-003  -3688.39581905373     
  8.916105123277177E-003  -3688.40263313126     
  1.069932657308563E-002  -3688.41102686598     
  1.283919239788641E-002  -3688.42144384055     
  1.540703148968409E-002  -3688.43440507822     
  1.848843852228542E-002  -3688.45060017873     
  2.218612710833995E-002  -3688.47093451675     
  2.662335358792493E-002  -3688.49649510994     
  3.194802557501034E-002  -3688.52873468030     
  3.833763221341298E-002  -3688.56950230691     
  4.600516048417633E-002  -3688.62105496353     
  5.520619477470860E-002  -3688.68627328100     
  6.624743636208683E-002  -3688.76862213006     
  7.949692679342812E-002  -3688.87231632428     
  9.539631594282262E-002  -3689.00227832141     
  0.114475583680238       -3689.16418949384     
  0.137370705874907       -3689.36442544850     
  0.164844853600234       -3689.60990648479     
  0.197813832180696       -3689.90779570756     
  0.237376608049333       -3690.26541039105     
  0.284851940978199       -3690.68970879406     
  0.341822342756638       -3691.18700078905     
  0.410186827607325       -3691.76262459183     
  0.492224212688022       -3692.42064435920     
  0.590669078696705       -3693.16365276212     
  0.708802922601343       -3693.99265096450     
  0.850563540919969       -3694.90705505789     
   1.02067628966199       -3695.90485614756     
   1.22481159626403       -3696.98268076190     
   1.46977397392040       -3698.13613862408     
   1.76372883878877       -3699.36005637057     
   2.11647469064767       -3700.64869991284     
   2.53976972969858       -3701.99611638876     
   3.04772379674395       -3703.39628559875     
   3.65726870141954       -3704.84332837945     
   4.38872261609561       -3706.33168078291     
   5.26646734858533       -3707.85611302201     
   6.31976106942713       -3709.41187258654     
   7.58371358466224       -3710.99465966965     
   9.10045666321433       -3712.60060759444     
