  1.000000047497451E-003  -3778.97504232037     
  1.200000104680660E-003  -3778.97342586551     
  1.440000182837256E-003  -3778.97148666308     
  1.728000288069266E-003  -3778.96918873687     
  2.073600428080594E-003  -3778.96643657375     
  2.488320612573686E-003  -3778.96317278697     
  2.985984853740796E-003  -3778.95928678628     
  3.583181966871809E-003  -3778.95468005533     
  4.299818531105602E-003  -3778.94921810068     
  5.159782442358047E-003  -3778.94277083104     
  6.191739176867256E-003  -3778.93519328529     
  7.430087307485838E-003  -3778.92630724143     
  8.916105123277177E-003  -3778.91598081256     
  1.069932657308563E-002  -3778.90399732788     
  1.283919239788641E-002  -3778.89023318639     
  1.540703148968409E-002  -3778.87456124471     
  1.848843852228542E-002  -3778.85693812481     
  2.218612710833995E-002  -3778.83745101063     
  2.662335358792493E-002  -3778.81628830089     
  3.194802557501034E-002  -3778.79393580004     
  3.833763221341298E-002  -3778.77122930952     
  4.600516048417633E-002  -3778.74940045016     
  5.520619477470860E-002  -3778.73034123988     
  6.624743636208683E-002  -3778.71662919617     
  7.949692679342812E-002  -3778.71177255897     
  9.539631594282262E-002  -3778.72025897377     
  0.114475583680238       -3778.74770204623     
  0.137370705874907       -3778.80086524842     
  0.164844853600234       -3778.88758020496     
  0.197813832180696       -3779.01647682059     
  0.237376608049333       -3779.19687802816     
  0.284851940978199       -3779.43821448454     
  0.341822342756638       -3779.74960965302     
  0.410186827607325       -3780.13938961154     
  0.492224212688022       -3780.61459270396     
  0.590669078696705       -3781.18058765025     
  0.708802922601343       -3781.84079587175     
  0.850563540919969       -3782.59658441196     
   1.02067628966199       -3783.44736512511     
   1.22481159626403       -3784.39064610140     
   1.46977397392040       -3785.42241431266     
   1.76372883878877       -3786.53743566939     
   2.11647469064767       -3787.72956158978     
   2.53976972969858       -3788.99216070961     
   3.04772379674395       -3790.31835607003     
   3.65726870141954       -3791.70130894641     
   4.38872261609561       -3793.13445494959     
   5.26646734858533       -3794.61157055096     
   6.31976106942713       -3796.12695029343     
   7.58371358466224       -3797.67540464342     
   9.10045666321433       -3799.25225338610     
