  8.916105123277177E-003  -3698.05023936763     
  1.069932657308563E-002  -3698.05156045273     
  1.283919239788641E-002  -3698.05387450905     
  1.540703148968409E-002  -3698.05762285275     
  1.848843852228542E-002  -3698.06345996665     
  2.218612710833995E-002  -3698.07229125796     
  2.662335358792493E-002  -3698.08531527190     
  3.194802557501034E-002  -3698.10412543948     
  3.833763221341298E-002  -3698.13086082756     
  4.600516048417633E-002  -3698.16818911196     
  5.520619477470860E-002  -3698.21954216516     
  6.624743636208683E-002  -3698.28905741884     
  7.949692679342812E-002  -3698.38166555096     
  9.539631594282262E-002  -3698.50307510367     
  0.114475583680238       -3698.65966151853     
  0.137370705874907       -3698.85816432946     
  0.164844853600234       -3699.10553648406     
  0.197813832180696       -3699.40846216135     
  0.237376608049333       -3699.77308634238     
  0.284851940978199       -3700.20449210843     
  0.341822342756638       -3700.70648895636     
  0.410186827607325       -3701.28136020637     
  0.492224212688022       -3701.92975883445     
  0.590669078696705       -3702.65079537617     
  0.708802922601343       -3703.44213122326     
  0.850563540919969       -3704.30027127723     
   1.02067628966199       -3705.22082373671     
   1.22481159626403       -3706.19881839784     
   1.46977397392040       -3707.22891498433     
   1.76372883878877       -3708.30574716335     
   2.11647469064767       -3709.42402559400     
   2.53976972969858       -3710.57875729933     
   3.04772379674395       -3711.76525328101     
   3.65726870141954       -3712.97925984424     
   4.38872261609561       -3714.21694289046     
   5.26646734858533       -3715.47489476934     
   6.31976106942713       -3716.75014871634     
   7.58371358466224       -3718.04008246376     
   9.10045666321433       -3719.34245581473     
