  1.000000047497451E-003  -3688.37960826205     
  1.200000104680660E-003  -3688.38269150881     
  1.440000182837256E-003  -3688.38637763101     
  1.728000288069266E-003  -3688.39081274520     
  2.073600428080594E-003  -3688.39612978565     
  2.488320612573686E-003  -3688.40252144213     
  2.985984853740796E-003  -3688.41019606766     
  3.583181966871809E-003  -3688.41940579884     
  4.299818531105602E-003  -3688.43045576799     
  5.159782442358047E-003  -3688.44373158734     
  6.191739176867256E-003  -3688.45966360395     
  7.430087307485838E-003  -3688.47880351920     
  8.916105123277177E-003  -3688.50178854024     
  1.069932657308563E-002  -3688.52940279449     
  1.283919239788641E-002  -3688.56257689071     
  1.540703148968409E-002  -3688.60241761940     
  1.848843852228542E-002  -3688.65029434499     
  2.218612710833995E-002  -3688.70782453180     
  2.662335358792493E-002  -3688.77694366878     
  3.194802557501034E-002  -3688.85995726847     
  3.833763221341298E-002  -3688.95963262912     
  4.600516048417633E-002  -3689.07923447341     
  5.520619477470860E-002  -3689.22263261600     
  6.624743636208683E-002  -3689.39431001714     
  7.949692679342812E-002  -3689.59948360358     
  9.539631594282262E-002  -3689.84408407010     
  0.114475583680238       -3690.13474853310     
  0.137370705874907       -3690.47877666972     
  0.164844853600234       -3690.88401848567     
  0.197813832180696       -3691.35859612635     
  0.237376608049333       -3691.91073824017     
  0.284851940978199       -3692.54832499955     
  0.341822342756638       -3693.27858643349     
  0.410186827607325       -3694.10765891439     
  0.492224212688022       -3695.04028180261     
  0.590669078696705       -3696.07947012841     
  0.708802922601343       -3697.22642764734     
  0.850563540919969       -3698.48042698114     
   1.02067628966199       -3699.83893479752     
   1.22481159626403       -3701.29780209854     
   1.46977397392040       -3702.85155134975     
   1.76372883878877       -3704.49371036692     
   2.11647469064767       -3706.21709024324     
   2.53976972969858       -3708.01424112324     
   3.04772379674395       -3709.87756837951     
   3.65726870141954       -3711.79968912114     
   4.38872261609561       -3713.77360345665     
   5.26646734858533       -3715.79275742017     
   6.31976106942713       -3717.85115525397     
   7.58371358466224       -3719.94340109624     
   9.10045666321433       -3722.06468943171     
