  1.000000047497451E-003  -3688.36605769064     
  1.200000104680660E-003  -3688.36632613683     
  1.440000182837256E-003  -3688.36665179467     
  1.728000288069266E-003  -3688.36707345038     
  2.073600428080594E-003  -3688.36760496076     
  2.488320612573686E-003  -3688.36827340487     
  2.985984853740796E-003  -3688.36913030254     
  3.583181966871809E-003  -3688.37021789972     
  4.299818531105602E-003  -3688.37165148456     
  5.159782442358047E-003  -3688.37351066073     
  6.191739176867256E-003  -3688.37595521231     
  7.430087307485838E-003  -3688.37918575230     
  8.916105123277177E-003  -3688.38346351819     
  1.069932657308563E-002  -3688.38917541085     
  1.283919239788641E-002  -3688.39681233249     
  1.540703148968409E-002  -3688.40705048588     
  1.848843852228542E-002  -3688.42079255435     
  2.218612710833995E-002  -3688.43919804302     
  2.662335358792493E-002  -3688.46384561063     
  3.194802557501034E-002  -3688.49673393575     
  3.833763221341298E-002  -3688.54037279636     
  4.600516048417633E-002  -3688.59793852183     
  5.520619477470860E-002  -3688.67325913782     
  6.624743636208683E-002  -3688.77090019141     
  7.949692679342812E-002  -3688.89612806509     
  9.539631594282262E-002  -3689.05482308466     
  0.114475583680238       -3689.25333697340     
  0.137370705874907       -3689.49819198196     
  0.164844853600234       -3689.79587201431     
  0.197813832180696       -3690.15234163211     
  0.237376608049333       -3690.57282810686     
  0.284851940978199       -3691.06136325685     
  0.341822342756638       -3691.62064752966     
  0.410186827607325       -3692.25186403742     
  0.492224212688022       -3692.95470974898     
  0.590669078696705       -3693.72741227491     
  0.708802922601343       -3694.56705485163     
  0.850563540919969       -3695.46967917340     
   1.02067628966199       -3696.43066782788     
   1.22481159626403       -3697.44496103047     
   1.46977397392040       -3698.50733436848     
   1.76372883878877       -3699.61258304140     
   2.11647469064767       -3700.75569779882     
   2.53976972969858       -3701.93195761343     
   3.04772379674395       -3703.13700769800     
   3.65726870141954       -3704.36691842453     
   4.38872261609561       -3705.61818158141     
   5.26646734858533       -3706.88770189902     
   6.31976106942713       -3708.17272709723     
   7.58371358466224       -3709.47094427980     
   9.10045666321433       -3710.78028887319     
