  1.000000047497451E-003  -3688.38110666186     
  1.200000104680660E-003  -3688.38441709380     
  1.440000182837256E-003  -3688.38841881741     
  1.728000288069266E-003  -3688.39323389760     
  2.073600428080594E-003  -3688.39905114444     
  2.488320612573686E-003  -3688.40610134133     
  2.985984853740796E-003  -3688.41461118696     
  3.583181966871809E-003  -3688.42495154913     
  4.299818531105602E-003  -3688.43747775199     
  5.159782442358047E-003  -3688.45272339419     
  6.191739176867256E-003  -3688.47127390914     
  7.430087307485838E-003  -3688.49388715313     
  8.916105123277177E-003  -3688.52151641043     
  1.069932657308563E-002  -3688.55529045916     
  1.283919239788641E-002  -3688.59662249305     
  1.540703148968409E-002  -3688.64720374920     
  1.848843852228542E-002  -3688.70910753994     
  2.218612710833995E-002  -3688.78475862244     
  2.662335358792493E-002  -3688.87701646493     
  3.194802557501034E-002  -3688.98914379897     
  3.833763221341298E-002  -3689.12479363481     
  4.600516048417633E-002  -3689.28791431002     
  5.520619477470860E-002  -3689.48266983978     
  6.624743636208683E-002  -3689.71322234383     
  7.949692679342812E-002  -3689.98358897651     
  9.539631594282262E-002  -3690.29736472797     
  0.114475583680238       -3690.65752696978     
  0.137370705874907       -3691.06627625489     
  0.164844853600234       -3691.52488255755     
  0.197813832180696       -3692.03358639109     
  0.237376608049333       -3692.59172504553     
  0.284851940978199       -3693.19768108803     
  0.341822342756638       -3693.84914261660     
  0.410186827607325       -3694.54315687902     
  0.492224212688022       -3695.27643121626     
  0.590669078696705       -3696.04541546054     
  0.708802922601343       -3696.84648021369     
  0.850563540919969       -3697.67610242820     
   1.02067628966199       -3698.53086358756     
   1.22481159626403       -3699.40759732376     
   1.46977397392040       -3700.30339356886     
   1.76372883878877       -3701.21561542550     
   2.11647469064767       -3702.14192828287     
   2.53976972969858       -3703.08028704081     
   3.04772379674395       -3704.02885105431     
   3.65726870141954       -3704.98612659716     
   4.38872261609561       -3705.95071840381     
   5.26646734858533       -3706.92150918304     
   6.31976106942713       -3707.89748782069     
   7.58371358466224       -3708.87786199666     
   9.10045666321433       -3709.86190437718     
