  1.728000288069266E-003  -3778.99996019469     
  2.073600428080594E-003  -3778.99880915616     
  2.488320612573686E-003  -3778.99746235981     
  2.985984853740796E-003  -3778.99589017792     
  3.583181966871809E-003  -3778.99406171473     
  4.299818531105602E-003  -3778.99197674885     
  5.159782442358047E-003  -3778.98960304440     
  6.191739176867256E-003  -3778.98693971963     
  7.430087307485838E-003  -3778.98400949870     
  8.916105123277177E-003  -3778.98087637725     
  1.069932657308563E-002  -3778.97765136670     
  1.283919239788641E-002  -3778.97452557473     
  1.540703148968409E-002  -3778.97182266306     
  1.848843852228542E-002  -3778.97002183894     
  2.218612710833995E-002  -3778.96982666370     
  2.662335358792493E-002  -3778.97229772079     
  3.194802557501034E-002  -3778.97887736458     
  3.833763221341298E-002  -3778.99158343198     
  4.600516048417633E-002  -3779.01314940536     
  5.520619477470860E-002  -3779.04713135144     
  6.624743636208683E-002  -3779.09813977770     
  7.949692679342812E-002  -3779.17194115212     
  9.539631594282262E-002  -3779.27553200346     
  0.114475583680238       -3779.41719154245     
  0.137370705874907       -3779.60632017940     
  0.164844853600234       -3779.85325358722     
  0.197813832180696       -3780.16884760298     
  0.237376608049333       -3780.56392699834     
  0.284851940978199       -3781.04875116388     
  0.341822342756638       -3781.63235598254     
  0.410186827607325       -3782.32196069796     
  0.492224212688022       -3783.12261369349     
  0.590669078696705       -3784.03683223679     
  0.708802922601343       -3785.06469157733     
  0.850563540919969       -3786.20387442115     
   1.02067628966199       -3787.44995325170     
   1.22481159626403       -3788.79693431840     
   1.46977397392040       -3790.23758254543     
   1.76372883878877       -3791.76393176695     
   2.11647469064767       -3793.36767167287     
   2.53976972969858       -3795.04050636209     
   3.04772379674395       -3796.77440292518     
   3.65726870141954       -3798.56181669199     
   4.38872261609561       -3800.39573274448     
   5.26646734858533       -3802.26985204695     
   6.31976106942713       -3804.17848277068     
   7.58371358466224       -3806.11661620018     
   9.10045666321433       -3808.07988747211     
