  1.000000047497451E-003  -3688.27804606895     
  1.200000104680660E-003  -3688.26143373767     
  1.440000182837256E-003  -3688.24183687399     
  1.728000288069266E-003  -3688.21885529341     
  2.073600428080594E-003  -3688.19195453393     
  2.488320612573686E-003  -3688.16066459644     
  2.985984853740796E-003  -3688.12448337073     
  3.583181966871809E-003  -3688.08291841658     
  4.299818531105602E-003  -3688.03561900137     
  5.159782442358047E-003  -3687.98231180718     
  6.191739176867256E-003  -3687.92297207667     
  7.430087307485838E-003  -3687.85787402731     
  8.916105123277177E-003  -3687.78769994201     
  1.069932657308563E-002  -3687.71367886746     
  1.283919239788641E-002  -3687.63763531875     
  1.540703148968409E-002  -3687.56211176257     
  1.848843852228542E-002  -3687.49039306317     
  2.218612710833995E-002  -3687.42648444663     
  2.662335358792493E-002  -3687.37502696497     
  3.194802557501034E-002  -3687.34112044540     
  3.833763221341298E-002  -3687.33010656071     
  4.600516048417633E-002  -3687.34733042607     
  5.520619477470860E-002  -3687.39779364208     
  6.624743636208683E-002  -3687.48600237788     
  7.949692679342812E-002  -3687.61567544789     
  9.539631594282262E-002  -3687.78971162897     
  0.114475583680238       -3688.01003344026     
  0.137370705874907       -3688.27765032174     
  0.164844853600234       -3688.59271183581     
  0.197813832180696       -3688.95458068056     
  0.237376608049333       -3689.36194341649     
  0.284851940978199       -3689.81290195240     
  0.341822342756638       -3690.30508954218     
  0.410186827607325       -3690.83583374741     
  0.492224212688022       -3691.40218944887     
  0.590669078696705       -3692.00108021331     
  0.708802922601343       -3692.62940381390     
  0.850563540919969       -3693.28408199122     
   1.02067628966199       -3693.96214199566     
   1.22481159626403       -3694.66080920210     
   1.46977397392040       -3695.37745418904     
   1.76372883878877       -3696.10973991700     
   2.11647469064767       -3696.85549399522     
   2.53976972969858       -3697.61281874043     
   3.04772379674395       -3698.38005705949     
   3.65726870141954       -3699.15570625482     
   4.38872261609561       -3699.93851671783     
   5.26646734858533       -3700.72736568784     
   6.31976106942713       -3701.52133906508     
   7.58371358466224       -3702.31959619967     
   9.10045666321433       -3703.12147356316     
