  1.440000182837256E-003  -3779.00354507465     
  1.728000288069266E-003  -3779.00244753414     
  2.073600428080594E-003  -3779.00114040918     
  2.488320612573686E-003  -3778.99957139821     
  2.985984853740796E-003  -3778.99774845006     
  3.583181966871809E-003  -3778.99556869977     
  4.299818531105602E-003  -3778.99300840529     
  5.159782442358047E-003  -3778.99000097048     
  6.191739176867256E-003  -3778.98648894145     
  7.430087307485838E-003  -3778.98241741150     
  8.916105123277177E-003  -3778.97773641755     
  1.069932657308563E-002  -3778.97239868837     
  1.283919239788641E-002  -3778.96638341951     
  1.540703148968409E-002  -3778.95972251546     
  1.848843852228542E-002  -3778.95253131586     
  2.218612710833995E-002  -3778.94499385873     
  2.662335358792493E-002  -3778.93745650622     
  3.194802557501034E-002  -3778.93051218567     
  3.833763221341298E-002  -3778.92503436941     
  4.600516048417633E-002  -3778.92232033090     
  5.520619477470860E-002  -3778.92420587670     
  6.624743636208683E-002  -3778.93325901864     
  7.949692679342812E-002  -3778.95290875142     
  9.539631594282262E-002  -3778.98765723290     
  0.114475583680238       -3779.04321290687     
  0.137370705874907       -3779.12668663792     
  0.164844853600234       -3779.24652944798     
  0.197813832180696       -3779.41258168256     
  0.237376608049333       -3779.63575588360     
  0.284851940978199       -3779.92778324638     
  0.341822342756638       -3780.30057023469     
  0.410186827607325       -3780.76573060863     
  0.492224212688022       -3781.33378470580     
  0.590669078696705       -3782.01359825802     
  0.708802922601343       -3782.81183641744     
  0.850563540919969       -3783.73259870005     
   1.02067628966199       -3784.77730293736     
   1.22481159626403       -3785.94471333038     
   1.46977397392040       -3787.23120689633     
   1.76372883878877       -3788.63117171704     
   2.11647469064767       -3790.13744691095     
   2.53976972969858       -3791.74182601270     
   3.04772379674395       -3793.43550212605     
   3.65726870141954       -3795.20947420248     
   4.38872261609561       -3797.05486469903     
   5.26646734858533       -3798.96318377419     
   6.31976106942713       -3800.92650146096     
   7.58371358466224       -3802.93754159747     
   9.10045666321433       -3804.98972004290     
