  1.000000047497451E-003  -3698.10283297648     
  1.200000104680660E-003  -3698.10258313433     
  1.440000182837256E-003  -3698.10229915221     
  1.728000288069266E-003  -3698.10200977054     
  2.073600428080594E-003  -3698.10173290508     
  2.488320612573686E-003  -3698.10148610079     
  2.985984853740796E-003  -3698.10133488944     
  3.583181966871809E-003  -3698.10132740566     
  4.299818531105602E-003  -3698.10155347210     
  5.159782442358047E-003  -3698.10221959728     
  6.191739176867256E-003  -3698.10348874529     
  7.430087307485838E-003  -3698.10572931676     
  8.916105123277177E-003  -3698.10937166933     
  1.069932657308563E-002  -3698.11504786829     
  1.283919239788641E-002  -3698.12364987411     
  1.540703148968409E-002  -3698.13631532469     
  1.848843852228542E-002  -3698.15464330842     
  2.218612710833995E-002  -3698.18068057551     
  2.662335358792493E-002  -3698.21709870776     
  3.194802557501034E-002  -3698.26717834810     
  3.833763221341298E-002  -3698.33506337525     
  4.600516048417633E-002  -3698.42561402109     
  5.520619477470860E-002  -3698.54451959870     
  6.624743636208683E-002  -3698.69821543813     
  7.949692679342812E-002  -3698.89364167901     
  9.539631594282262E-002  -3699.13807281479     
  0.114475583680238       -3699.43879830922     
  0.137370705874907       -3699.80271785075     
  0.164844853600234       -3700.23596414328     
  0.197813832180696       -3700.74364247729     
  0.237376608049333       -3701.32939259984     
  0.284851940978199       -3701.99541759653     
  0.341822342756638       -3702.74218837343     
  0.410186827607325       -3703.56865175208     
  0.492224212688022       -3704.47232901645     
  0.590669078696705       -3705.44950315085     
  0.708802922601343       -3706.49556435089     
  0.850563540919969       -3707.60521653658     
   1.02067628966199       -3708.77280843058     
   1.22481159626403       -3709.99255071488     
   1.46977397392040       -3711.25875162033     
   1.76372883878877       -3712.56592141368     
   2.11647469064767       -3713.90895007174     
   2.53976972969858       -3715.28311614884     
   3.04772379674395       -3716.68417062217     
   3.65726870141954       -3718.10830729323     
   4.38872261609561       -3719.55216172875     
   5.26646734858533       -3721.01281562726     
   6.31976106942713       -3722.48770057946     
   7.58371358466224       -3723.97464224552     
   9.10045666321433       -3725.47173464847     
