  3.583181966871809E-003  -3698.29407606056     
  4.299818531105602E-003  -3698.27445206553     
  5.159782442358047E-003  -3698.25128311086     
  6.191739176867256E-003  -3698.22401301347     
  7.430087307485838E-003  -3698.19205458090     
  8.916105123277177E-003  -3698.15475044438     
  1.069932657308563E-002  -3698.11147208293     
  1.283919239788641E-002  -3698.06161503066     
  1.540703148968409E-002  -3698.00465538287     
  1.848843852228542E-002  -3697.94022652317     
  2.218612710833995E-002  -3697.86828021349     
  2.662335358792493E-002  -3697.78917860061     
  3.194802557501034E-002  -3697.70392099498     
  3.833763221341298E-002  -3697.61428079342     
  4.600516048417633E-002  -3697.52313728417     
  5.520619477470860E-002  -3697.43461986815     
  6.624743636208683E-002  -3697.35436219463     
  7.949692679342812E-002  -3697.28962757192     
  9.539631594282262E-002  -3697.24924564562     
  0.114475583680238       -3697.24360246622     
  0.137370705874907       -3697.28415760349     
  0.164844853600234       -3697.38305669702     
  0.197813832180696       -3697.55238037195     
  0.237376608049333       -3697.80345007158     
  0.284851940978199       -3698.14613262445     
  0.341822342756638       -3698.58813850598     
  0.410186827607325       -3699.13471153593     
  0.492224212688022       -3699.78832862744     
  0.590669078696705       -3700.54884001303     
  0.708802922601343       -3701.41363450237     
  0.850563540919969       -3702.37811254240     
   1.02067628966199       -3703.43609786481     
   1.22481159626403       -3704.58036138011     
   1.46977397392040       -3705.80311464271     
   1.76372883878877       -3707.09631059851     
   2.11647469064767       -3708.45206297889     
   2.53976972969858       -3709.86284844823     
   3.04772379674395       -3711.32160218246     
   3.65726870141954       -3712.82192066592     
   4.38872261609561       -3714.35801184700     
   5.26646734858533       -3715.92473002047     
   6.31976106942713       -3717.51756543258     
   7.58371358466224       -3719.13259624325     
   9.10045666321433       -3720.76640821411     
