  1.000000047497451E-003  -3778.96623323922     
  1.200000104680660E-003  -3778.96297920788     
  1.440000182837256E-003  -3778.95914340676     
  1.728000288069266E-003  -3778.95461033406     
  2.073600428080594E-003  -3778.94929088057     
  2.488320612573686E-003  -3778.94309240153     
  2.985984853740796E-003  -3778.93586759222     
  3.583181966871809E-003  -3778.92755817002     
  4.299818531105602E-003  -3778.91803167376     
  5.159782442358047E-003  -3778.90727369570     
  6.191739176867256E-003  -3778.89526284053     
  7.430087307485838E-003  -3778.88209706179     
  8.916105123277177E-003  -3778.86802838171     
  1.069932657308563E-002  -3778.85346240502     
  1.283919239788641E-002  -3778.83909612283     
  1.540703148968409E-002  -3778.82595113353     
  1.848843852228542E-002  -3778.81552831471     
  2.218612710833995E-002  -3778.80983763700     
  2.662335358792493E-002  -3778.81154820873     
  3.194802557501034E-002  -3778.82402379616     
  3.833763221341298E-002  -3778.85136822020     
  4.600516048417633E-002  -3778.89836961970     
  5.520619477470860E-002  -3778.97043022429     
  6.624743636208683E-002  -3779.07332025834     
  7.949692679342812E-002  -3779.21296540512     
  9.539631594282262E-002  -3779.39506328843     
  0.114475583680238       -3779.62475628609     
  0.137370705874907       -3779.90633213511     
  0.164844853600234       -3780.24294037945     
  0.197813832180696       -3780.63639064547     
  0.237376608049333       -3781.08721374595     
  0.284851940978199       -3781.59458607746     
  0.341822342756638       -3782.15660314286     
  0.410186827607325       -3782.77037522911     
  0.492224212688022       -3783.43238841662     
  0.590669078696705       -3784.13865454308     
  0.708802922601343       -3784.88495599388     
  0.850563540919969       -3785.66709087943     
   1.02067628966199       -3786.48092069910     
   1.22481159626403       -3787.32255630765     
   1.46977397392040       -3788.18838977063     
   1.76372883878877       -3789.07512965933     
   2.11647469064767       -3789.97984105064     
   2.53976972969858       -3790.89993786328     
   3.04772379674395       -3791.83309874086     
   3.65726870141954       -3792.77740761643     
   4.38872261609561       -3793.73110156987     
   5.26646734858533       -3794.69274566032     
   6.31976106942713       -3795.66105601558     
   7.58371358466224       -3796.63500728823     
   9.10045666321433       -3797.61367388722     
