  1.000000047497451E-003  -3698.02299872184     
  1.200000104680660E-003  -3698.00741343891     
  1.440000182837256E-003  -3697.98902447199     
  1.728000288069266E-003  -3697.96745828770     
  2.073600428080594E-003  -3697.94220905583     
  2.488320612573686E-003  -3697.91283682738     
  2.985984853740796E-003  -3697.87887015217     
  3.583181966871809E-003  -3697.83984683279     
  4.299818531105602E-003  -3697.79544482411     
  5.159782442358047E-003  -3697.74541692151     
  6.191739176867256E-003  -3697.68976140205     
  7.430087307485838E-003  -3697.62877302930     
  8.916105123277177E-003  -3697.56315457521     
  1.069932657308563E-002  -3697.49416059110     
  1.283919239788641E-002  -3697.42365446359     
  1.540703148968409E-002  -3697.35424266453     
  1.848843852228542E-002  -3697.28931361669     
  2.218612710833995E-002  -3697.23303073544     
  2.662335358792493E-002  -3697.19026031526     
  3.194802557501034E-002  -3697.16639996145     
  3.833763221341298E-002  -3697.16715579525     
  4.600516048417633E-002  -3697.19828354391     
  5.520619477470860E-002  -3697.26520556509     
  6.624743636208683E-002  -3697.37280990069     
  7.949692679342812E-002  -3697.52510238489     
  9.539631594282262E-002  -3697.72511993224     
  0.114475583680238       -3697.97473224254     
  0.137370705874907       -3698.27468375866     
  0.164844853600234       -3698.62465201463     
  0.197813832180696       -3699.02335268150     
  0.237376608049333       -3699.46870437316     
  0.284851940978199       -3699.95798717085     
  0.341822342756638       -3700.48802755993     
  0.410186827607325       -3701.05542189588     
  0.492224212688022       -3701.65661407603     
  0.590669078696705       -3702.28806235623     
  0.708802922601343       -3702.94635164828     
  0.850563540919969       -3703.62823477557     
   1.02067628966199       -3704.33069504462     
   1.22481159626403       -3705.05101436099     
   1.46977397392040       -3705.78669445004     
   1.76372883878877       -3706.53557979995     
   2.11647469064767       -3707.29570908252     
   2.53976972969858       -3708.06540850582     
   3.04772379674395       -3708.84324515675     
   3.65726870141954       -3709.62793201846     
   4.38872261609561       -3710.41842100344     
   5.26646734858533       -3711.21377350408     
   6.31976106942713       -3712.01324081687     
   7.58371358466224       -3712.81612882205     
   9.10045666321433       -3713.62190239162     
