  1.728000288069266E-003  -3688.28699006300     
  2.073600428080594E-003  -3688.29128950245     
  2.488320612573686E-003  -3688.29646340230     
  2.985984853740796E-003  -3688.30268758224     
  3.583181966871809E-003  -3688.31017400808     
  4.299818531105602E-003  -3688.31920867566     
  5.159782442358047E-003  -3688.33009542636     
  6.191739176867256E-003  -3688.34322625678     
  7.430087307485838E-003  -3688.35908071538     
  8.916105123277177E-003  -3688.37825053558     
  1.069932657308563E-002  -3688.40145159058     
  1.283919239788641E-002  -3688.42956159195     
  1.540703148968409E-002  -3688.46367442679     
  1.848843852228542E-002  -3688.50512078839     
  2.218612710833995E-002  -3688.55552851849     
  2.662335358792493E-002  -3688.61693852851     
  3.194802557501034E-002  -3688.69180219709     
  3.833763221341298E-002  -3688.78313496022     
  4.600516048417633E-002  -3688.89460206850     
  5.520619477470860E-002  -3689.03055665066     
  6.624743636208683E-002  -3689.19619016906     
  7.949692679342812E-002  -3689.39754484719     
  9.539631594282262E-002  -3689.64149916677     
  0.114475583680238       -3689.93574370495     
  0.137370705874907       -3690.28856801806     
  0.164844853600234       -3690.70866134095     
  0.197813832180696       -3691.20473230795     
  0.237376608049333       -3691.78504435996     
  0.284851940978199       -3692.45701510684     
  0.341822342756638       -3693.22672548482     
  0.410186827607325       -3694.09850747132     
  0.492224212688022       -3695.07476157292     
  0.590669078696705       -3696.15573849499     
  0.708802922601343       -3697.33972581738     
  0.850563540919969       -3698.62314444121     
   1.02067628966199       -3700.00082932595     
   1.22481159626403       -3701.46653185793     
   1.46977397392040       -3703.01317526981     
   1.76372883878877       -3704.63328046016     
   2.11647469064767       -3706.31926508137     
   2.53976972969858       -3708.06371952351     
   3.04772379674395       -3709.85958379857     
   3.65726870141954       -3711.70031466367     
   4.38872261609561       -3713.57988303969     
   5.26646734858533       -3715.49292902622     
   6.31976106942713       -3717.43463320237     
   7.58371358466224       -3719.40078140060     
   9.10045666321433       -3721.38772104241     
