  8.916105123277177E-003  -3778.89832188277     
  1.069932657308563E-002  -3778.90222743724     
  1.283919239788641E-002  -3778.90758750571     
  1.540703148968409E-002  -3778.91491370435     
  1.848843852228542E-002  -3778.92493672674     
  2.218612710833995E-002  -3778.93864264978     
  2.662335358792493E-002  -3778.95731278873     
  3.194802557501034E-002  -3778.98262199401     
  3.833763221341298E-002  -3779.01678473038     
  4.600516048417633E-002  -3779.06253215019     
  5.520619477470860E-002  -3779.12334073481     
  6.624743636208683E-002  -3779.20336610660     
  7.949692679342812E-002  -3779.30752330314     
  9.539631594282262E-002  -3779.44146513832     
  0.114475583680238       -3779.61146731635     
  0.137370705874907       -3779.82412516635     
  0.164844853600234       -3780.08620676024     
  0.197813832180696       -3780.40417896495     
  0.237376608049333       -3780.78394909435     
  0.284851940978199       -3781.23035679607     
  0.341822342756638       -3781.74697761584     
  0.410186827607325       -3782.33588434994     
  0.492224212688022       -3782.99755385372     
  0.590669078696705       -3783.73096190481     
  0.708802922601343       -3784.53367914077     
  0.850563540919969       -3785.40216241769     
   1.02067628966199       -3786.33201023149     
   1.22481159626403       -3787.31827467107     
   1.46977397392040       -3788.35566249998     
   1.76372883878877       -3789.43887192620     
   2.11647469064767       -3790.56268905183     
   2.53976972969858       -3791.72220167129     
   3.04772379674395       -3792.91280248580     
   3.65726870141954       -3794.13031718269     
   4.38872261609561       -3795.37098651340     
   5.26646734858533       -3796.63147178674     
   6.31976106942713       -3797.90886861666     
   7.58371358466224       -3799.20061033696     
   9.10045666321433       -3800.50450572221     
