  2.488320612573686E-003  -3698.05768103683     
  2.985984853740796E-003  -3698.06138026070     
  3.583181966871809E-003  -3698.06585844469     
  4.299818531105602E-003  -3698.07125485106     
  5.159782442358047E-003  -3698.07778761826     
  6.191739176867256E-003  -3698.08571386405     
  7.430087307485838E-003  -3698.09535993454     
  8.916105123277177E-003  -3698.10708663042     
  1.069932657308563E-002  -3698.12138506736     
  1.283919239788641E-002  -3698.13885442113     
  1.540703148968409E-002  -3698.16026352445     
  1.848843852228542E-002  -3698.18655036989     
  2.218612710833995E-002  -3698.21890748714     
  2.662335358792493E-002  -3698.25882084311     
  3.194802557501034E-002  -3698.30812182081     
  3.833763221341298E-002  -3698.36913577799     
  4.600516048417633E-002  -3698.44467847619     
  5.520619477470860E-002  -3698.53818227189     
  6.624743636208683E-002  -3698.65378614940     
  7.949692679342812E-002  -3698.79636734846     
  9.539631594282262E-002  -3698.97155627271     
  0.114475583680238       -3699.18570500631     
  0.137370705874907       -3699.44580838495     
  0.164844853600234       -3699.75928077316     
  0.197813832180696       -3700.13373168406     
  0.237376608049333       -3700.57660770769     
  0.284851940978199       -3701.09489799577     
  0.341822342756638       -3701.69469328490     
  0.410186827607325       -3702.38091069818     
  0.492224212688022       -3703.15708062806     
  0.590669078696705       -3704.02511687924     
  0.708802922601343       -3704.98532297860     
  0.850563540919969       -3706.03644257416     
   1.02067628966199       -3707.17580059327     
   1.22481159626403       -3708.39949149992     
   1.46977397392040       -3709.70265771606     
   1.76372883878877       -3711.07973227018     
   2.11647469064767       -3712.52468460127     
   2.53976972969858       -3714.03127622004     
   3.04772379674395       -3715.59327287326     
   3.65726870141954       -3717.20458705167     
   4.38872261609561       -3718.85941980736     
   5.26646734858533       -3720.55237186241     
   6.31976106942713       -3722.27846815312     
   7.58371358466224       -3724.03322821143     
   9.10045666321433       -3725.81263087616     
