  2.488320612573686E-003  -3778.95383973442     
  2.985984853740796E-003  -3778.95606773632     
  3.583181966871809E-003  -3778.95878915544     
  4.299818531105602E-003  -3778.96208986600     
  5.159782442358047E-003  -3778.96612550164     
  6.191739176867256E-003  -3778.97108036899     
  7.430087307485838E-003  -3778.97719651237     
  8.916105123277177E-003  -3778.98473784502     
  1.069932657308563E-002  -3778.99408512769     
  1.283919239788641E-002  -3779.00571321647     
  1.540703148968409E-002  -3779.02025277513     
  1.848843852228542E-002  -3779.03849079382     
  2.218612710833995E-002  -3779.06145822460     
  2.662335358792493E-002  -3779.09047275922     
  3.194802557501034E-002  -3779.12719667419     
  3.833763221341298E-002  -3779.17379353784     
  4.600516048417633E-002  -3779.23293518702     
  5.520619477470860E-002  -3779.30794068500     
  6.624743636208683E-002  -3779.40288073434     
  7.949692679342812E-002  -3779.52262417267     
  9.539631594282262E-002  -3779.67286657692     
  0.114475583680238       -3779.86010922211     
  0.137370705874907       -3780.09158511532     
  0.164844853600234       -3780.37503331266     
  0.197813832180696       -3780.71846350170     
  0.237376608049333       -3781.12977841481     
  0.284851940978199       -3781.61645293211     
  0.341822342756638       -3782.18506288875     
  0.410186827607325       -3782.84097978351     
  0.492224212688022       -3783.58813174287     
  0.590669078696705       -3784.42875513150     
  0.708802922601343       -3785.36339136446     
  0.850563540919969       -3786.39093667648     
   1.02067628966199       -3787.50878983418     
   1.22481159626403       -3788.71305161742     
   1.46977397392040       -3789.99881656590     
   1.76372883878877       -3791.36042900639     
   2.11647469064767       -3792.79174100020     
   2.53976972969858       -3794.28637832792     
   3.04772379674395       -3795.83796105688     
   3.65726870141954       -3797.44025268344     
   4.38872261609561       -3799.08730704863     
   5.26646734858533       -3800.77358323780     
   6.31976106942713       -3802.49397280786     
   7.58371358466224       -3804.24387191840     
   9.10045666321433       -3806.01914701934     
