  1.283919239788641E-002  -3698.12223458775     
  1.540703148968409E-002  -3698.07111154123     
  1.848843852228542E-002  -3698.02433723246     
  2.218612710833995E-002  -3697.98596570732     
  2.662335358792493E-002  -3697.96120149297     
  3.194802557501034E-002  -3697.95614055915     
  3.833763221341298E-002  -3697.97770888932     
  4.600516048417633E-002  -3698.03340030402     
  5.520619477470860E-002  -3698.13100255577     
  6.624743636208683E-002  -3698.27804906391     
  7.949692679342812E-002  -3698.48147119619     
  9.539631594282262E-002  -3698.74713264038     
  0.114475583680238       -3699.07955670601     
  0.137370705874907       -3699.48163785932     
  0.164844853600234       -3699.95460492553     
  0.197813832180696       -3700.49804025947     
  0.237376608049333       -3701.11005172041     
  0.284851940978199       -3701.78752656634     
  0.341822342756638       -3702.52640838710     
  0.410186827607325       -3703.32198612990     
  0.492224212688022       -3704.16918418135     
  0.590669078696705       -3705.06279003591     
  0.708802922601343       -3705.99766406488     
  0.850563540919969       -3706.96892539965     
   1.02067628966199       -3707.97192492519     
   1.22481159626403       -3709.00248815917     
   1.46977397392040       -3710.05680918429     
   1.76372883878877       -3711.13149993103     
   2.11647469064767       -3712.22357086162     
   2.53976972969858       -3713.33043135111     
   3.04772379674395       -3714.44981992011     
   3.65726870141954       -3715.57980495286     
   4.38872261609561       -3716.71872020065     
   5.26646734858533       -3717.86516006678     
   6.31976106942713       -3719.01792505486     
   7.58371358466224       -3720.17598620454     
   9.10045666321433       -3721.33848699866     
