  8.916105123277177E-003  -3688.22902497208     
  1.069932657308563E-002  -3688.23729077461     
  1.283919239788641E-002  -3688.24778349177     
  1.540703148968409E-002  -3688.26112992588     
  1.848843852228542E-002  -3688.27818464807     
  2.218612710833995E-002  -3688.30006352597     
  2.662335358792493E-002  -3688.32817925617     
  3.194802557501034E-002  -3688.36433352208     
  3.833763221341298E-002  -3688.41085496517     
  4.600516048417633E-002  -3688.47056624986     
  5.520619477470860E-002  -3688.54700119971     
  6.624743636208683E-002  -3688.64432644654     
  7.949692679342812E-002  -3688.76741019896     
  9.539631594282262E-002  -3688.92179147867     
  0.114475583680238       -3689.11356040648     
  0.137370705874907       -3689.34905614488     
  0.164844853600234       -3689.63472836161     
  0.197813832180696       -3689.97667879951     
  0.237376608049333       -3690.38042434916     
  0.284851940978199       -3690.85041377701     
  0.341822342756638       -3691.38985630300     
  0.410186827607325       -3692.00050482169     
  0.492224212688022       -3692.68257878226     
  0.590669078696705       -3693.43486786409     
  0.708802922601343       -3694.25482936665     
  0.850563540919969       -3695.13887472454     
   1.02067628966199       -3696.08261558011     
   1.22481159626403       -3697.08116389821     
   1.46977397392040       -3698.12932054413     
   1.76372883878877       -3699.22190027151     
   2.11647469064767       -3700.35381798417     
   2.53976972969858       -3701.52029434529     
   3.04772379674395       -3702.71685285099     
   3.65726870141954       -3703.93944363781     
   4.38872261609561       -3705.18442286107     
   5.26646734858533       -3706.44855672776     
   6.31976106942713       -3707.72903470534     
   7.58371358466224       -3709.02337304398     
   9.10045666321433       -3710.32945302869     
