  1.000000047497451E-003  -3778.99518179813     
  1.200000104680660E-003  -3778.99786009433     
  1.440000182837256E-003  -3779.00114945966     
  1.728000288069266E-003  -3779.00526047438     
  2.073600428080594E-003  -3779.01034878538     
  2.488320612573686E-003  -3779.01671408303     
  2.985984853740796E-003  -3779.02469893669     
  3.583181966871809E-003  -3779.03471920242     
  4.299818531105602E-003  -3779.04737569680     
  5.159782442358047E-003  -3779.06335831096     
  6.191739176867256E-003  -3779.08357245601     
  7.430087307485838E-003  -3779.10913074657     
  8.916105123277177E-003  -3779.14139014053     
  1.069932657308563E-002  -3779.18200886026     
  1.283919239788641E-002  -3779.23291017096     
  1.540703148968409E-002  -3779.29632693706     
  1.848843852228542E-002  -3779.37476804023     
  2.218612710833995E-002  -3779.47097193784     
  2.662335358792493E-002  -3779.58784281622     
  3.194802557501034E-002  -3779.72834492252     
  3.833763221341298E-002  -3779.89540440157     
  4.600516048417633E-002  -3780.09182373299     
  5.520619477470860E-002  -3780.32010018986     
  6.624743636208683E-002  -3780.58242689576     
  7.949692679342812E-002  -3780.88051915131     
  9.539631594282262E-002  -3781.21565143694     
  0.114475583680238       -3781.58852000093     
  0.137370705874907       -3781.99928256643     
  0.164844853600234       -3782.44756138927     
  0.197813832180696       -3782.93245658115     
  0.237376608049333       -3783.45260129764     
  0.284851940978199       -3784.00620933729     
  0.341822342756638       -3784.59116010539     
  0.410186827607325       -3785.20514023159     
  0.492224212688022       -3785.84566009424     
  0.590669078696705       -3786.51017935339     
  0.708802922601343       -3787.19619493668     
  0.850563540919969       -3787.90127119631     
   1.02067628966199       -3788.62310082013     
   1.22481159626403       -3789.35957743496     
   1.46977397392040       -3790.10872486725     
   1.76372883878877       -3790.86882979422     
   2.11647469064767       -3791.63830327618     
   2.53976972969858       -3792.41578384526     
   3.04772379674395       -3793.20009978174     
   3.65726870141954       -3793.99018207296     
   4.38872261609561       -3794.78516435488     
   5.26646734858533       -3795.58425938286     
   6.31976106942713       -3796.38684447688     
   7.58371358466224       -3797.19233042924     
   9.10045666321433       -3798.00026945577     
