  1.728000288069266E-003  -3698.05480804991     
  2.073600428080594E-003  -3698.05747917792     
  2.488320612573686E-003  -3698.06070560017     
  2.985984853740796E-003  -3698.06460210982     
  3.583181966871809E-003  -3698.06930863889     
  4.299818531105602E-003  -3698.07502644190     
  5.159782442358047E-003  -3698.08196007321     
  6.191739176867256E-003  -3698.09038576985     
  7.430087307485838E-003  -3698.10064891704     
  8.916105123277177E-003  -3698.11318687838     
  1.069932657308563E-002  -3698.12853947308     
  1.283919239788641E-002  -3698.14738579895     
  1.540703148968409E-002  -3698.17059866945     
  1.848843852228542E-002  -3698.19926679745     
  2.218612710833995E-002  -3698.23475872372     
  2.662335358792493E-002  -3698.27884501020     
  3.194802557501034E-002  -3698.33370525701     
  3.833763221341298E-002  -3698.40209521388     
  4.600516048417633E-002  -3698.48745023337     
  5.520619477470860E-002  -3698.59394496852     
  6.624743636208683E-002  -3698.72666840346     
  7.949692679342812E-002  -3698.89166183266     
  9.539631594282262E-002  -3699.09592789143     
  0.114475583680238       -3699.34742408064     
  0.137370705874907       -3699.65485737507     
  0.164844853600234       -3700.02747915221     
  0.197813832180696       -3700.47468373822     
  0.237376608049333       -3701.00550783369     
  0.284851940978199       -3701.62818255094     
  0.341822342756638       -3702.34958979937     
  0.410186827607325       -3703.17479891710     
  0.492224212688022       -3704.10684152541     
  0.590669078696705       -3705.14646390592     
  0.708802922601343       -3706.29229986444     
  0.850563540919969       -3707.54096817661     
   1.02067628966199       -3708.88736630822     
   1.22481159626403       -3710.32519378929     
   1.46977397392040       -3711.84723257073     
   1.76372883878877       -3713.44579822989     
   2.11647469064767       -3715.11306238867     
   2.53976972969858       -3716.84134849793     
   3.04772379674395       -3718.62332439856     
   3.65726870141954       -3720.45218103985     
   4.38872261609561       -3722.32163784511     
   5.26646734858533       -3724.22610264605     
   6.31976106942713       -3726.16054554061     
   7.58371358466224       -3728.12056448073     
   9.10045666321433       -3730.10234120924     
