  1.000000047497451E-003  -3778.96408882414     
  1.200000104680660E-003  -3778.96034657718     
  1.440000182837256E-003  -3778.95589065755     
  1.728000288069266E-003  -3778.95062201066     
  2.073600428080594E-003  -3778.94440860805     
  2.488320612573686E-003  -3778.93709286060     
  2.985984853740796E-003  -3778.92853686336     
  3.583181966871809E-003  -3778.91855399786     
  4.299818531105602E-003  -3778.90696535933     
  5.159782442358047E-003  -3778.89367281541     
  6.191739176867256E-003  -3778.87849804436     
  7.430087307485838E-003  -3778.86143261715     
  8.916105123277177E-003  -3778.84249820539     
  1.069932657308563E-002  -3778.82189344848     
  1.283919239788641E-002  -3778.80006353432     
  1.540703148968409E-002  -3778.77770235770     
  1.848843852228542E-002  -3778.75599001085     
  2.218612710833995E-002  -3778.73660580848     
  2.662335358792493E-002  -3778.72193626777     
  3.194802557501034E-002  -3778.71509202308     
  3.833763221341298E-002  -3778.72019344545     
  4.600516048417633E-002  -3778.74225016999     
  5.520619477470860E-002  -3778.78729134164     
  6.624743636208683E-002  -3778.86228806224     
  7.949692679342812E-002  -3778.97490405920     
  9.539631594282262E-002  -3779.13330370643     
  0.114475583680238       -3779.34579964917     
  0.137370705874907       -3779.62040657395     
  0.164844853600234       -3779.96441724967     
  0.197813832180696       -3780.38409303633     
  0.237376608049333       -3780.88417701632     
  0.284851940978199       -3781.46787709529     
  0.341822342756638       -3782.13653057355     
  0.410186827607325       -3782.88978129513     
  0.492224212688022       -3783.72565893648     
  0.590669078696705       -3784.64076027807     
  0.708802922601343       -3785.63060197159     
  0.850563540919969       -3786.68984570737     
   1.02067628966199       -3787.81265618432     
   1.22481159626403       -3788.99294962305     
   1.46977397392040       -3790.22466154381     
   1.76372883878877       -3791.50188133850     
   2.11647469064767       -3792.81905596092     
   2.53976972969858       -3794.17101975230     
   3.04772379674395       -3795.55309400657     
   3.65726870141954       -3796.96106823806     
   4.38872261609561       -3798.39120584244     
   5.26646734858533       -3799.84025186999     
   6.31976106942713       -3801.30533770204     
   7.58371358466224       -3802.78402438567     
   9.10045666321433       -3804.27417493142     
