  1.000000047497451E-003  -3778.99688167048     
  1.200000104680660E-003  -3778.99970778745     
  1.440000182837256E-003  -3779.00309423182     
  1.728000288069266E-003  -3779.00717676874     
  2.073600428080594E-003  -3779.01208406903     
  2.488320612573686E-003  -3779.01797877150     
  2.985984853740796E-003  -3779.02507192668     
  3.583181966871809E-003  -3779.03359278140     
  4.299818531105602E-003  -3779.04387478438     
  5.159782442358047E-003  -3779.05625059261     
  6.191739176867256E-003  -3779.07117148199     
  7.430087307485838E-003  -3779.08917101178     
  8.916105123277177E-003  -3779.11088682532     
  1.069932657308563E-002  -3779.13712603890     
  1.283919239788641E-002  -3779.16884145286     
  1.540703148968409E-002  -3779.20720725898     
  1.848843852228542E-002  -3779.25365005653     
  2.218612710833995E-002  -3779.30986334107     
  2.662335358792493E-002  -3779.37794735163     
  3.194802557501034E-002  -3779.46038031634     
  3.833763221341298E-002  -3779.56007304421     
  4.600516048417633E-002  -3779.68048241204     
  5.520619477470860E-002  -3779.82555185259     
  6.624743636208683E-002  -3779.99975408678     
  7.949692679342812E-002  -3780.20801838828     
  9.539631594282262E-002  -3780.45562075136     
  0.114475583680238       -3780.74803717166     
  0.137370705874907       -3781.09066143070     
  0.164844853600234       -3781.48863905686     
  0.197813832180696       -3781.94645125222     
  0.237376608049333       -3782.46777830461     
  0.284851940978199       -3783.05513065263     
  0.341822342756638       -3783.70979991299     
  0.410186827607325       -3784.43174763757     
  0.492224212688022       -3785.21969110784     
  0.590669078696705       -3786.07115013469     
  0.708802922601343       -3786.98277698738     
  0.850563540919969       -3787.95044221793     
   1.02067628966199       -3788.96958373190     
   1.22481159626403       -3790.03538042739     
   1.46977397392040       -3791.14298343937     
   1.76372883878877       -3792.28765558226     
   2.11647469064767       -3793.46490766420     
   2.53976972969858       -3794.67055856420     
   3.04772379674395       -3795.90078820529     
   3.65726870141954       -3797.15217857494     
   4.38872261609561       -3798.42169828009     
   5.26646734858533       -3799.70668738957     
   6.31976106942713       -3801.00478462829     
   7.58371358466224       -3802.31402367541     
   9.10045666321433       -3803.63264386758     
