  1.000000047497451E-003  -3688.35924450768     
  1.200000104680660E-003  -3688.35817643085     
  1.440000182837256E-003  -3688.35691324729     
  1.728000288069266E-003  -3688.35545266563     
  2.073600428080594E-003  -3688.35377586201     
  2.488320612573686E-003  -3688.35185700255     
  2.985984853740796E-003  -3688.34971056973     
  3.583181966871809E-003  -3688.34732486075     
  4.299818531105602E-003  -3688.34471989662     
  5.159782442358047E-003  -3688.34202123468     
  6.191739176867256E-003  -3688.33929862133     
  7.430087307485838E-003  -3688.33681403983     
  8.916105123277177E-003  -3688.33487764531     
  1.069932657308563E-002  -3688.33398749902     
  1.283919239788641E-002  -3688.33488859441     
  1.540703148968409E-002  -3688.33856068263     
  1.848843852228542E-002  -3688.34643769333     
  2.218612710833995E-002  -3688.36039961410     
  2.662335358792493E-002  -3688.38295771700     
  3.194802557501034E-002  -3688.41724945634     
  3.833763221341298E-002  -3688.46730586607     
  4.600516048417633E-002  -3688.53791996098     
  5.520619477470860E-002  -3688.63477572918     
  6.624743636208683E-002  -3688.76438055860     
  7.949692679342812E-002  -3688.93383636413     
  9.539631594282262E-002  -3689.15067556021     
  0.114475583680238       -3689.42253959201     
  0.137370705874907       -3689.75676183835     
  0.164844853600234       -3690.15996762542     
  0.197813832180696       -3690.63778250470     
  0.237376608049333       -3691.19435822022     
  0.284851940978199       -3691.83236624306     
  0.341822342756638       -3692.55267265032     
  0.410186827607325       -3693.35452627757     
  0.492224212688022       -3694.23564875297     
  0.590669078696705       -3695.19242411374     
  0.708802922601343       -3696.22025525840     
  0.850563540919969       -3697.31378673768     
   1.02067628966199       -3698.46725421570     
   1.22481159626403       -3699.67471950628     
   1.46977397392040       -3700.93032182531     
   1.76372883878877       -3702.22839488327     
   2.11647469064767       -3703.56365394702     
   2.53976972969858       -3704.93121115269     
   3.04772379674395       -3706.32666334824     
   3.65726870141954       -3707.74606459831     
   4.38872261609561       -3709.18592585407     
   5.26646734858533       -3710.64321911238     
   6.31976106942713       -3712.11528037640     
   7.58371358466224       -3713.59985269565     
   9.10045666321433       -3715.09495916490     
