  1.440000182837256E-003  -3688.38236046253     
  1.728000288069266E-003  -3688.38141744069     
  2.073600428080594E-003  -3688.38029527507     
  2.488320612573686E-003  -3688.37894755087     
  2.985984853740796E-003  -3688.37738919426     
  3.583181966871809E-003  -3688.37552558925     
  4.299818531105602E-003  -3688.37334271641     
  5.159782442358047E-003  -3688.37078539675     
  6.191739176867256E-003  -3688.36780952314     
  7.430087307485838E-003  -3688.36437570598     
  8.916105123277177E-003  -3688.36045190185     
  1.069932657308563E-002  -3688.35601136377     
  1.283919239788641E-002  -3688.35105655589     
  1.540703148968409E-002  -3688.34564542887     
  1.848843852228542E-002  -3688.33992201279     
  2.218612710833995E-002  -3688.33410130410     
  2.662335358792493E-002  -3688.32856217940     
  3.194802557501034E-002  -3688.32393048462     
  3.833763221341298E-002  -3688.32111131822     
  4.600516048417633E-002  -3688.32142996159     
  5.520619477470860E-002  -3688.32674362309     
  6.624743636208683E-002  -3688.33963152289     
  7.949692679342812E-002  -3688.36351969209     
  9.539631594282262E-002  -3688.40288918282     
  0.114475583680238       -3688.46340583782     
  0.137370705874907       -3688.55211447076     
  0.164844853600234       -3688.67737688317     
  0.197813832180696       -3688.84892422967     
  0.237376608049333       -3689.07754627619     
  0.284851940978199       -3689.37484704263     
  0.341822342756638       -3689.75261227055     
  0.410186827607325       -3690.22235223855     
  0.492224212688022       -3690.79450984001     
  0.590669078696705       -3691.47790462995     
  0.708802922601343       -3692.27918775954     
  0.850563540919969       -3693.20247376233     
   1.02067628966199       -3694.24921838687     
   1.22481159626403       -3695.41823909937     
   1.46977397392040       -3696.70597402230     
   1.76372883878877       -3698.10687379484     
   2.11647469064767       -3699.61383682586     
   2.53976972969858       -3701.21870970448     
   3.04772379674395       -3702.91273090413     
   3.65726870141954       -3704.68693675887     
   4.38872261609561       -3706.53247957610     
   5.26646734858533       -3708.44089271094     
   6.31976106942713       -3710.40426379168     
   7.58371358466224       -3712.41532971093     
   9.10045666321433       -3714.46751581268     
