  1.848843852228542E-002  -3697.43312494820     
  2.218612710833995E-002  -3697.23115275137     
  2.662335358792493E-002  -3697.12608176778     
  3.194802557501034E-002  -3697.10822063808     
  3.833763221341298E-002  -3697.16918845300     
  4.600516048417633E-002  -3697.30157942922     
  5.520619477470860E-002  -3697.49846349328     
  6.624743636208683E-002  -3697.75335766080     
  7.949692679342812E-002  -3698.06016037384     
  9.539631594282262E-002  -3698.41306228790     
  0.114475583680238       -3698.80665611500     
  0.137370705874907       -3699.23590619728     
  0.164844853600234       -3699.69622520063     
  0.197813832180696       -3700.18345966447     
  0.237376608049333       -3700.69384793933     
  0.284851940978199       -3701.22410887724     
  0.341822342756638       -3701.77132817299     
  0.410186827607325       -3702.33296464616     
  0.492224212688022       -3702.90685398747     
  0.590669078696705       -3703.49107680214     
  0.708802922601343       -3704.08402378608     
  0.850563540919969       -3704.68431720088     
   1.02067628966199       -3705.29078438718     
   1.22481159626403       -3705.90245513342     
   1.46977397392040       -3706.51847152612     
   1.76372883878877       -3707.13812585864     
   2.11647469064767       -3707.76083437094     
   2.53976972969858       -3708.38607673087     
   3.04772379674395       -3709.01346702798     
   3.65726870141954       -3709.64262135536     
   4.38872261609561       -3710.27326906562     
   5.26646734858533       -3710.90516644675     
   6.31976106942713       -3711.53810018352     
   7.58371358466224       -3712.17189080686     
   9.10045666321433       -3712.80640696336     
