  1.000000047497451E-003  -3778.93108605495     
  1.200000104680660E-003  -3778.92128110254     
  1.440000182837256E-003  -3778.90977291874     
  1.728000288069266E-003  -3778.89631197081     
  2.073600428080594E-003  -3778.88064404082     
  2.488320612573686E-003  -3778.86250677460     
  2.985984853740796E-003  -3778.84164552724     
  3.583181966871809E-003  -3778.81785505759     
  4.299818531105602E-003  -3778.79096248442     
  5.159782442358047E-003  -3778.76087780128     
  6.191739176867256E-003  -3778.72766204903     
  7.430087307485838E-003  -3778.69148775364     
  8.916105123277177E-003  -3778.65280590645     
  1.069932657308563E-002  -3778.61224261636     
  1.283919239788641E-002  -3778.57075860923     
  1.540703148968409E-002  -3778.52961490595     
  1.848843852228542E-002  -3778.49043536106     
  2.218612710833995E-002  -3778.45514043015     
  2.662335358792493E-002  -3778.42597500447     
  3.194802557501034E-002  -3778.40551954368     
  3.833763221341298E-002  -3778.39653922484     
  4.600516048417633E-002  -3778.40197085880     
  5.520619477470860E-002  -3778.42476170390     
  6.624743636208683E-002  -3778.46778947004     
  7.949692679342812E-002  -3778.53366060651     
  9.539631594282262E-002  -3778.62460554193     
  0.114475583680238       -3778.74232846153     
  0.137370705874907       -3778.88792658506     
  0.164844853600234       -3779.06185002954     
  0.197813832180696       -3779.26390898788     
  0.237376608049333       -3779.49329506171     
  0.284851940978199       -3779.74877331792     
  0.341822342756638       -3780.02866256971     
  0.410186827607325       -3780.33107376365     
  0.492224212688022       -3780.65395754264     
  0.590669078696705       -3780.99522548926     
  0.708802922601343       -3781.35280752228     
  0.850563540919969       -3781.72474915610     
   1.02067628966199       -3782.10919680541     
   1.22481159626403       -3782.50448562143     
   1.46977397392040       -3782.90913214532     
   1.76372883878877       -3783.32176216130     
   2.11647469064767       -3783.74120421727     
   2.53976972969858       -3784.16645200532     
   3.04772379674395       -3784.59658889397     
   3.65726870141954       -3785.03087572896     
   4.38872261609561       -3785.46866192164     
   5.26646734858533       -3785.90939037508     
   6.31976106942713       -3786.35258080577     
   7.58371358466224       -3786.79784369420     
   9.10045666321433       -3787.24484727524     
