  1.000000047497451E-003  -3698.10113839978     
  1.200000104680660E-003  -3698.10059750112     
  1.440000182837256E-003  -3698.10001847314     
  1.728000288069266E-003  -3698.09940440452     
  2.073600428080594E-003  -3698.09877744591     
  2.488320612573686E-003  -3698.09818636172     
  2.985984853740796E-003  -3698.09770922051     
  3.583181966871809E-003  -3698.09743501693     
  4.299818531105602E-003  -3698.09757144960     
  5.159782442358047E-003  -3698.09834391918     
  6.191739176867256E-003  -3698.10011892246     
  7.430087307485838E-003  -3698.10338664996     
  8.916105123277177E-003  -3698.10885571937     
  1.069932657308563E-002  -3698.11744164950     
  1.283919239788641E-002  -3698.13046253941     
  1.540703148968409E-002  -3698.14953612770     
  1.848843852228542E-002  -3698.17677201024     
  2.218612710833995E-002  -3698.21482588438     
  2.662335358792493E-002  -3698.26692560481     
  3.194802557501034E-002  -3698.33687787144     
  3.833763221341298E-002  -3698.42911922333     
  4.600516048417633E-002  -3698.54854073138     
  5.520619477470860E-002  -3698.70038048759     
  6.624743636208683E-002  -3698.89010194820     
  7.949692679342812E-002  -3699.12304329497     
  9.539631594282262E-002  -3699.40424449811     
  0.114475583680238       -3699.73812121866     
  0.137370705874907       -3700.12829307161     
  0.164844853600234       -3700.57734548355     
  0.197813832180696       -3701.08672903734     
  0.237376608049333       -3701.65678372207     
  0.284851940978199       -3702.28672013054     
  0.341822342756638       -3702.97469079463     
  0.410186827607325       -3703.71805004588     
  0.492224212688022       -3704.51345450459     
  0.590669078696705       -3705.35707071047     
  0.708802922601343       -3706.24480050109     
  0.850563540919969       -3707.17238763303     
   1.02067628966199       -3708.13563797761     
   1.22481159626403       -3709.13047632988     
   1.46977397392040       -3710.15308352701     
   1.76372883878877       -3711.19986915989     
   2.11647469064767       -3712.26762817317     
   2.53976972969858       -3713.35343845369     
   3.04772379674395       -3714.45472010437     
   3.65726870141954       -3715.56920412666     
   4.38872261609561       -3716.69490939979     
   5.26646734858533       -3717.83012640410     
   6.31976106942713       -3718.97338819457     
   7.58371358466224       -3720.12342698305     
   9.10045666321433       -3721.27917597722     
