  1.000000047497451E-003  -3698.11367496332     
  1.200000104680660E-003  -3698.11559954174     
  1.440000182837256E-003  -3698.11791185491     
  1.728000288069266E-003  -3698.12070140757     
  2.073600428080594E-003  -3698.12406939033     
  2.488320612573686E-003  -3698.12811155626     
  2.985984853740796E-003  -3698.13301621835     
  3.583181966871809E-003  -3698.13894074320     
  4.299818531105602E-003  -3698.14613158350     
  5.159782442358047E-003  -3698.15483513548     
  6.191739176867256E-003  -3698.16541143796     
  7.430087307485838E-003  -3698.17827673484     
  8.916105123277177E-003  -3698.19399227433     
  1.069932657308563E-002  -3698.21319306539     
  1.283919239788641E-002  -3698.23671661510     
  1.540703148968409E-002  -3698.26562958416     
  1.848843852228542E-002  -3698.30122438236     
  2.218612710833995E-002  -3698.34515558344     
  2.662335358792493E-002  -3698.39948905328     
  3.194802557501034E-002  -3698.46676381399     
  3.833763221341298E-002  -3698.55013320225     
  4.600516048417633E-002  -3698.65343340755     
  5.520619477470860E-002  -3698.78128515717     
  6.624743636208683E-002  -3698.93911510619     
  7.949692679342812E-002  -3699.13322989038     
  9.539631594282262E-002  -3699.37071161077     
  0.114475583680238       -3699.65932029024     
  0.137370705874907       -3700.00722468587     
  0.164844853600234       -3700.42272353944     
  0.197813832180696       -3700.91379182806     
  0.237376608049333       -3701.48770272903     
  0.284851940978199       -3702.15049657799     
  0.341822342756638       -3702.90672019953     
  0.410186827607325       -3703.75906671582     
  0.492224212688022       -3704.70832008950     
  0.590669078696705       -3705.75336445850     
  0.708802922601343       -3706.89126247357     
  0.850563540919969       -3708.11764590802     
   1.02067628966199       -3709.42695306582     
   1.22481159626403       -3710.81283383872     
   1.46977397392040       -3712.26845660659     
   1.76372883878877       -3713.78684652486     
   2.11647469064767       -3715.36108788667     
   2.53976972969858       -3716.98460193978     
   3.04772379674395       -3718.65119152480     
   3.65726870141954       -3720.35518121127     
   4.38872261609561       -3722.09141867143     
   5.26646734858533       -3723.85536449761     
   6.31976106942713       -3725.64295063470     
   7.58371358466224       -3727.45066413566     
   9.10045666321433       -3729.27542881039     
