  1.848843852228542E-002  -3687.77738420836     
  2.218612710833995E-002  -3687.80932473929     
  2.662335358792493E-002  -3687.84957625472     
  3.194802557501034E-002  -3687.90024223595     
  3.833763221341298E-002  -3687.96384398257     
  4.600516048417633E-002  -3688.04330608500     
  5.520619477470860E-002  -3688.14205299590     
  6.624743636208683E-002  -3688.26385457906     
  7.949692679342812E-002  -3688.41281038420     
  9.539631594282262E-002  -3688.59315025439     
  0.114475583680238       -3688.80907266066     
  0.137370705874907       -3689.06464721109     
  0.164844853600234       -3689.36343579125     
  0.197813832180696       -3689.70838367317     
  0.237376608049333       -3690.10168615187     
  0.284851940978199       -3690.54461300740     
  0.341822342756638       -3691.03753139086     
  0.410186827607325       -3691.57986512159     
  0.492224212688022       -3692.17017639888     
  0.590669078696705       -3692.80636567047     
  0.708802922601343       -3693.48572615559     
  0.850563540919969       -3694.20509335013     
   1.02067628966199       -3694.96108808674     
   1.22481159626403       -3695.75020606410     
   1.46977397392040       -3696.56896381791     
   1.76372883878877       -3697.41396486810     
   2.11647469064767       -3698.28201870916     
   2.53976972969858       -3699.17018217690     
   3.04772379674395       -3700.07572521436     
   3.65726870141954       -3700.99627789704     
   4.38872261609561       -3701.92963985426     
   5.26646734858533       -3702.87396310746     
   6.31976106942713       -3703.82757483890     
   7.58371358466224       -3704.78907957239     
   9.10045666321433       -3705.75724213633     
