  1.069932657308563E-002  -3705.40853001909     
  1.283919239788641E-002  -3704.68753808392     
  1.540703148968409E-002  -3703.90830010220     
  1.848843852228542E-002  -3703.07823864615     
  2.218612710833995E-002  -3702.20780138802     
  2.662335358792493E-002  -3701.31018823339     
  3.194802557501034E-002  -3700.40087537150     
  3.833763221341298E-002  -3699.49680860850     
  4.600516048417633E-002  -3698.61541478304     
  5.520619477470860E-002  -3697.77361163571     
  6.624743636208683E-002  -3696.98682457959     
  7.949692679342812E-002  -3696.26811129801     
  9.539631594282262E-002  -3695.62772040482     
  0.114475583680238       -3695.07269974007     
  0.137370705874907       -3694.60699449864     
  0.164844853600234       -3694.23157302785     
  0.197813832180696       -3693.94490154161     
  0.237376608049333       -3693.74342056168     
  0.284851940978199       -3693.62202282294     
  0.341822342756638       -3693.57456628372     
  0.410186827607325       -3693.59441075169     
  0.492224212688022       -3693.67462550944     
  0.590669078696705       -3693.80847905165     
  0.708802922601343       -3693.98947077267     
  0.850563540919969       -3694.21155389137     
   1.02067628966199       -3694.46920494481     
   1.22481159626403       -3694.75747904269     
   1.46977397392040       -3695.07196004151     
   1.76372883878877       -3695.40877746862     
   2.11647469064767       -3695.76456504880     
   2.53976972969858       -3696.13642318422     
   3.04772379674395       -3696.52184026624     
   3.65726870141954       -3696.91869801610     
   4.38872261609561       -3697.32515835941     
   5.26646734858533       -3697.73969345711     
   6.31976106942713       -3698.16100304612     
   7.58371358466224       -3698.58798293390     
   9.10045666321433       -3699.01971224329     
