  3.583181966871809E-003  -3779.09545297150     
  4.299818531105602E-003  -3779.08355206077     
  5.159782442358047E-003  -3779.06957555046     
  6.191739176867256E-003  -3779.05322943722     
  7.430087307485838E-003  -3779.03422818770     
  8.916105123277177E-003  -3779.01225843883     
  1.069932657308563E-002  -3778.98707969188     
  1.283919239788641E-002  -3778.95851924990     
  1.540703148968409E-002  -3778.92652555919     
  1.848843852228542E-002  -3778.89123771600     
  2.218612710833995E-002  -3778.85313396796     
  2.662335358792493E-002  -3778.81310443013     
  3.194802557501034E-002  -3778.77265075099     
  3.833763221341298E-002  -3778.73398755165     
  4.600516048417633E-002  -3778.70033087403     
  5.520619477470860E-002  -3778.67599323917     
  6.624743636208683E-002  -3778.66658688810     
  7.949692679342812E-002  -3778.67910277777     
  9.539631594282262E-002  -3778.72181324368     
  0.114475583680238       -3778.80424890325     
  0.137370705874907       -3778.93673055851     
  0.164844853600234       -3779.13002802546     
  0.197813832180696       -3779.39468496875     
  0.237376608049333       -3779.74042243649     
  0.284851940978199       -3780.17555016727     
  0.341822342756638       -3780.70636572145     
  0.410186827607325       -3781.33692560095     
  0.492224212688022       -3782.06879777282     
  0.590669078696705       -3782.90122279065     
  0.708802922601343       -3783.83127059368     
  0.850563540919969       -3784.85428239946     
   1.02067628966199       -3785.96423698789     
   1.22481159626403       -3787.15422334853     
   1.46977397392040       -3788.41688374406     
   1.76372883878877       -3789.74466945317     
   2.11647469064767       -3791.13022298203     
   2.53976972969858       -3792.56655156808     
   3.04772379674395       -3794.04710220846     
   3.65726870141954       -3795.56595090288     
   4.38872261609561       -3797.11774489309     
   5.26646734858533       -3798.69773390943     
   6.31976106942713       -3800.30175920915     
   7.58371358466224       -3801.92620704011     
   9.10045666321433       -3803.56793111722     
