4.771887256519520548e+01
1.535212654823319838e+02
3.585725054202723072e+02
2.802072033673928786e+02
3.026949449844117339e+02
1.413244406345566517e+02
7.847742013130101668e+01
4.003864100747229315e+01
4.239909522149910259e+01
6.799265771283795345e+01
2.857202527324085395e+01
5.720740393201329965e+01
2.639796280110117976e+01
3.079214992365577075e+01
2.384911615829407694e+01
3.622522239816078127e+01
1.875073842890574127e+01
2.797075233331438326e+01
8.745759350725945680e+00
1.425489142545102261e+01
8.056368655562636150e+00
1.407136060531497357e+01
9.852875926527771000e+00
7.815604699573121650e+00
1.137890805766979696e+01
1.100151350352994228e+01
9.990187292483359016e+00
9.754232825245821914e+00
9.148928055511268198e+00
7.425880709315255679e+00
1.092282979699964329e+01
7.338440201929695483e+00
7.513396521065163647e+00
4.176190060055977149e+00
5.818737978270210220e+00
6.437845408806856184e+00
5.278707435786508917e+00
6.328643710463452976e+00
6.627402715673578193e+00
5.326411246035341662e+00
5.247728710863032831e+00
5.850824753713037119e+00
5.288490579593480234e+00
3.917751486337105682e+00
3.501704295656950183e+00
5.670490751383298722e+00
2.112751668585883813e+00
4.675702661968671237e+00
5.104000219985812770e+00
2.728254089033588237e+00
4.581929210792285545e+00
3.028313371719021152e+00
2.919498274313157449e+00
3.207695728782814726e+00
3.547517750141495618e+00
2.986816249899878262e+00
3.049955934525715673e+00
2.758735815940259073e+00
3.637929497710651106e+00
2.760607642705376730e+00
3.305737077757397557e+00
1.874724633678751085e+00
2.217733948480712147e+00
3.340136337658232701e+00
2.184370788237189664e+00
2.427639850248179521e+00
2.493764632223623767e+00
2.628857653374702341e+00
2.035409414156478025e+00
2.203714071963740029e+00
1.622961553007628455e+00
3.031463618089320189e+00
2.554021166196177806e+00
2.291367844530147302e+00
1.746817643906453554e+00
1.607403053712148644e+00
1.579658168480985836e+00
1.456517479659445113e+00
2.159868678597850700e+00
2.009944749127264174e+00
2.416346140242692453e+00
1.960875375266723397e+00
1.360094485662616259e+00
1.560539493492413277e+00
1.906413639210903677e+00
1.620354717261105026e+00
1.292090562331148274e+00
2.154609112397908977e+00
1.520586939099446422e+00
1.551195513894009448e+00
1.553990428443941640e+00
1.678377639042633929e+00
1.344922443671206613e+00
1.247872247685729352e+00
1.237724857033627446e+00
1.267998004892119113e+00
1.173478145132847539e+00
1.619999507733627553e+00
1.550613606399384059e+00
1.160424659150266935e+00
1.317256471056338807e+00
1.155528556737510204e+00
1.390683645100088128e+00
9.186700868245645246e-01
1.076875539041977303e+00
1.368015883641565011e+00
1.494135337620485116e+00
1.185850198814955681e+00
1.342409121556067841e+00
9.140762667830095722e-01
1.157809465889582778e+00
1.016674611585469012e+00
7.470223173216221646e-01
1.085276662594879760e+00
1.296051815639366112e+00
1.409461095767465144e+00
1.308886905869091066e+00
1.094368829790400621e+00
7.529971479718886584e-01
1.191873700980617068e+00
9.577056379218404913e-01
1.159348487576048470e+00
8.416660188024180922e-01
8.534309320149080502e-01
1.063360692343476410e+00
8.907448658299101929e-01
8.996436430805871964e-01
6.985892613749583591e-01
9.775395801160134956e-01
7.814885704260926547e-01
6.966960143295580776e-01
8.629168017496409160e-01
8.601596938409329374e-01
8.872647604870719240e-01
1.021371903696093542e+00
7.114347183717459888e-01
9.070224157756274774e-01
9.038747208251959320e-01
7.832379933777118275e-01
8.781821851443636362e-01
9.092790571607425321e-01
7.963749775108999174e-01
7.008270867327992537e-01
8.223184827013897413e-01
6.706934424545806239e-01
6.575983251131523044e-01
6.295168015410993467e-01
6.537462463509235988e-01
7.459402711655370721e-01
5.928708639840652994e-01
6.647885912996980284e-01
7.583933674055138852e-01
6.391955190911000617e-01
7.661814233054579093e-01
6.016600505353520978e-01
5.854228538441609286e-01
7.011994138610655458e-01
6.803179741605097641e-01
6.761588476207827103e-01
5.630944332622405124e-01
5.346800079657878513e-01
5.275156221420493896e-01
6.130688409267149863e-01
5.388215037071005797e-01
5.939511495082500092e-01
6.356587840691355629e-01
5.853454588108412127e-01
4.549989176285427206e-01
4.950233620595005934e-01
4.714090138613600822e-01
4.854672678742482650e-01
5.066514370425527769e-01
5.006593284874790717e-01
4.868415730468905189e-01
5.317655895339002958e-01
4.257042975991222611e-01
4.039321672172735411e-01
5.537396685819789832e-01
4.614989840091103801e-01
3.902893633597419032e-01
4.088258001696538635e-01
3.926040493003260523e-01
4.451067294508812555e-01
5.207797756235253983e-01
4.678774017640514038e-01
3.952550897251159712e-01
4.480032064727618724e-01
4.603751888440527074e-01
4.562767157431568132e-01
3.682658967150777563e-01
4.330570540205493368e-01
4.583431258568946842e-01
4.135157725101563098e-01
2.851455123655061152e-01
3.489032039932968288e-01
3.350664040237197883e-01
3.585969308205010919e-01
3.010306871463122036e-01
3.161982358636220569e-01
2.947160862548123261e-01
3.544128892434976197e-01
3.432707221814062515e-01
3.691889811762228413e-01
3.265942996700509360e-01
3.139147450722645227e-01
2.391910029902079293e-01
2.777556332577305609e-01
2.394412454777911925e-01
2.852665448882754640e-01
3.022354759388945489e-01
2.726416342116863012e-01
3.350745219575691491e-01
2.775625776363864761e-01
2.823026113396021053e-01
2.529876975512591053e-01
2.631477305668815103e-01
2.762489066437511798e-01
2.287684069208650584e-01
2.540703310294142869e-01
2.657099427006200387e-01
2.353889881906957027e-01
2.086427259982864546e-01
2.442096017404015718e-01
2.238467353863567155e-01
2.070542455369499268e-01
2.198659841901652867e-01
1.729145961662177933e-01
1.810302197878380925e-01
1.843595343916507590e-01
2.011675029018496486e-01
2.115438761661128098e-01
2.176430781777503320e-01
1.396993364942436811e-01
1.983642682210980390e-01
2.144338208038942262e-01
1.726427428688420695e-01
1.947086002442423025e-01
1.772208368111118648e-01
1.805089701082298048e-01
1.708449673185101769e-01
1.543271389779065639e-01
1.714361102044437424e-01
1.484317148790230412e-01
1.558217672935554576e-01
1.447381547538985069e-01
1.570561553844674607e-01
1.469690160831646775e-01
1.246895797806591710e-01
1.330714988598408755e-01
1.342467318602384718e-01
1.371521581502315734e-01
1.110830315430321596e-01
1.218386498950064928e-01
1.419215940068842552e-01
1.281959519696546090e-01
1.255022624686915889e-01
1.310137435356154567e-01
1.136397739977309806e-01
1.105240650210528031e-01
1.007491492129159311e-01
1.206947560660060204e-01
1.182376755390504575e-01
1.056851363173914454e-01
8.855154849385921123e-02
1.132879041716158552e-01
8.750900823426321917e-02
1.069785218492201317e-01
9.404275529811105538e-02
9.290096442512947583e-02
9.388393769781498699e-02
9.968969147113272700e-02
8.905290410875262019e-02
9.827157520710350092e-02
6.931209687100696459e-02
5.578453892320779650e-02
8.046892154760718063e-02
7.952455945957245809e-02
7.284792612042209625e-02
6.922693466481656677e-02
6.706259855115875856e-02
7.702352953591203033e-02
7.905882986738345386e-02
6.365042264646633696e-02
5.511998544312310400e-02
6.161363587410106230e-02
5.989643442822378122e-02
5.675920276841655426e-02
6.228393789618021092e-02
6.353676030270581643e-02
5.081305309193545616e-02
6.407736260620977564e-02
5.706079142995615361e-02
5.145811873484622961e-02
6.235372623861308583e-02
5.353669904623267056e-02
4.275913408052970516e-02
5.316169813256954590e-02
5.162881075286418486e-02
5.327520419030117027e-02
4.209271788036730161e-02
4.827832446838273284e-02
4.006741239679014605e-02
4.679850669143453129e-02
4.901003158002153332e-02
3.779420817230427082e-02
4.038405192198460392e-02
4.335800739298340672e-02
4.734854134016005384e-02
4.218807565839129831e-02
3.981961419133774743e-02
3.393455220743702566e-02
3.509673603528126740e-02
2.934496781788560257e-02
3.462146264829187026e-02
4.459537965050413416e-02
2.969430613197387644e-02
2.656147750179655917e-02
3.720204966608035846e-02
3.712398448058839423e-02
2.940830512300214236e-02
3.529723417064399571e-02
2.953647132450190269e-02
2.797645026705476365e-02
3.253846178370011638e-02
3.010874699460538984e-02
2.834138146534500788e-02
2.937661747997992456e-02
2.630195328947899577e-02
2.842819396028518561e-02
2.917880739815674820e-02
2.489390143844563696e-02
2.237735232562434312e-02
2.333181688439148888e-02
2.393338287236976974e-02
2.773801533370992903e-02
2.273920513370812288e-02
2.762763517420122744e-02
2.510072580451197521e-02
2.128620355775912021e-02
2.351517995942226796e-02
2.014127780535742568e-02
1.971037692183676832e-02
1.824340232045316285e-02
1.783478841818578881e-02
2.132139412610018978e-02
2.063186159570479239e-02
1.907782969997575545e-02
1.691350251945560046e-02
1.922382097492323499e-02
1.747894484124126735e-02
1.834006979859070796e-02
1.989009685664652055e-02
1.973373319093164185e-02
1.693992810900079096e-02
1.568046424395918084e-02
1.542318182661664080e-02
1.707886447003002447e-02
1.404978405180925226e-02
1.552008384201192942e-02
1.671025667779724513e-02
1.798389096728326975e-02
1.716407498046022828e-02
1.490219022502784624e-02
1.502444454164932053e-02
1.551917462185015140e-02
1.264597020674269878e-02
1.373212684692792958e-02
1.700929440987446542e-02
1.771015209689071404e-02
1.589148840656116890e-02
1.641055488427645148e-02
1.450282824781188445e-02
1.345894554576816844e-02
1.295483742160519376e-02
1.305012870013022054e-02
1.458273299905157340e-02
1.645987919940879868e-02
1.439569931553295531e-02
1.407670113969651526e-02
1.341261459433705505e-02
1.418897134944481150e-02
1.369742941966172953e-02
1.283421555568883994e-02
1.352674060607834960e-02
1.014242165598018205e-02
1.339101846891934365e-02
1.282502601437494373e-02
1.127899782706387466e-02
1.369430111691984260e-02
1.269894383698985316e-02
1.060968354672502979e-02
1.186287689362868630e-02
1.330009836868277333e-02
1.171991246826217282e-02
1.132096462028780309e-02
1.207855219025022811e-02
1.037379454643143351e-02
1.053786046365670637e-02
1.225629567986247573e-02
1.378288295331604046e-02
1.212890472686222083e-02
1.134385761385798760e-02
1.180097530789092977e-02
1.233683356601264491e-02
1.174440225011295566e-02
1.159565104611595850e-02
1.301996697309081540e-02
1.122845918692991565e-02
1.051817846317019793e-02
1.034723442241234151e-02
1.045517727900327314e-02
1.104421533155878349e-02
9.384603011125820793e-03
1.080398473759200569e-02
8.758970092850867223e-03
1.022325424528471027e-02
9.889928241627833280e-03
1.059994213106863967e-02
1.104627076805765780e-02
1.092455597283134919e-02
9.154722768658756990e-03
1.139716026336794023e-02
1.197260300453340323e-02
9.851479930738461788e-03
1.102551926074129759e-02
9.354048809366128162e-03
1.191596204833560504e-02
1.006470085990693840e-02
1.048134384175183551e-02
9.799061220036993369e-03
9.863910527207878087e-03
1.077903763234947659e-02
9.623799636751429951e-03
9.936328301672712332e-03
1.045859304832244888e-02
1.047891766042323251e-02
8.349637677624971790e-03
9.473050579532286963e-03
9.024308042428133905e-03
8.612356823883591389e-03
9.591267685664314063e-03
9.226293664097747274e-03
9.951303652901196534e-03
8.782163683514145405e-03
1.018165231279902390e-02
9.584893141290681123e-03
9.552447735619614202e-03
1.017749212149798334e-02
9.647807423284401884e-03
8.743819422483433551e-03
9.260812718576297634e-03
9.383506291687231451e-03
9.734003107645236227e-03
1.034213353753899930e-02
1.012591279091957022e-02
1.062731032976923021e-02
1.025043470182597158e-02
1.031217669350159051e-02
9.232696750995477916e-03
9.156364607582312756e-03
9.205111467423783903e-03
9.253513575503137870e-03
1.058205185683237792e-02
1.083974374767414720e-02
8.607471377618839195e-03
9.540492906026666262e-03
1.061786687249769573e-02
7.717770580524255936e-03
1.001729001962588760e-02
9.620269370229904762e-03
7.674068925484090441e-03
9.981452072020032332e-03
8.281608032027079971e-03
1.019521033408276982e-02
9.331032574285764297e-03
8.927595293353815173e-03
1.058174516437138633e-02
9.233828201314141920e-03
8.972513237555598126e-03
9.829505711446728453e-03
9.518615999499335095e-03
8.302795723115857091e-03
8.315598925258330457e-03
9.200350766637476960e-03
1.000386307253995667e-02
9.361065020549758087e-03
8.768554863349297887e-03
8.243018094120709016e-03
9.970243914036744023e-03
9.175255974326333372e-03
9.695777862186453350e-03
9.892478779381513876e-03
8.172436342988764063e-03
8.767754488451184880e-03
8.860510141257962186e-03
8.614650369405164182e-03
1.027678881908397623e-02
9.032174009322392269e-03
9.398636862713805051e-03
9.583672257023195806e-03
1.018174755149959913e-02
8.472065299946382813e-03
8.734710894950680968e-03
8.283748227470660863e-03
9.071749022565325088e-03
9.768321775471546300e-03
9.341058395200671841e-03
7.938892066235469711e-03
8.426006531354305815e-03
8.476760861916964734e-03
8.401070118605106704e-03
9.274647780363576288e-03
8.965332107817905113e-03
9.359976949927992923e-03
1.034929325206018422e-02
8.755269304950389145e-03
7.972626062254161913e-03
7.489994578210487121e-03
8.233336304941144337e-03
9.297323287868535999e-03
8.821173639807392691e-03
7.720021273358377255e-03
8.893489179976801773e-03
7.499105470894287806e-03
8.050839780583959188e-03
8.629895994474999152e-03
8.825577330047256266e-03
8.623178397610035614e-03
8.075406371010080547e-03
8.188325279670826198e-03
9.903175338300660227e-03
8.513173649748245406e-03
7.424142770745426577e-03
6.997563474901339654e-03
8.165018635128924729e-03
8.536387049933241017e-03
7.504173885637111657e-03
8.731056035994021192e-03
8.529812210321962435e-03
6.476439907786324911e-03
8.756897684849324417e-03
9.349754057052366354e-03
8.238481665138181267e-03
8.379422029542995740e-03
8.911209491465024723e-03
8.737367478294046086e-03
9.460280562765004467e-03
8.888890377183640210e-03
8.149727252833693925e-03
8.493118628510511886e-03
8.296405023013708746e-03
7.333021954788729313e-03
8.737194688381957550e-03
8.877262118407695454e-03
9.518594074540732974e-03
7.870812004290090452e-03
9.177866769328749813e-03
8.815937650287439600e-03
8.627802953464045951e-03
9.269695486433800896e-03
7.435075731073356557e-03
7.866481127038067386e-03
8.727797016370733574e-03
8.308319584978293010e-03
9.157998151593795336e-03
9.320228878968281686e-03
1.002686658364845655e-02
8.800109962169573585e-03
7.840535335742028836e-03
7.230005403931325306e-03
1.046598535071972813e-02
7.506210831628369606e-03
8.821106984908478124e-03
8.713831467980361067e-03
8.909351068152264463e-03
7.881521234875264043e-03
8.202643745481187978e-03
9.388088608436852278e-03
8.345337568322480637e-03
8.358370319211031255e-03
8.174096213160468929e-03
8.503873128060520856e-03
7.771535578718555271e-03
7.991864884967671626e-03
9.117512268485221394e-03
8.418590201307451712e-03
7.382323975380214627e-03
8.890174380051144021e-03
8.405235886869526218e-03
7.569786902477492266e-03
8.638630758902865470e-03
7.896812252977582908e-03
6.999110838465276603e-03
8.717906363272119943e-03
9.455644551707291859e-03
7.754810808590350928e-03
7.398963448960738098e-03
7.815308272549850721e-03
8.048619287556044860e-03
8.864669931179958162e-03
7.772627244361028642e-03
8.395842014281933857e-03
8.198741259674976675e-03
8.440535751584944332e-03
8.292952144101186848e-03
8.773113512467484165e-03
7.440625820612064602e-03
8.639092842869402003e-03
7.744598058224779272e-03
8.034328874225820510e-03
7.505684008756294615e-03
7.529837000031294574e-03
8.783094132245991906e-03
7.527939112895357977e-03
8.201900196977940719e-03
9.202447581112476599e-03
7.588196195201155764e-03
7.723780224618573276e-03
6.896284418477222414e-03
6.765994385928291929e-03
7.962549386104824517e-03
7.305120986813026275e-03
7.601435306243770930e-03
7.773736050850190218e-03
7.878062994602200858e-03
8.338608314282987613e-03
8.132794162496849791e-03
7.675224631288367523e-03
8.202530993318158173e-03
8.020332084737340217e-03
8.569633559425426234e-03
8.903251402998470579e-03
7.284445157572903146e-03
8.280725541015755697e-03
7.352262665765440207e-03
7.736438299816496278e-03
8.356196146633619939e-03
7.412548875068252809e-03
8.259141280926295473e-03
8.601496635582468742e-03
8.149989031652099189e-03
7.553737893672334523e-03
8.692795160414136524e-03
7.678496956005450950e-03
8.588915221686348883e-03
7.951457047450276663e-03
7.632464008501730832e-03
7.922689504400217894e-03
7.599500433129928109e-03
8.225588538046160400e-03
8.062984242579980879e-03
8.318035991662321368e-03
7.614820585898168098e-03
7.298503286551340404e-03
7.894877910310493449e-03
8.083133428620896746e-03
8.141084717340705754e-03
7.472840392254818595e-03
8.094620258891635847e-03
8.462579405408933442e-03
7.921322535394294609e-03
7.663897894041262274e-03
7.181902289954289302e-03
8.096579427326505360e-03
7.046206444359211923e-03
7.408299171402147817e-03
9.284676156880097841e-03
8.175072072576982860e-03
8.399402800006023490e-03
7.371226568121881824e-03
7.732584129114786382e-03
7.827988314539249814e-03
7.732072733931061315e-03
7.670249887033312765e-03
8.073810017128112138e-03
7.506587283151210273e-03
8.044063224003436194e-03
7.580900862780462317e-03
8.068940856858483612e-03
7.579458873237497792e-03
7.343659475706553787e-03
7.479564503374102127e-03
8.397546446442928289e-03
7.557970143434703143e-03
7.667876721176410809e-03
6.811704967853660087e-03
8.188672811299793977e-03
7.973041734870667946e-03
7.759448540085100293e-03
7.361734736340695869e-03
7.457407462667743625e-03
7.555582414886788042e-03
7.768041870343219205e-03
8.262370870243401430e-03
8.184485505777296804e-03
7.697146559443720712e-03
7.798359961932485422e-03
8.382119567843840033e-03
7.459820471578892075e-03
7.526990421525681443e-03
8.829332745447495898e-03
6.992568533053705564e-03
6.944444212605802025e-03
8.085814029249772938e-03
7.043462374018752067e-03
6.927687054493075064e-03
7.226610859878880404e-03
7.049425048187485908e-03
8.119665646519780289e-03
7.449036479648558744e-03
8.890149279638400945e-03
8.500743589512227069e-03
7.562610477287968688e-03
7.478749354252483064e-03
7.896916203190978284e-03
7.867667541158238076e-03
7.282577309259640613e-03
7.789704140506346734e-03
7.262229362430113085e-03
8.426514853326762949e-03
6.722937094251103460e-03
7.616051912357952626e-03
8.198645261522689853e-03
7.662030392892084547e-03
7.749319862043220833e-03
7.795929738335927173e-03
7.714550220301838977e-03
7.093130002648995180e-03
7.399296328044318791e-03
8.030355231741531652e-03
7.972653675542692650e-03
7.406669309170131610e-03
7.824245667468738771e-03
7.361193509510367307e-03
7.633626838487215550e-03
7.793414767637672422e-03
8.452773361684103037e-03
8.694702107053945903e-03
7.779968764184529845e-03
7.690693626031554903e-03
8.976400995951733242e-03
7.769309546139938245e-03
7.372166376612786405e-03
8.561246193409199901e-03
7.556039937459137733e-03
7.411295798000669920e-03
7.512930310339128656e-03
7.014356425790438734e-03
7.327718900497381081e-03
8.065767872427078225e-03
7.068163532816854576e-03
7.671443521478873984e-03
7.194471706873416597e-03
8.249742283759967793e-03
7.521228949847361817e-03
7.766483352115371823e-03
7.438356238088937589e-03
7.381459963603924888e-03
8.365101897209598070e-03
8.632067299489308565e-03
7.591066887040252495e-03
7.955504114747191310e-03
7.809427942338718204e-03
8.630964022481363643e-03
7.858959996723150626e-03
7.195399065442024088e-03
7.862521361599253064e-03
7.577077353946260092e-03
7.872603122947591930e-03
7.879707415938219314e-03
8.262068818574507673e-03
8.631547345324289827e-03
8.022825232051859420e-03
7.989647519015359231e-03
7.424701845091493876e-03
7.759074000962586266e-03
7.762106679262904124e-03
7.432156348615769591e-03
7.810395884507517067e-03
8.446412682411480119e-03
8.025963988924298895e-03
7.255271087215647667e-03
7.845983526457872906e-03
6.906186925790292440e-03
7.298087318922913229e-03
8.237356264756129712e-03
7.614211821039846423e-03
7.744147692120003507e-03
7.931079589099698443e-03
7.846442796991441940e-03
7.764597770013736619e-03
8.391372313559726168e-03
8.070930286214883856e-03
8.491719742991909320e-03
7.955439054886269054e-03
7.132950599721159766e-03
7.890071632308986657e-03
7.925848325900377092e-03
8.226891561498597683e-03
7.565720495534014600e-03
7.475703114877640595e-03
7.878603381541478615e-03
7.565432444886980960e-03
7.482952767133627635e-03
8.422409064461377701e-03
7.550279866476468718e-03
7.887308240769528439e-03
7.968775558530762429e-03
7.385749224941434016e-03
7.264015345653194837e-03
7.242825873502966617e-03
9.045060528303056416e-03
7.897082954922033521e-03
7.377032258749346982e-03
6.924471533276578897e-03
7.219105493451487103e-03
7.695318424928628345e-03
7.584907102875911022e-03
7.872947123350142531e-03
7.684888435038084512e-03
7.804295913158090965e-03
7.473458496315580311e-03
8.094578775989676872e-03
8.028182676386969030e-03
7.568114610679320398e-03
7.805462682791059793e-03
8.070244160828930757e-03
8.075817142530583581e-03
7.727330707590200978e-03
7.460899592734094449e-03
7.263526318165994602e-03
6.945910743026348366e-03
7.077211754902138115e-03
8.384656005349282529e-03
7.652635288984856524e-03
8.106350756505221328e-03
7.836962222984605875e-03
7.753363863570724573e-03
7.889898937566204584e-03
8.140636148754090348e-03
7.468326919843628307e-03
8.137638887660322840e-03
7.724010266917410820e-03
7.366218987594163464e-03
7.978320892443113016e-03
8.417884163749035642e-03
7.783917036077930146e-03
7.591038196831065808e-03
7.209722393379092327e-03
7.973955327473736948e-03
7.202615785493907651e-03
7.512434553934089695e-03
7.693163874266409526e-03
7.486893882153372592e-03
8.290725040131797716e-03
7.540120031153610923e-03
7.958621976486997956e-03
8.143960907734873814e-03
7.225187207414306319e-03
7.186651601493888181e-03
7.713469433467285211e-03
8.153519004862058370e-03
7.180273902973609117e-03
7.203865136184334043e-03
7.547084716976050489e-03
7.473260812484500484e-03
7.690559511937253463e-03
7.717831540228130109e-03
8.789790380106611567e-03
7.534474777186946082e-03
7.164898679291648378e-03
7.736373858275952427e-03
7.965457071483515727e-03
8.009734837640293190e-03
7.428206028052569514e-03
7.196461013719538877e-03
7.371406851240443203e-03
7.106858792012802316e-03
7.970991569930601164e-03
8.179561225868268656e-03
8.185135444108551650e-03
7.213024343205458148e-03
7.151896921109284801e-03
8.036258185422234107e-03
7.607266745168079700e-03
7.618282230458326559e-03
7.719663259368634081e-03
7.046148624240970021e-03
7.537674544952683089e-03
7.840382984590067370e-03
7.313761006961736963e-03
8.183338347082888542e-03
7.184899860424228193e-03
7.216931675949445069e-03
7.912839562772350926e-03
8.017377303872868718e-03
7.443494892884942350e-03
7.401784752477309423e-03
7.969567779826705264e-03
7.574546732499798374e-03
8.391091379744823955e-03
7.934533110290622679e-03
7.294303557105945822e-03
7.908067865276294586e-03
7.443973569744582672e-03
7.676775280827843884e-03
7.849984318051410684e-03
7.494667743946800860e-03
7.939152827758968675e-03
7.625475950859141906e-03
7.281203336118646785e-03
7.757611671457209472e-03
7.863718097189184228e-03
8.653205326531986097e-03
7.569729889940086769e-03
7.622416866572344178e-03
7.274756326235692384e-03
7.064093244164567492e-03
7.715383338479012316e-03
7.317457626589753475e-03
7.563961919254791333e-03
7.658201493579492279e-03
7.584649367209531610e-03
8.764883074914971151e-03
7.626424423315263622e-03
7.624937626893734874e-03
7.661370017394386091e-03
7.489986130128978466e-03
8.093858269400797459e-03
7.938094401675961295e-03
7.005481946518763575e-03
8.477473212304855246e-03
8.064869891522578535e-03
7.828344016046748233e-03
8.188433065452997359e-03
7.982520670730117174e-03
7.322415312908713350e-03
7.179322469280342150e-03
7.557157875685241444e-03
7.247538462588466214e-03
6.895766080486428508e-03
7.435669517608864409e-03
7.772545071008976972e-03
7.191823383704263641e-03
7.445220860201291063e-03
7.279352100166809093e-03
7.202128186121725152e-03
7.811563684280180796e-03
7.711671525712056156e-03
7.780200616005223530e-03
7.999883769235613742e-03
7.292606360490852535e-03
7.150746050575638654e-03
8.317128686815193281e-03
7.801901786162900379e-03
7.713849647439709536e-03
7.906209378002857294e-03
7.524635495971094927e-03
7.941131240130051838e-03
7.406152193331041328e-03
7.167948325349631292e-03
7.260989383511427288e-03
7.134622513730733487e-03
7.451166261762487940e-03
7.375997481831968877e-03
7.616898383518498628e-03
7.201762175436881609e-03
7.098935148965280009e-03
7.769528904317014005e-03
8.322262900747258441e-03
7.477779708254935973e-03
7.982811539023249026e-03
7.381968177648667515e-03
6.994116984652067222e-03
7.716999665455951188e-03
7.670246243378884242e-03
7.804576199929963778e-03
7.362097277042339329e-03
6.592274629949099359e-03
7.202064627573911450e-03
7.726498214351129774e-03
7.135432659482031197e-03
7.573715648405671130e-03
7.995061523589535799e-03
7.890125952117233582e-03
7.229244640572209980e-03
7.413241558461112525e-03
7.159159578853819053e-03
7.667770711436534652e-03
8.218796014811177025e-03
7.753144292853034365e-03
6.834235800994997896e-03
7.475616570103041196e-03
7.073554601344182041e-03
6.824562593312689072e-03
7.384824158771991116e-03
8.053258840235517219e-03
7.317975816140675875e-03
7.801428918192413603e-03
7.846707829524096622e-03
7.433311125795633197e-03
8.035629237434602223e-03
7.404418713846878594e-03
7.639442732029232130e-03
7.139714983378794323e-03
7.107218844349456020e-03
7.647413175152456381e-03
7.776231878120052135e-03
6.761987270090894647e-03
7.738665050012334158e-03
7.858631342721083754e-03
7.731797357189742516e-03
7.712515262989126652e-03
7.156052731669295883e-03
8.145840218878635380e-03
7.032568371875232323e-03
6.961829104145494419e-03
8.161050109393806068e-03
7.889499685089595635e-03
7.755199938014039653e-03
7.205088251850204004e-03
7.761036047600514479e-03
7.350884754193548129e-03
7.362038380906448312e-03
7.059671924209921269e-03
7.463181892715268183e-03
7.816958804529797536e-03
7.929308409362109678e-03
7.504904860166286031e-03
7.491115193673454457e-03
7.857861642127515062e-03
7.794633493368550471e-03
7.219634138404842222e-03
7.683598033441344129e-03
7.220563009071831982e-03
7.703131472837236593e-03
7.923434758372985970e-03
7.493522303878615703e-03
7.542222629033928580e-03
7.581797985711093840e-03
7.416681936449500898e-03
7.512479614518370076e-03
7.484909753594390543e-03
7.638650322051273971e-03
7.713494484707222702e-03
7.752362054325913181e-03
7.653673923607861793e-03
7.056974962584266348e-03
6.873344017299446579e-03
7.947198697261624242e-03
7.690276831598576689e-03
7.917253924420122879e-03
7.638303214570254726e-03
7.406679441460703277e-03
7.596375083415484418e-03
7.495813477113495021e-03
7.809103893146516345e-03
7.608132288644153807e-03
7.809798750966077258e-03
8.097247183559358810e-03
7.756149312537641109e-03
7.864397804774801021e-03
7.873574526253885458e-03
7.174627718984382709e-03
7.527644972118228799e-03
7.348366190007321781e-03
7.798022112170115150e-03
7.038282284267514781e-03
7.272783741736565943e-03
8.146124003597002283e-03
7.664787133457587158e-03
7.700582414967869181e-03
7.685605221523212835e-03
7.396576420543115281e-03
7.129895893383746130e-03
7.733485181304827934e-03
7.126513564355889396e-03
7.108889153125484694e-03
8.238314134103041225e-03
7.719689553339127187e-03
7.623217267938027508e-03
7.260707575913618803e-03
7.136721898098895983e-03
7.282295603471996594e-03
8.110811096247651231e-03
7.291923517986308861e-03
7.936550129568977624e-03
7.375891977746969197e-03
7.383836022500335321e-03
7.366770827619404348e-03
7.925472199527740930e-03
7.664602598884688762e-03
7.334708899053769479e-03
7.241939102692726039e-03
7.424827772501405888e-03
7.208990371872957097e-03
7.415038009698101361e-03
7.486084982274710843e-03
6.436810407195038379e-03
7.346464262933621522e-03
7.241548532402191339e-03
7.736283367718266475e-03
7.315742103756104481e-03
7.248972290580168662e-03
7.692432722581030516e-03
7.245827588769331723e-03
6.936865091313219531e-03
7.619140378051563953e-03
7.302938771442672901e-03
7.340974620112635830e-03
7.300653886453744440e-03
7.185215094634236216e-03
7.216631842357341259e-03
6.953381511242548961e-03
7.374469372493083937e-03
8.047360810788346114e-03
7.741566789068328111e-03
7.533875075579793065e-03
7.511442351911492253e-03
7.529001850401619358e-03
7.019543207801374682e-03
7.412667659625294010e-03
6.736040227271814645e-03
7.378684699020900128e-03
7.576350134101709696e-03
7.417928034121937762e-03
8.027360137728501224e-03
7.065037823592813446e-03
7.557081516115597523e-03
7.304269520636396361e-03
7.041556765080224899e-03
7.552966850591550686e-03
7.464070612426487727e-03
7.349729144608867573e-03
7.234038184628097459e-03
7.165050895991355827e-03
7.894781463129680460e-03
7.844064295261030453e-03
6.839955608601710688e-03
7.821473798234165192e-03
7.579716126555973398e-03
7.199178626773180753e-03
8.052467734262226326e-03
6.647985082891882946e-03
7.405192522917859732e-03
7.485439690228696229e-03
7.050253987286096875e-03
7.306102638521858733e-03
7.257490549036561128e-03
7.372699626065973288e-03
7.736081332853267205e-03
7.298232321506024044e-03
7.638160273585855101e-03
7.508425895784393705e-03
7.523840639746835757e-03
8.191814374430148732e-03
7.048845853145348402e-03
7.351774108521233822e-03
7.464228692214708132e-03
7.869042078247708363e-03
7.910927303795303039e-03
7.358611530442497363e-03
7.335887814310902699e-03
7.188753592858377825e-03
7.115249459620158479e-03
7.731566377284684877e-03
7.027293286950400501e-03
7.564304911509502419e-03
7.990539093262687131e-03
7.290116104151688273e-03
7.301875773485301188e-03
7.028008819953232567e-03
7.538135301481232835e-03
8.115614556024693463e-03
7.137210161421232886e-03
7.172025337476279835e-03
7.013367169322565035e-03
7.010881817964003011e-03
7.537645962659577856e-03
7.589564171780930658e-03
7.873267568536689714e-03
7.087841057005958220e-03
7.212522603686905009e-03
7.006714101932174331e-03
7.299993409507690191e-03
7.333737973071684756e-03
7.409127149798362677e-03
7.296057880652923738e-03
6.838358817120331577e-03
7.591093080536465663e-03
7.726289638018771395e-03
6.821285899761842138e-03
7.562648804014482536e-03
7.193990605165009183e-03
7.658036662096523450e-03
7.105341060022126419e-03
7.165346695572546998e-03
7.728427916923207019e-03
7.393322629074264817e-03
7.217465597712863744e-03
7.437534903503554944e-03
7.406968759010383943e-03
7.144875418486748044e-03
7.395451363436801422e-03
7.574347442690721258e-03
7.156602706026322230e-03
7.717608893430989714e-03
7.334643400315892479e-03
7.403960941341053079e-03
7.465240605000905867e-03
7.324129249314219846e-03
7.169331806589438610e-03
7.454500761834105538e-03
6.869113461557913893e-03
7.286358297000690258e-03
6.965971658689537431e-03
7.981812278080188672e-03
7.058745809447265242e-03
7.051245839825694486e-03
7.554717764306825151e-03
7.702165273559659700e-03
6.741025619808624011e-03
7.587102398480465720e-03
7.497409037096434449e-03
7.411751981664155622e-03
7.233820907369935445e-03
6.796533965240173815e-03
7.569238977571901734e-03
7.131810818879407571e-03
7.656415403515360631e-03
7.186450610338534530e-03
7.251097354494828208e-03
7.446014074628398878e-03
7.438222113484140897e-03
7.202099890458055383e-03
7.428422599886703309e-03
7.762239770802311506e-03
7.470182028055301696e-03
6.947483799377352463e-03
7.692169972538380127e-03
6.850378653846972074e-03
7.080731529757973430e-03
7.140835474187211956e-03
7.113741478562924346e-03
7.360697615322441684e-03
7.672572852515336869e-03
7.331697610938160171e-03
7.429301877683204026e-03
7.480648116680601277e-03
7.464533524440540233e-03
7.670226425403454257e-03
6.989320749971055131e-03
6.977359010521806335e-03
7.527715994823191634e-03
6.965220913211125041e-03
7.233248488536507537e-03
6.863325262369907032e-03
7.559617066612502219e-03
7.419115742593184425e-03
7.029922024436898766e-03
6.402717650270816838e-03
7.419861299751424888e-03
6.836489287158688602e-03
7.104908113301318037e-03
7.293449952317103240e-03
6.796281123959777709e-03
6.744313641194191536e-03
7.573954159137685598e-03
6.554474459110153778e-03
6.794166897088344502e-03
7.018922521234912358e-03
7.332989650472370238e-03
7.365358979687419531e-03
7.322810760533895319e-03
6.802557534514407436e-03
7.588059821164409337e-03
6.867156836717409896e-03
7.057241727405314489e-03
6.903768254385503345e-03
7.473712546725826480e-03
7.274476301161034685e-03
6.523993067901738552e-03
7.455538543966480636e-03
7.183787114706541646e-03
6.741487595979499259e-03
7.084546116154867568e-03
7.200955561024984485e-03
6.928831158448797364e-03
7.296896173295310158e-03
7.249308289294379565e-03
7.221295407200010660e-03
7.390311228898551257e-03
7.107382515182420792e-03
7.363642872684162018e-03
7.450155413063330907e-03
7.034042092247171606e-03
6.711045569249461488e-03
7.044750693819408841e-03
6.883424309573686964e-03
7.128285700343019518e-03
7.057214045082389232e-03
6.667741675815356400e-03
6.747268981492887674e-03
6.794434162095876889e-03
7.150847163988090574e-03
6.706096191556870992e-03
7.511694181053068554e-03
6.367582843535576562e-03
7.162919715011791325e-03
7.455980875304967469e-03
7.585286200427802071e-03
7.064338729262914680e-03
7.333900515086084863e-03
7.195373188467430597e-03
7.115743150414347538e-03
6.757829451982251892e-03
6.881129536680006577e-03
7.026460181885032207e-03
6.890964239481723805e-03
7.155222203471023161e-03
6.911992280756200889e-03
6.883181167197687488e-03
7.284480489032691373e-03
6.789508687617880692e-03
6.992583275408241483e-03
7.023969764917577761e-03
6.955657549115681383e-03
6.509626311877863072e-03
7.216221957765795586e-03
6.789884037995182024e-03
7.416081957372689520e-03
6.886102158463192069e-03
7.003776262666439566e-03
7.044665258629816650e-03
7.320127845897031298e-03
7.398287066572758509e-03
7.173400731478069871e-03
6.718254060039631145e-03
7.345717492685873741e-03
7.147710668031369632e-03
6.685679463640205149e-03
7.333338536808057216e-03
7.015088770092014515e-03
6.792141586481001587e-03
7.423596263195227085e-03
7.231382576943484047e-03
7.200188149302701873e-03
7.045531707262493205e-03
7.114500693231379583e-03
7.918296790772699073e-03
6.726997870355668797e-03
6.639027685542025527e-03
7.316914845684252544e-03
7.104567382769166189e-03
6.817504191070065424e-03
7.259277532325048368e-03
7.194000428917181160e-03
7.085724457713700117e-03
6.442651292440332994e-03
7.403668472114275159e-03
6.820320535217976217e-03
7.153736912100250311e-03
7.167469764895514212e-03
6.700435998249587403e-03
6.681892752265800040e-03
7.498081971645689445e-03
7.076477832531458123e-03
7.177526037932488792e-03
7.294660523281983402e-03
6.600795896644554191e-03
7.203333194307764455e-03
6.921857999866467409e-03
6.971738076681270602e-03
6.922298356678571567e-03
6.961106743955476107e-03
6.826677560779941326e-03
7.005566267900486914e-03
6.916447814784784827e-03
6.777122362833573090e-03
7.207549785596875473e-03
6.915611058301529730e-03
7.036618475971856239e-03
7.144620466759178147e-03
7.008869441384012709e-03
6.849552834972341339e-03
6.905733289977918250e-03
6.644539135006979208e-03
6.880495945701324903e-03
6.691578803370242835e-03
7.307870532606105217e-03
6.942460750021292593e-03
7.196139548747849946e-03
7.469188715039459803e-03
6.970325773743501867e-03
7.475270043031787340e-03
7.041434247460440221e-03
6.965270760368793071e-03
7.257734896068713214e-03
7.515619984716483994e-03
6.678473359330595535e-03
7.364919309884396942e-03
6.982980154129707004e-03
6.932872483676045042e-03
6.874311397743786828e-03
6.905679839803629920e-03
7.089577057116781475e-03
6.181262065491755983e-03
6.958911862744450449e-03
6.972588957475159971e-03
7.253285716211962941e-03
6.855486872611132702e-03
6.811922379973479533e-03
6.861983276069956277e-03
7.553913681862698022e-03
6.978818129167835629e-03
7.101173066933122793e-03
7.084003797867067728e-03
7.392182757338776507e-03
7.162153366223298311e-03
7.079444760628293698e-03
7.253213870150510348e-03
7.186227864134718535e-03
7.216485372756166992e-03
6.707399706718939619e-03
6.879907477068162962e-03
6.604541015128062229e-03
7.260031215288783452e-03
6.861128323528907849e-03
6.952559205848118581e-03
6.985113545172680696e-03
6.468079635196069196e-03
6.907364405022053261e-03
7.278653072117954349e-03
6.611243705683580302e-03
6.763231131833165669e-03
7.090584575605988690e-03
7.112250804753395515e-03
7.261869881547686201e-03
6.705138905900430435e-03
7.407387047747575511e-03
6.749363367848419670e-03
6.740196721156959184e-03
6.877675720935953058e-03
6.701715113779664959e-03
6.957616913360781773e-03
7.360051278731872051e-03
6.787264355323670111e-03
6.732687436141919675e-03
6.851197752890053096e-03
6.863964706582697910e-03
6.496485001631959084e-03
6.891042920458007558e-03
6.820409580746688953e-03
6.942931269941941472e-03
7.004566332960028736e-03
7.629957612700321613e-03
6.952917312637761464e-03
6.801727681991095141e-03
7.186405082779435960e-03
6.994270004044149912e-03
7.206630884295716841e-03
7.221379846122372680e-03
6.760782546365467528e-03
6.864220141393630181e-03
7.223987967016861841e-03
7.081804229860405586e-03
6.955615890681511246e-03
6.729468576085664150e-03
7.177156307383988562e-03
7.047442490149201724e-03
7.085861614699401345e-03
6.912731421782050342e-03
6.624216361421936261e-03
7.140437607777147533e-03
6.800061869347096520e-03
6.578508590284699864e-03
6.878960721677302922e-03
7.108685141197550184e-03
7.163706659107614561e-03
7.439660970838700947e-03
7.284876230744401042e-03
7.137408214684108632e-03
7.136994260626695376e-03
7.066294385886667979e-03
6.924273509669267614e-03
6.541939977213632150e-03
6.858819930667807083e-03
7.049109729582245763e-03
6.644300323302898895e-03
7.258810340685955230e-03
7.091087061015995466e-03
6.621594476168939092e-03
7.099865672684226373e-03
7.372116552118397614e-03
7.165663119161286808e-03
6.887050961580046086e-03
7.106859018708736042e-03
7.363944786065411419e-03
7.233272698214431376e-03
6.940775767257664243e-03
7.040958266899728819e-03
7.363279577577674408e-03
7.198381010056195684e-03
7.363163831971656324e-03
7.465594912686047274e-03
6.075530903552311957e-03
7.713112818594695767e-03
7.294249618631877541e-03
6.949177300121291492e-03
7.066547207995979227e-03
6.968351236264600998e-03
7.063423204761365079e-03
6.350795531594059795e-03
6.827934486185812009e-03
7.049498783642487235e-03
7.154836928187281730e-03
7.209923728643883971e-03
7.054284992712842560e-03
7.022371641778786706e-03
7.110711650222458803e-03
7.026441689393298981e-03
7.327347392779045947e-03
7.066487554853013130e-03
7.348380832799101224e-03
7.040562297331769658e-03
7.255471042944623868e-03
7.236711282849122434e-03
7.453584575474426002e-03
7.639169426906174815e-03
7.219395344495128583e-03
8.292658648205757793e-03
8.354012599785255386e-03
8.800281216845113122e-03
8.793306040063427267e-03
