5.995634990176672119e+01
1.252639284391938332e+02
2.079894459288883297e+02
2.362668921653552445e+02
1.424586865915563010e+02
1.025655922268281159e+02
5.725695910589554671e+01
5.315475866980560227e+01
2.477331020499646641e+01
5.127617295386806262e+01
2.057247930944574676e+01
3.563342769016219336e+01
2.557175728767245459e+01
2.756102694020706423e+01
2.210315558317946838e+01
2.794087855577042845e+01
1.497453935535051706e+01
2.056277284022182528e+01
7.202740326981520447e+00
8.860168245007344012e+00
7.160078122309164961e+00
1.053216098649781429e+01
8.128884483269649408e+00
5.902285593051391110e+00
9.032316690578388929e+00
8.912023544926828578e+00
8.023543900949304586e+00
9.013618280524566373e+00
7.155003501513198749e+00
7.218022304014142243e+00
1.056264190492690780e+01
5.337507174257989817e+00
5.953612316759008039e+00
3.651160899928314940e+00
5.271620923983580731e+00
6.044016787066393448e+00
5.457661182187789173e+00
6.573255231240012542e+00
6.366989292369120257e+00
5.232168454557407422e+00
5.405269030199707281e+00
5.638917326758781101e+00
4.657614790529392756e+00
3.377351573190071399e+00
3.249845186391397078e+00
5.136985178459157808e+00
2.016315376663077696e+00
4.107516212339239026e+00
4.693843872654116289e+00
2.663505092547544084e+00
4.051167968973990341e+00
2.457269628704543241e+00
2.594095632612811730e+00
3.097649055791361405e+00
3.102963417943402469e+00
3.063206668915658071e+00
3.261300047788761702e+00
2.541178321927687112e+00
3.554309433918066308e+00
2.646030258513551559e+00
3.281634872393381031e+00
1.974481054614121822e+00
2.048345118661352160e+00
2.865308732379409307e+00
2.315169940633625245e+00
2.452159269700448174e+00
2.655875381688869830e+00
2.895734957070313698e+00
2.120388042679824725e+00
2.182332197818090957e+00
1.613603458734172102e+00
3.099728189002473489e+00
2.466838524384048270e+00
2.125869974806569473e+00
1.732315792604953719e+00
1.919928567298943900e+00
1.776363276100136890e+00
1.608972017992247761e+00
2.035814784926740284e+00
1.963453229995464788e+00
2.537554050960513674e+00
1.961373169744968559e+00
1.335153724196864511e+00
1.728390287489199206e+00
2.149097337949498421e+00
1.807395610609852099e+00
1.421919394394896452e+00
2.206621099456217650e+00
1.611832046066137059e+00
1.638573149331817858e+00
1.747601131878667058e+00
1.905793889816896902e+00
1.472655290762026059e+00
1.393695118749739059e+00
1.413413964701363712e+00
1.488463763236404835e+00
1.245351999905264018e+00
1.775044008572492338e+00
1.709288363424813051e+00
1.399635563865569976e+00
1.451125291576258913e+00
1.354587234449439404e+00
1.654098735809290233e+00
1.209112862019376733e+00
1.267376489756108837e+00
1.624246128284426494e+00
1.952053010454414705e+00
1.230729522331385439e+00
1.573307039985192279e+00
1.132618071620133282e+00
1.338892732137983987e+00
1.036852945518516034e+00
8.736913296421614517e-01
1.401735478671714441e+00
1.695308121731556650e+00
1.738900992964497849e+00
1.632754279062911706e+00
1.286971540303136763e+00
1.017753786626263146e+00
1.551655494722592454e+00
1.064882723972546685e+00
1.438042078249330391e+00
1.161270951053097633e+00
1.075313775066404354e+00
1.279903659610758693e+00
1.036163805483693912e+00
1.181792113706560787e+00
9.992098860734321963e-01
1.289116569672852819e+00
1.024047856103529330e+00
8.707780909108389089e-01
1.147739505555929185e+00
1.120485777660903404e+00
1.207490723914601105e+00
1.386698192155826792e+00
9.585842320846574838e-01
1.211134945016253406e+00
1.269025402875002095e+00
9.667922649032594240e-01
1.150259033424510413e+00
1.270938527786811045e+00
1.044473640135329395e+00
9.641560081204394450e-01
1.234065702819385102e+00
9.944059983620148202e-01
9.437469089409866729e-01
9.556543904905001607e-01
8.820088032440686066e-01
9.636672836234657646e-01
8.192517540635896323e-01
8.957784459852493608e-01
1.061980581614896835e+00
9.315861635551079267e-01
1.030820183039747651e+00
8.234997369478773699e-01
9.338738807632774863e-01
1.154645869490922960e+00
9.501341133963095986e-01
9.687907934535875398e-01
8.548062748178681947e-01
8.289089313339383924e-01
8.008416256864725469e-01
9.211895169883952406e-01
8.489366902955761685e-01
9.386775464603818175e-01
9.796421830035160205e-01
9.582963541535838292e-01
7.662100019581369326e-01
7.653616280120040249e-01
8.011408836015508905e-01
7.512396737422241122e-01
7.629151396839463084e-01
8.058136492397024453e-01
7.551808329395046648e-01
7.893221750408422333e-01
6.517852871385868552e-01
7.204875902666105780e-01
9.183392548190498772e-01
7.130841903220614952e-01
5.871258747272721790e-01
6.360307658333196335e-01
6.625914848259126799e-01
7.409061614538166030e-01
8.056273482928020258e-01
7.989556540415758690e-01
6.680548865811817283e-01
8.146036712480886344e-01
7.656277419618491287e-01
7.953759985369850405e-01
6.705057781953585039e-01
7.254936929432193038e-01
7.682894873508373523e-01
6.475381200936421999e-01
5.240919771294999530e-01
6.566072600722950847e-01
6.713111986624853422e-01
6.733377945299671152e-01
5.150245491169774814e-01
6.677310421921124339e-01
5.571027226258152831e-01
6.018520439349039908e-01
6.432180032590263385e-01
7.450135084994350398e-01
5.915353346995108064e-01
5.905838362213199355e-01
5.225907216940296474e-01
5.497655309190131456e-01
4.272207272071611439e-01
5.395562906010262783e-01
6.005004752161694492e-01
5.705934958932201706e-01
6.003780516757905028e-01
5.452141926049286491e-01
6.200116723277481201e-01
5.294410186697324772e-01
4.906745416654115788e-01
5.581255522693965299e-01
5.003087934748139398e-01
5.090878579654268821e-01
5.139905494440663025e-01
5.023078194157903908e-01
4.385335973881782645e-01
5.173960325984867659e-01
4.556824718103815730e-01
4.793188346864837857e-01
4.828208201967998381e-01
3.702353334700191900e-01
4.198955245608994580e-01
4.536939933572917139e-01
4.681791462291994832e-01
5.013137636813246312e-01
4.508220526206999645e-01
3.570701730610438274e-01
4.598823873733606238e-01
4.470479715492151618e-01
3.966998895342800924e-01
4.033309359663647120e-01
3.732268920654084332e-01
4.393818795382701814e-01
3.875974039025550932e-01
3.966840226039584083e-01
4.183795392960245607e-01
3.628764471072554176e-01
4.111837120233892140e-01
3.685649015344377721e-01
3.700280405830217445e-01
3.602654974924632270e-01
3.150852255936654744e-01
3.322530244409397371e-01
3.511482242897166484e-01
3.421572605771528441e-01
3.003847073095901044e-01
3.287304348430843959e-01
3.709718542162283028e-01
3.532577782053576976e-01
3.153637362897221963e-01
3.267605785724851941e-01
2.843113925071487080e-01
3.209245516717169622e-01
2.715670329598999788e-01
3.237180451902662015e-01
3.238930073214957850e-01
2.818386398204974497e-01
2.406434472046194706e-01
2.902001727068035941e-01
2.717337479697595204e-01
3.061281850221882483e-01
2.521807874078653700e-01
2.658818942293315613e-01
2.887499936149712232e-01
2.987170512281933643e-01
2.595948452984951360e-01
2.773052010935054268e-01
2.212418253689056591e-01
2.119291807723353294e-01
2.446008686420853284e-01
2.380320680293678548e-01
2.332918116521525698e-01
2.310529567648214599e-01
2.433314037365232330e-01
2.493067059782570760e-01
2.637848727840324536e-01
2.128054200761333170e-01
1.983052109378112271e-01
2.073439586363365617e-01
1.861817921513711227e-01
2.059626092961494848e-01
2.146344995540327150e-01
2.059570854710314480e-01
1.645227291036725492e-01
2.209106800075375243e-01
2.151977815629070034e-01
1.920875340079610250e-01
1.974239904294742554e-01
2.108143830155262965e-01
1.685298340403138251e-01
1.900673553428482154e-01
1.967594207924612260e-01
2.004635923958051347e-01
1.547250421663230735e-01
1.858226818529327418e-01
1.454160240327825038e-01
1.586844286000494986e-01
1.692232911680277008e-01
1.564070408459793393e-01
1.672729038594366058e-01
1.545596721739482537e-01
1.811357881234265943e-01
1.688425918250712476e-01
1.599341577415764049e-01
1.464407268859730660e-01
1.440896939831274870e-01
1.318222498553395516e-01
1.559472292575393992e-01
1.556800331034947360e-01
1.427736230396486339e-01
1.410283787508133935e-01
1.408732869284572975e-01
1.454036577363971849e-01
1.188276213689934691e-01
1.471183137025516285e-01
1.378710858009467299e-01
1.280353467256450939e-01
1.211812240741292346e-01
1.505587645683071629e-01
1.241570290466892240e-01
1.204826255715953781e-01
1.352318594766643844e-01
1.056762144157803451e-01
1.212192006698113861e-01
1.120661763775201297e-01
9.657436005623998287e-02
1.133333716686970583e-01
1.184732324076098325e-01
1.245147796430829262e-01
1.179841585802089282e-01
1.083365555592360058e-01
1.035129570158051238e-01
1.306907251281129445e-01
1.095910777856718421e-01
1.204492849538338906e-01
9.957463500312112303e-02
9.100743729257342041e-02
1.129578397607965690e-01
1.142894995253441182e-01
1.050369062943267706e-01
9.132671381718748815e-02
7.942212442281951223e-02
9.976992021019158441e-02
9.914313771047615631e-02
9.510581544428445278e-02
1.045504677277444699e-01
1.044905671265421304e-01
9.274955060607775748e-02
8.147391750893431817e-02
9.009679165306154480e-02
8.476781772018933403e-02
7.822548650306859752e-02
9.542617225509664181e-02
9.551367549398218082e-02
9.910482949101130645e-02
8.497953475432901138e-02
9.275947734544848222e-02
8.898001262410502876e-02
8.237438898566702694e-02
8.039083737644306393e-02
7.927440797667124894e-02
9.314341771540149417e-02
8.349655169618273864e-02
8.191373626916233219e-02
8.239656146561880057e-02
7.529186676346569240e-02
6.855991179653302126e-02
7.899020901135364592e-02
7.790295129246811723e-02
7.451126008868595718e-02
8.696709403260854954e-02
8.646617061216517464e-02
7.418252052769558347e-02
7.292638602545585547e-02
7.051869570616595140e-02
8.253108783951385030e-02
7.817538443897020795e-02
6.782216922253503366e-02
8.751492568756320811e-02
8.668992741663374135e-02
7.248707603805830402e-02
7.329709646481162577e-02
8.281796164791013770e-02
7.716972910384037321e-02
6.724726039452534609e-02
8.282990878485160802e-02
7.118143394594610152e-02
6.781715797102416676e-02
6.960569737294364234e-02
6.243343521954930475e-02
6.469352865121161256e-02
6.283100853639329852e-02
6.443734794781054431e-02
7.285737742372923320e-02
6.478557426603441527e-02
6.244205318173589453e-02
6.619828084292295189e-02
6.605801873948341507e-02
7.662945549296766579e-02
8.277895988938593907e-02
6.445801896162089983e-02
6.788864361605345676e-02
6.820172362578759417e-02
7.233478809851921765e-02
7.151649978173861555e-02
6.327653916406893175e-02
6.282718599170374063e-02
6.913905099700859425e-02
5.942173067966773081e-02
7.029874075946813961e-02
6.771939153877282180e-02
6.622094009809886828e-02
5.987000312959658149e-02
6.734717944343826534e-02
6.772087518493349889e-02
5.817119485154278319e-02
6.974939529367604751e-02
6.887371461799537964e-02
6.239535778600144300e-02
7.359467602422918586e-02
6.501120950237906926e-02
6.292061345094872304e-02
6.212822564929453006e-02
6.417605304632820196e-02
6.210244553810315843e-02
6.512218418878359949e-02
6.413691470789634197e-02
6.355837162473167157e-02
5.859967151422592474e-02
6.799588992019463263e-02
7.224911845111905984e-02
6.652839093838315565e-02
6.256911727624586694e-02
6.348217217986588945e-02
6.127063868670740848e-02
7.167549921273744240e-02
5.969499216012045389e-02
6.687714016610425694e-02
7.004442071077447707e-02
5.969247308046498474e-02
6.130245700593748431e-02
6.195907485997918795e-02
6.429096248626264831e-02
6.527621088275167849e-02
6.013460595766877831e-02
6.740780013443260776e-02
6.292902418627391303e-02
6.524529876157382502e-02
6.249484512454345220e-02
5.986115519135067758e-02
6.560761213028287742e-02
6.698795275270455485e-02
5.944909059623400965e-02
6.037605984392750008e-02
6.532057909816604835e-02
6.111672081582699562e-02
5.840141744202682894e-02
6.925290674448859873e-02
6.067909974795136080e-02
6.257542582505284945e-02
6.843851180114397803e-02
6.142917914577718935e-02
6.513690951097286796e-02
6.884356128475901948e-02
5.699508389563771871e-02
6.802572402966625131e-02
5.963082804450191288e-02
6.346910534533196924e-02
6.393273500260157616e-02
6.038144554195187114e-02
6.931168385691625911e-02
6.396905022935302221e-02
6.322316303138844629e-02
6.288664746585308218e-02
5.140447941256318792e-02
6.064768742965342962e-02
6.211354148962882488e-02
5.565696395489570791e-02
6.022888499649040744e-02
6.225077693689533287e-02
6.250228026999218867e-02
6.818181933336667222e-02
6.251430428568528763e-02
6.306725222636763717e-02
6.362952531089807739e-02
5.866255356261977638e-02
5.844819017183019993e-02
6.386907165480290582e-02
5.422752350766882334e-02
6.039676433322870713e-02
5.346583165916051622e-02
5.962627233931665910e-02
6.281102734241079955e-02
6.219313921075638601e-02
6.257781126515683801e-02
5.282489859753533579e-02
6.210245295303212093e-02
6.713882351501709866e-02
5.833973423545963516e-02
6.046032553059420278e-02
6.159878458283395836e-02
6.632338379064407763e-02
6.426241552979643223e-02
5.960106915104025627e-02
6.569596320118449573e-02
5.451980434718482760e-02
5.500830640487583412e-02
6.059156188013483518e-02
5.395281149534838366e-02
6.022346787556371456e-02
6.224605326611015038e-02
6.232719049552895574e-02
6.069150171330663091e-02
5.248350397986822902e-02
5.782666048158944389e-02
6.614663005202570112e-02
5.931204903539909201e-02
6.357731359306349750e-02
5.086081568307546097e-02
5.673392694593658997e-02
5.714344149511966370e-02
6.957073224334535400e-02
6.202744602176003819e-02
6.436945948022802788e-02
5.644553823149876109e-02
5.528121148275404878e-02
5.484346682770485648e-02
6.295166205008109750e-02
6.297367386749461171e-02
5.964259644795718435e-02
5.392018607967831445e-02
5.316670843028952625e-02
6.386275955396612802e-02
5.725528230250732237e-02
5.450591770473275921e-02
5.630569707264410084e-02
5.063352143971554253e-02
6.143645940857375004e-02
6.019573502801845583e-02
5.607820532868434266e-02
6.072307744686315095e-02
5.721290890930547796e-02
5.296250719054809014e-02
5.707543077486654237e-02
5.563341896204687664e-02
5.362390078788388525e-02
5.981369476829221515e-02
5.654519582632254460e-02
5.710120817167851914e-02
5.402544986222232448e-02
6.067119154897267913e-02
5.376791281143327578e-02
5.769071411650598252e-02
5.579959152376701148e-02
5.658489064126038387e-02
6.148488454459419966e-02
5.722095599066278487e-02
5.726312584362530655e-02
6.353009412509615095e-02
5.492673450299190296e-02
5.243867003859386394e-02
5.546922939953694703e-02
4.917778982899250612e-02
5.609179255530696157e-02
5.985388018475346072e-02
5.822902287063486115e-02
5.679060358235659550e-02
5.899277031671786714e-02
5.692793361625855114e-02
5.301808102110418947e-02
4.778207074916952096e-02
5.809545292081631090e-02
5.244241029274564203e-02
5.440431392110296749e-02
6.034885321268368408e-02
5.403366387120882991e-02
5.288898313523753003e-02
5.742503855452491673e-02
5.409808656073665512e-02
5.851200235035169256e-02
5.282800703406133336e-02
5.278681845989535021e-02
4.993532278716034806e-02
5.204699096105758899e-02
5.530276644291513832e-02
5.771505746499167727e-02
5.174305248990162392e-02
5.338891162466214563e-02
5.412364398874788124e-02
5.190128153494020374e-02
5.524146501879181187e-02
5.111532416214384367e-02
5.594754108875624882e-02
5.653611198343688055e-02
5.234452947998382427e-02
5.606624428501292418e-02
5.082250945933096398e-02
5.036991455363643705e-02
5.150928064482900720e-02
5.340747078580678625e-02
4.768690261079525095e-02
4.601141070867365013e-02
5.833663736976119757e-02
5.346262472460198978e-02
5.660958105686644815e-02
5.805008712585747049e-02
5.488758281467824574e-02
5.229466979531015997e-02
5.130773904556775594e-02
5.458542319632866263e-02
5.257532658465155495e-02
4.488793151260239700e-02
5.361431900327864181e-02
5.100249825278862364e-02
5.099681737409483134e-02
5.195903985024262484e-02
5.218022116355228862e-02
4.931148251388130233e-02
5.172619167892494874e-02
5.288792173706142324e-02
5.269793658441029871e-02
4.905025755826913914e-02
4.829011464464769837e-02
4.911093696116140828e-02
4.888384221665599549e-02
6.035738988219722240e-02
5.297576239669870429e-02
5.362554858146709874e-02
5.352606578283281707e-02
4.809279641365716423e-02
5.434435773480003617e-02
4.859256387056836574e-02
4.713242923852645205e-02
4.880444278492898635e-02
4.872628477966278043e-02
5.195692138679847139e-02
5.538390824516626482e-02
4.589488715844810413e-02
5.171350721803658762e-02
4.866997193954054890e-02
4.812329161158776514e-02
5.320311982096574688e-02
5.100271881396103296e-02
5.083625268953211040e-02
5.204999585515179134e-02
4.409251543114960092e-02
4.904600866681895627e-02
5.180879869320133974e-02
4.867963896826880965e-02
4.843774491360307299e-02
4.819974958199500087e-02
6.040085570840172946e-02
4.685669702318236152e-02
5.059205409439612722e-02
5.352990682247020515e-02
5.179866028898216790e-02
5.054069104943012536e-02
4.924026091517078735e-02
5.476602013187775037e-02
5.123964942335269140e-02
4.845035735456910964e-02
4.948877794917613815e-02
5.141932499083124580e-02
4.679859222412276198e-02
4.915249739496019982e-02
4.579708830669903391e-02
5.443348582139283243e-02
5.335379577073970370e-02
5.022804595493262497e-02
5.057169752956282988e-02
4.582578081914747553e-02
5.261038914873843175e-02
4.997427076299353066e-02
4.282131913254380584e-02
5.002378207709988478e-02
4.625050955001606956e-02
5.066847835636602987e-02
5.191773402310849439e-02
4.481727968775289089e-02
5.225574259001547484e-02
4.402058728595228954e-02
5.359130343934705165e-02
5.398267565336050539e-02
4.601410280031986016e-02
4.932060416746640585e-02
4.867590215984705232e-02
4.797460949730666252e-02
4.682517357793043039e-02
4.724452734530950465e-02
5.117162751317515940e-02
4.812145403793782056e-02
4.778257890977191669e-02
5.117050469275045282e-02
4.797427334203335086e-02
5.142721915932870619e-02
4.806711963946009442e-02
4.790793668209522571e-02
5.331745444410641160e-02
5.256094144557046238e-02
5.159697160582570746e-02
4.967029929297846896e-02
4.901957140641578781e-02
5.186119760120563860e-02
5.380334960632301988e-02
4.836724857117497001e-02
5.275064636591276362e-02
4.933702768285806728e-02
4.500393392087381761e-02
4.795480324335884420e-02
4.870304096588193993e-02
4.828390770684826833e-02
4.698987317626388688e-02
4.787513831906767270e-02
4.634747785073697196e-02
5.010693241025938882e-02
5.457624641067133908e-02
5.003514600112631688e-02
5.035928280571597138e-02
4.695710112537736930e-02
4.547557435840181989e-02
5.009265391932578998e-02
4.636195264798928517e-02
4.816406391247848862e-02
5.296465183328818993e-02
4.852446198407483341e-02
5.113711345685004878e-02
5.142698400056635449e-02
4.758988072598367008e-02
5.602607162456150341e-02
4.585958073059737822e-02
4.609862266659899704e-02
5.138759585824210357e-02
4.732662606978813719e-02
4.839993059483681248e-02
4.912520200302043782e-02
4.453396621455865678e-02
5.263200781332848244e-02
4.627757780550455918e-02
4.522897748372228105e-02
5.077578141981287096e-02
4.645463339945637982e-02
4.937010158735870985e-02
4.632695978271114678e-02
4.995557474821980815e-02
4.827361689311580190e-02
4.663042875133905502e-02
4.949753108636813920e-02
4.915279564223872660e-02
4.590826792326802019e-02
5.303853971882913770e-02
4.474167921545072618e-02
4.733988635704756975e-02
4.834469522214109721e-02
4.553601938362821649e-02
5.267076284690795640e-02
4.593643538302680240e-02
4.551190938197722385e-02
5.134241306633385848e-02
5.484704603690608582e-02
4.843227168515351622e-02
5.153164265528511340e-02
4.948320506676626152e-02
5.055227755341948348e-02
4.397048261444946177e-02
4.815501317888941368e-02
4.518154531912817878e-02
5.124568178544125496e-02
4.708666828398727633e-02
5.132752577224721641e-02
5.037358368140775616e-02
5.020342777168308041e-02
4.475756805209779587e-02
5.049625250533824189e-02
4.577837647863368387e-02
4.893900036210580007e-02
4.897556358000948462e-02
4.700282040989603449e-02
5.412129068990620406e-02
4.840409830502180599e-02
4.813604152138193509e-02
5.126381985112874601e-02
4.918548272821336720e-02
5.078628139037497796e-02
4.998207526072225015e-02
5.044005399333248429e-02
4.520474493736071492e-02
4.709983259571558917e-02
4.658725547438880010e-02
5.037630836121865380e-02
4.717684881617181802e-02
5.178725076147318307e-02
4.486483232615729594e-02
4.718666625749729643e-02
4.887805890792913666e-02
4.869489220942642416e-02
4.614165661581685202e-02
4.976782929516729986e-02
4.805734962386348091e-02
4.605622534539459412e-02
4.951067461876047793e-02
5.101427223558923502e-02
5.278295874948292499e-02
4.997013004240821038e-02
5.261403371858922040e-02
4.909746271340148516e-02
4.715789199358869782e-02
4.815912266810456338e-02
4.944326525286817792e-02
4.838910459189567359e-02
4.313926833171353309e-02
4.904281359280571878e-02
5.109856627375591875e-02
4.633056285755896703e-02
5.153393521715420034e-02
5.056023291187972113e-02
4.593220165371412339e-02
5.418549445951241494e-02
4.428972956560989910e-02
4.946181244677688715e-02
4.768777338148739303e-02
4.687995507389085964e-02
5.250727179666729583e-02
4.447751328748934113e-02
4.749128916775380987e-02
4.867060098114677630e-02
4.676026054267726911e-02
4.994148087020826993e-02
4.717967562919448549e-02
5.150256709326925947e-02
5.138308543005348783e-02
4.520540205522905614e-02
5.145220131531604013e-02
4.709377204828564534e-02
4.630216341008776965e-02
5.131401322782364050e-02
4.758519044666200543e-02
4.891036518943472217e-02
4.568168555509003609e-02
4.836190532893462624e-02
4.532167427658113923e-02
4.818530310957998275e-02
4.555179224079292793e-02
4.445832286784669879e-02
4.690133679136526679e-02
4.743132375281622348e-02
4.603271559994928652e-02
4.513573261494423922e-02
5.025895922072375760e-02
4.738215585878533670e-02
4.920430478793649115e-02
4.631549878128823905e-02
4.887054324420618545e-02
5.006233947814444502e-02
4.680443417719165611e-02
5.161314301873656113e-02
5.086662315160679626e-02
4.933415476060269700e-02
5.311826949487923749e-02
4.309133509117318156e-02
4.968976515016588352e-02
4.531781028838270664e-02
4.682728799258369795e-02
5.135798614922559846e-02
4.628350378290103234e-02
4.999620808483861562e-02
4.769503237486566460e-02
4.645360928852453747e-02
4.764062619135205068e-02
4.629621608031725399e-02
4.970230635483018772e-02
5.252617319899426096e-02
4.939970082844179211e-02
5.290350483978589063e-02
5.096528962671399710e-02
4.977023391652173057e-02
4.781160422404316657e-02
4.805384706908689962e-02
4.711140156256270195e-02
4.963112228098800344e-02
4.444731364397677686e-02
4.986666300934939483e-02
4.180372046419594811e-02
4.540923700198422341e-02
4.786674599346908004e-02
4.724280269235858754e-02
4.644849658558661970e-02
4.734883735843396085e-02
4.599843040922206583e-02
5.191790587401706736e-02
4.825371466203594306e-02
4.736917746342263896e-02
4.231537203971809380e-02
4.474275565848050834e-02
5.017206780680909251e-02
4.700057227306758678e-02
4.731898861830098613e-02
4.897025388516774297e-02
4.319096765760592482e-02
5.040386638073582337e-02
4.443228139786488395e-02
4.306596397823704570e-02
4.518570261856170306e-02
4.759738897018215426e-02
4.737004877576753842e-02
4.927528627477360118e-02
4.521590564392700268e-02
4.956403537921098834e-02
4.362808774407035683e-02
4.943442761554259907e-02
4.988787718588535286e-02
4.888402721769146558e-02
5.159002565239025756e-02
4.250885632661709213e-02
5.091467218355062024e-02
4.826244801468298345e-02
4.915502383813571269e-02
5.091747246456940906e-02
4.471430218819457542e-02
4.533918542467523655e-02
4.729400175346371721e-02
4.474718471544082005e-02
4.300953123286734708e-02
4.574688633961693229e-02
4.918817758879288904e-02
4.761956278243682089e-02
4.750009583776947791e-02
4.699702031146201636e-02
4.686366402091372840e-02
4.871083032752046571e-02
4.660821354770833952e-02
4.466488192474404872e-02
4.494365768819135604e-02
4.821977077836139824e-02
4.734357698603778447e-02
4.619604849220278198e-02
4.858401723244532011e-02
4.723104121188827220e-02
4.781296072631392724e-02
4.330979151969856916e-02
4.884155968503341855e-02
4.692907317899484149e-02
4.692976534709806385e-02
4.890221525244610457e-02
4.443054296764643862e-02
4.523745313983703470e-02
4.697071426302347474e-02
4.564725516810765049e-02
4.909686332610922049e-02
4.398457311817793175e-02
4.388188216891159704e-02
4.374312805451349706e-02
4.593384865371071685e-02
4.390453643374578330e-02
4.335739454489858508e-02
4.139864847149742066e-02
5.019811503596113833e-02
4.187929134706044887e-02
4.325318496096849930e-02
5.044955894341487251e-02
4.733172200578113220e-02
4.916146901453276319e-02
4.750348815820552156e-02
4.936106587551986752e-02
4.954387469626831547e-02
4.440735976850972849e-02
4.863221446474397247e-02
4.652327472882106241e-02
5.078580446991370206e-02
4.472959007626883809e-02
4.780033135338099259e-02
4.812838246069379988e-02
4.646101501556940822e-02
4.517652001974790943e-02
5.195405178401064222e-02
4.521186806428430238e-02
4.569700457383944758e-02
4.661837685778552620e-02
4.957656650516555075e-02
4.719294559044952958e-02
4.391151628863049911e-02
4.729221570425280047e-02
4.596904993004028578e-02
4.693444468677814702e-02
4.621099900419186474e-02
4.476016645450019843e-02
4.554908913030171480e-02
5.007528383489871088e-02
4.422182499166844166e-02
5.018068215668852056e-02
4.811737449596756311e-02
4.645375421631237761e-02
4.816238042582931395e-02
4.520983972697106834e-02
5.152052598130101024e-02
4.725343068537107838e-02
4.498683028838022097e-02
4.388700445220554414e-02
4.536192813161065568e-02
4.766260096183753264e-02
4.553519837376154150e-02
4.294762877110581967e-02
5.082107183239832626e-02
4.699602606654696563e-02
4.858171922381527424e-02
5.026259323010803803e-02
4.616375372032471835e-02
4.611526684684328498e-02
4.600919859688985813e-02
4.352813717477339861e-02
4.646246021160379408e-02
4.595407330452276617e-02
4.596611910478533292e-02
4.539973932208945379e-02
4.611261910349353371e-02
4.585548140735739436e-02
4.295171547478258967e-02
4.594048351141158393e-02
4.634667960088261623e-02
4.537963450383162428e-02
4.574501395064786702e-02
4.474455556229932351e-02
4.482294804950607420e-02
4.668641415798478744e-02
4.617167977061765322e-02
4.876565270037651334e-02
4.492258161779962705e-02
4.671999802699142168e-02
4.348881292115790859e-02
4.166421794872877948e-02
4.576485900858379141e-02
4.397565237863598070e-02
4.506907735232991430e-02
5.096338189376470318e-02
4.611497219698527938e-02
4.417318179226964459e-02
4.618686553101549602e-02
4.451064128621317478e-02
4.819121725688031016e-02
4.660826958118446245e-02
4.502950838916184445e-02
4.787786547700208922e-02
4.226402828872544148e-02
4.535982136346685539e-02
4.646932966772910484e-02
4.728281565641467149e-02
4.687774095976963290e-02
4.650687915848396303e-02
4.538117768917956235e-02
4.905762705134178447e-02
4.451125289898212600e-02
4.502581462703930670e-02
4.474986088344142660e-02
4.647285275236743424e-02
4.597191271037130711e-02
4.571930423664462284e-02
4.718987837182563039e-02
4.494326718239530227e-02
4.664337231923159494e-02
4.569202429855039049e-02
4.355288733445455279e-02
4.567702621967836829e-02
4.505251664051126981e-02
5.043452717173173283e-02
4.573220427383554998e-02
4.586284924933740903e-02
4.416889560583251578e-02
4.305392917754869569e-02
4.378359714944488057e-02
4.923373849843025452e-02
4.651513421592555486e-02
4.563416459200862058e-02
4.492845652267769135e-02
4.157045424941385736e-02
4.746514829699565591e-02
4.646198379788009369e-02
4.447663784546131843e-02
4.413482425771699663e-02
4.702384748525116620e-02
4.730975697598134577e-02
4.305400374414947162e-02
4.395024496186614865e-02
4.717238274921891489e-02
4.534162493440780511e-02
4.651753049137044571e-02
4.865849185677690453e-02
4.615584739249402324e-02
4.791530042896275515e-02
4.732413012619803711e-02
4.619423283427771115e-02
4.668997769054263752e-02
4.640077631739429609e-02
4.950093948585289338e-02
4.417862058313610368e-02
4.465838634315802413e-02
4.522138683369768958e-02
4.862020984576293642e-02
4.488370643116320474e-02
4.592175408681898469e-02
4.586692973658390571e-02
4.367572958722198279e-02
4.236322067679338527e-02
4.726968522764895403e-02
4.586745918730535804e-02
4.619020446735030982e-02
4.550251834392087663e-02
4.405670412126329316e-02
4.337330923337598398e-02
4.548051226766448157e-02
4.434321113680298604e-02
4.697372235241981109e-02
4.595477942559094559e-02
4.500271278094718219e-02
4.755820699246269406e-02
4.444390962399286105e-02
4.840235165535363565e-02
4.429318636529507025e-02
4.583840048904823383e-02
4.592728000946530442e-02
4.437004068266024726e-02
4.882965472151275937e-02
4.372996348110672060e-02
4.283787390038834575e-02
4.250973616126697829e-02
4.691606457194349988e-02
4.329352326382072957e-02
4.651908667630331312e-02
3.991459588498787875e-02
4.581213986449416548e-02
4.563339097499299196e-02
4.470580526111023190e-02
4.564092605036924183e-02
4.632357112636966562e-02
4.756867198942705405e-02
4.360636539867329686e-02
4.332613866968009625e-02
4.672379490528752455e-02
4.753303803029924890e-02
4.615160522456331071e-02
4.491671920436680898e-02
4.516705015734422124e-02
4.749050227300663507e-02
4.330227992108526269e-02
4.445093046754198390e-02
4.667150710725601753e-02
4.394252048520831677e-02
4.301127162143214555e-02
4.519032486497931433e-02
4.821261809697741790e-02
4.587612794241353181e-02
4.599560129050406926e-02
4.330488772415529847e-02
4.559489864137913906e-02
4.272658846294647567e-02
4.493827869679958148e-02
4.082847177583130704e-02
4.567201902981424949e-02
4.497127239328461978e-02
4.421727899831834341e-02
4.897774019568962994e-02
4.714745929676433800e-02
4.361098764850170756e-02
4.537956491767585615e-02
4.399484499104630575e-02
4.827249557016453918e-02
4.602198513182147177e-02
4.849636278606348633e-02
4.389366708145749085e-02
4.390732344019095124e-02
4.345118248751479034e-02
4.436040586936421115e-02
4.190069488080473692e-02
4.752489029687398392e-02
4.685407188133511314e-02
4.583367255952840169e-02
4.204595511851099560e-02
4.190190466346115777e-02
4.441581153830963941e-02
4.612614712515265836e-02
4.556707918820605135e-02
4.482100162239787550e-02
4.529563223665631494e-02
4.218805989810330698e-02
4.700546242087235566e-02
4.685949382002482788e-02
4.664030033138487352e-02
4.269563834097720584e-02
4.432151340715007742e-02
4.368021500754122599e-02
4.478469230006652119e-02
4.992116091898918251e-02
4.693944188253758310e-02
4.126372843270215834e-02
4.399788054387879233e-02
4.486192927829733140e-02
4.442869553790285142e-02
4.079372343574343140e-02
4.114813213200775588e-02
5.138367114980361278e-02
4.195150417928855680e-02
4.399778917272277601e-02
4.482927363005930615e-02
4.124394380269355564e-02
4.568008981373115202e-02
4.162867392547051071e-02
4.264051063930621860e-02
4.366753966790274527e-02
4.481081294571478968e-02
4.526580784504961180e-02
4.682864763945268627e-02
4.593269254436536941e-02
4.462488589569862940e-02
4.507174582031642923e-02
4.371446187264367567e-02
4.602117751262267686e-02
4.612041090829890888e-02
4.537459650599201533e-02
4.144836848277757418e-02
4.183462299668282147e-02
4.461386923320089654e-02
4.377292700881289106e-02
4.687915750098810980e-02
4.547580296192180876e-02
4.125044662033537646e-02
4.583444627283985578e-02
4.450035362642875553e-02
4.383765785913042862e-02
4.204635754044599993e-02
4.406923678683832835e-02
4.813842818831823300e-02
4.291709277993553673e-02
4.404185017566229765e-02
4.350803368942841171e-02
4.282287089915239736e-02
4.500367911191498205e-02
4.474448472682492073e-02
4.290917524930827620e-02
4.414792564557996207e-02
4.198778506041991876e-02
4.704832919380590173e-02
4.236113090290487271e-02
4.324197249384832686e-02
4.593563027943455696e-02
4.195310790089266245e-02
4.314944931474879591e-02
4.572470639152017430e-02
4.759450274262530534e-02
4.734801736123768479e-02
4.472140644545186117e-02
4.332000696099151671e-02
4.433521251712078948e-02
4.497642598285710863e-02
4.363927880862020908e-02
4.139706276364676918e-02
4.462158779449253848e-02
4.559135949315645808e-02
4.199486052806176983e-02
4.361793362525676065e-02
4.128497243857890547e-02
4.262823521098922652e-02
4.305546079393103576e-02
4.356209930342500036e-02
4.243854352142214376e-02
4.184201145908003627e-02
4.541235109057397551e-02
4.809026001744911433e-02
4.180404627061932998e-02
4.415809074432256592e-02
4.595299904447099765e-02
4.259900482320186366e-02
4.135662618594339313e-02
4.335424039892107895e-02
4.637828865151510938e-02
4.403950576065776557e-02
4.840945823648001856e-02
4.372528387773075287e-02
4.285323523064459017e-02
4.651938943143722055e-02
4.548836688256602256e-02
4.550641182816415886e-02
4.202982859452849412e-02
4.128441919857624154e-02
4.488499127070700451e-02
4.324071386294672803e-02
4.381515668726329582e-02
4.059778043718193646e-02
4.311973389250038646e-02
4.393730736921740848e-02
4.565083106876796637e-02
4.426106608955281824e-02
4.612085179896207449e-02
4.503992094050660033e-02
4.105740412523914418e-02
4.958730368817121370e-02
4.284694719615409625e-02
4.299820917216982952e-02
4.476559829680939323e-02
4.410961228614184576e-02
4.395177634592836724e-02
4.544734260766700173e-02
4.356973372158864932e-02
4.204287869784959636e-02
4.145762758319150587e-02
4.593906774023453349e-02
4.377221759761987241e-02
4.222304500884732636e-02
4.618678118263299520e-02
4.245875396164759674e-02
4.475255210516209531e-02
4.331429579649798134e-02
4.463963153789356209e-02
4.203195225516177802e-02
4.395730406529260031e-02
4.488232501097287608e-02
4.443520880744483703e-02
4.376496316804572018e-02
4.259222617721179771e-02
4.407228229711079859e-02
4.521124062188588977e-02
4.167913603618144530e-02
4.043348769572278900e-02
4.271307662455522958e-02
4.255282555392787130e-02
4.315867844466156344e-02
4.217249675667669034e-02
4.309580350433620671e-02
4.115619071352721176e-02
4.438714416040049487e-02
4.368991960862654567e-02
4.455371568505350766e-02
4.279350605800291696e-02
4.507710678687565364e-02
4.335670929685267461e-02
4.250718567736152392e-02
4.452153480835780580e-02
4.263623257672549682e-02
4.329152039494726933e-02
4.509524553563749871e-02
4.250693060094175996e-02
4.684824888342852683e-02
4.387069715082881488e-02
4.406744519915718750e-02
4.351091025905039905e-02
4.185205385901002301e-02
4.066519073695856051e-02
4.403687505850179679e-02
4.249392736688648725e-02
4.029426059277621541e-02
4.161658250051654406e-02
4.420045665717555611e-02
4.306211706452049703e-02
4.166525022142917450e-02
4.175346523590828252e-02
4.311999175890667002e-02
4.092922177943272843e-02
4.357741515521328796e-02
4.325152437665755883e-02
4.328380399766094955e-02
4.646466415596392507e-02
4.118661705163744607e-02
4.247675813913846105e-02
4.002662099597813911e-02
4.355248666837960303e-02
4.313234963180238163e-02
4.312366726787054266e-02
4.111875192163463172e-02
4.411678814420911393e-02
4.194455143789226764e-02
4.413156244767257874e-02
4.458639039087929773e-02
4.498299151622853903e-02
4.085120211349319019e-02
4.201714776206932900e-02
4.391221569463595736e-02
4.097646092279980806e-02
4.118843002341560089e-02
4.589203954057773094e-02
4.266246466619762895e-02
4.171134361041703431e-02
4.316285800848007614e-02
4.432424552641597154e-02
4.479672811996939646e-02
4.096934636957868386e-02
3.974376019704360663e-02
4.523467191546201582e-02
4.366817729998028613e-02
4.779817698813041554e-02
4.083736927379966186e-02
4.428378254939261544e-02
4.240470143402053776e-02
4.257835974163350079e-02
4.043411007197010576e-02
3.935024393604277110e-02
4.178751154038983645e-02
4.473064647171330621e-02
4.142953771656178452e-02
4.186624658704461016e-02
4.354903726652975537e-02
4.481005099654265800e-02
3.992728451354102953e-02
4.169295521039245722e-02
4.063384832770441241e-02
4.384531571184195620e-02
4.240556206470857264e-02
4.395235568391198805e-02
4.383710405115651132e-02
4.125644873722969508e-02
3.956717806264377357e-02
4.458958954246269174e-02
4.487269669755925700e-02
4.118394033651095326e-02
3.994171227913100031e-02
4.342384057887189314e-02
4.108265385028372907e-02
4.477390634362841265e-02
4.521279829421637197e-02
4.172142170672352851e-02
4.437813489355649232e-02
4.292583043209732829e-02
4.292218559241425119e-02
4.265459031635929210e-02
4.284458752915861618e-02
4.261526610433408191e-02
4.337482742682653714e-02
4.456696230035079448e-02
4.293205086751804289e-02
4.480533693817407431e-02
4.250803047851355737e-02
4.301524684974924323e-02
4.249261420044438825e-02
4.417251922079316190e-02
4.274170351046861771e-02
4.124385991223589176e-02
4.051510037504581913e-02
4.372538209038555335e-02
4.209021300068139376e-02
4.259179881155383818e-02
4.392153522426944789e-02
4.517041335709310462e-02
4.030984242949863655e-02
3.902907771349673621e-02
4.315949715388438940e-02
4.273693370075631881e-02
4.161551018805435126e-02
4.386013830483360965e-02
4.259880287666610588e-02
4.176335112739044259e-02
4.146147092284982461e-02
4.239512144135329508e-02
4.222701721893047655e-02
4.463855035962902007e-02
3.934732251942672093e-02
4.474979605138366262e-02
4.020794441051283447e-02
4.365100416554719420e-02
4.010374675715262099e-02
4.334796796990627449e-02
4.142092904681148047e-02
4.311311397093785247e-02
4.245135932235553217e-02
4.426465389649673898e-02
4.305213012457501098e-02
4.011173543792253410e-02
4.521511551888768993e-02
4.612348949499562450e-02
4.210449361640023619e-02
4.356863278155431729e-02
4.017765230539101229e-02
4.083749532995403081e-02
4.466490811004529549e-02
4.145014141009054770e-02
4.501875744719199823e-02
4.341733006887697061e-02
4.164184454909793109e-02
4.319460315604597977e-02
4.231038854615563199e-02
4.134806427727241718e-02
4.245715466611252320e-02
4.259389735894451162e-02
4.287299938561169033e-02
4.175844387330122226e-02
4.216341389241910070e-02
4.342420760866749774e-02
4.268349007535235384e-02
4.367875755231798163e-02
4.255852547988035750e-02
4.280046290581455276e-02
4.304758997423437095e-02
4.085309824694675906e-02
4.217795410614891966e-02
4.591026996167671403e-02
4.171416049708139701e-02
3.827779558495334605e-02
4.271423471144151357e-02
4.313314380239851448e-02
4.548494706531452936e-02
4.359339020264287046e-02
4.505918230789851542e-02
4.224826585494650955e-02
4.307772392666283506e-02
4.104154071527971875e-02
4.485081217063619646e-02
4.513789776603374659e-02
4.200377615096851508e-02
4.458658299916692935e-02
4.335660524279648376e-02
4.346171455699633646e-02
4.215667540038292582e-02
4.638333574416903665e-02
4.284328680184681937e-02
4.214468270688729451e-02
4.228468784256236151e-02
4.372849183313611693e-02
4.621396746095552538e-02
4.446201030327674719e-02
4.401324919217697307e-02
4.149212311190321467e-02
4.658671323214130799e-02
4.587367414212447508e-02
4.465027784725546928e-02
4.544099894351937008e-02
4.466496774215515664e-02
4.387020734080225581e-02
4.889582414895948109e-02
4.579732372031724424e-02
4.998064352741448529e-02
5.014919785079425402e-02
5.023381974485999907e-02
5.385744333636669628e-02
