4.544823032431965970e+01
1.305084700517068654e+02
2.059629685198868287e+02
2.247933273283069866e+02
1.403544555968896361e+02
1.029163225009588132e+02
5.985263076369482604e+01
5.242640502102911171e+01
2.285414772513430393e+01
5.168640823290105857e+01
2.068570660090716729e+01
3.523504383865171263e+01
2.635250916257551168e+01
2.899831092826186207e+01
2.147934036792808143e+01
2.699061474509265324e+01
1.546872226032723319e+01
1.980722183337156039e+01
7.109751121934966278e+00
9.702588708583084198e+00
7.213505659107248391e+00
1.123442525029514094e+01
8.178562274484987071e+00
5.657152111083958879e+00
9.460413829989738232e+00
9.324914818961516971e+00
8.298460078981490184e+00
9.175026179653780645e+00
6.985533802359566558e+00
6.748774083176792615e+00
1.036902712863243359e+01
5.534181374811567800e+00
6.379653039677919857e+00
3.643501035376746522e+00
5.077166335295686395e+00
6.186855767424376928e+00
5.089382620692847858e+00
6.053883810958905265e+00
6.436356680442537836e+00
4.955923443608901025e+00
5.579882067037716276e+00
5.558060053038969883e+00
4.619636242099651291e+00
3.232176400152962703e+00
3.046266065539501966e+00
5.173574397802001457e+00
2.093615290896297498e+00
4.267410573937578278e+00
5.000837126196651994e+00
2.785879623582124598e+00
3.741513638263654240e+00
2.606696142371499825e+00
2.524768428590394187e+00
3.278755348865501684e+00
2.916037562805565031e+00
2.904364473157497351e+00
3.266481102385769386e+00
2.587238224885939797e+00
3.473736572644225973e+00
2.825889651761817056e+00
3.148923234238014679e+00
1.835708492169984218e+00
2.068103096460904400e+00
2.957985604352734832e+00
2.160396621663927430e+00
2.455486184906372937e+00
2.739505291214860971e+00
2.969335976195348614e+00
1.940876482680943482e+00
2.354561541108355360e+00
1.685898249242379521e+00
2.993726689673442021e+00
2.578124141210612397e+00
2.175121541504841272e+00
1.963237393105371043e+00
1.788029843574327371e+00
1.731132563677789449e+00
1.572741421953047114e+00
2.074640669043319452e+00
2.059700685639812789e+00
2.480474436343423683e+00
1.808669961734415743e+00
1.361791162737310712e+00
1.773913966902736616e+00
2.057892041454522314e+00
1.760257330103069506e+00
1.389702719683381771e+00
2.205626371562093624e+00
1.665205164697166840e+00
1.680147941774974729e+00
1.835608098337640381e+00
1.816991876709699971e+00
1.406257010869751412e+00
1.292054654308889106e+00
1.374492689757280006e+00
1.647285287506829121e+00
1.254337829482158551e+00
1.679217882128465344e+00
1.806958535731677529e+00
1.490413546558060576e+00
1.493479822790110045e+00
1.301295414724757293e+00
1.677852780201109395e+00
1.091380822428417163e+00
1.433485046002045626e+00
1.719207119668031192e+00
1.886100348628461099e+00
1.250555454755650331e+00
1.487718088758400947e+00
1.207202655301204741e+00
1.467912182114033959e+00
1.155527429681553642e+00
9.276490492592217585e-01
1.253558550664106264e+00
1.622322979378315821e+00
1.691726959444534328e+00
1.469721170351723671e+00
1.248209531293355878e+00
9.728710301252664339e-01
1.568629848700201057e+00
1.205479428168362510e+00
1.430088341261059215e+00
1.090378574680299639e+00
1.101858106722772845e+00
1.189855280119726855e+00
1.180859448916805166e+00
1.245374160744690206e+00
8.860819480579285035e-01
1.229754137255996138e+00
9.754055315691213535e-01
8.504595543053178330e-01
1.220382906961443359e+00
1.090159528332898198e+00
1.161172149297767797e+00
1.450630418578702674e+00
1.081681901112022226e+00
1.067055539488764637e+00
1.208913754701698817e+00
1.046573485947219773e+00
1.084267754667341821e+00
1.169195323828196686e+00
1.069987433925711828e+00
1.019860420805892121e+00
1.133377594793032905e+00
1.024921007707214393e+00
1.026639594879094952e+00
8.071553223924636811e-01
9.228447942054001096e-01
9.522212291936842377e-01
8.001644274787279576e-01
8.530381066856037586e-01
1.042644700877638497e+00
9.088182119962079364e-01
9.852863348550543465e-01
8.172549726924414060e-01
9.148812198002146401e-01
1.057543484956221524e+00
9.670603295771580399e-01
9.933229594756098901e-01
8.201434865835619537e-01
8.109512602027145745e-01
7.690005493819750404e-01
9.143417115665493089e-01
8.867908774890941315e-01
9.840458786671518743e-01
1.066452879668876363e+00
9.139435393239778715e-01
7.372962998359182674e-01
7.907062741429562447e-01
7.665276525450981371e-01
8.370039293195651320e-01
7.571165009941467350e-01
7.581923028553414490e-01
7.566175128365202340e-01
7.707533911721597963e-01
6.926901602156753102e-01
6.711408063493077281e-01
8.623453672081194954e-01
7.193780700342198298e-01
6.226234024284500457e-01
6.518529035196765076e-01
6.015877793372116367e-01
7.369841322443908549e-01
7.815524206516100136e-01
7.126998607090698767e-01
6.790283905409952858e-01
7.784719038108256495e-01
7.293965824240352669e-01
7.847639240488079038e-01
6.280991753026194946e-01
7.160628056456547208e-01
7.467363129888878737e-01
6.480594975384912360e-01
5.128806506757545014e-01
5.958426663428907366e-01
5.782042325518073067e-01
6.081930033109508305e-01
5.678090116922892561e-01
5.588800421043652600e-01
5.299174815830062224e-01
6.314465695125636158e-01
6.247401152721548945e-01
6.885392177075650988e-01
6.612648183816314251e-01
5.723749125098466228e-01
4.876213219410402977e-01
5.323766354622813113e-01
4.294445556150019438e-01
5.674828058580040357e-01
5.584449924184086145e-01
5.402890291391979627e-01
6.153763241500522785e-01
4.736614232553906789e-01
6.166835735766944548e-01
4.802492322434677163e-01
5.233542133025200771e-01
5.825811170050206877e-01
4.400763131006441564e-01
5.271712805416495229e-01
5.486476461915008596e-01
4.635209898679504281e-01
4.563933560027100267e-01
4.869171221273738137e-01
4.662781776673767253e-01
4.270447642431811630e-01
4.735059756249895835e-01
3.956556614204992939e-01
4.407822503023325345e-01
4.312960219679627949e-01
4.384258724991290102e-01
4.962528412110172038e-01
4.774020754033953540e-01
3.724254725186537662e-01
4.566313427979428186e-01
4.156137259836206743e-01
3.703677623974719335e-01
4.158699759368713056e-01
4.111071569378419444e-01
4.162118764047154640e-01
3.936481377862298126e-01
4.048630457028443153e-01
3.902275459501988730e-01
3.567768470248735557e-01
4.010100581578187051e-01
3.535867488441200024e-01
3.800070596325635930e-01
3.645050778408560621e-01
3.085651354536994573e-01
3.427519132846242877e-01
3.441164799187555468e-01
3.908399149594589672e-01
3.309738718938352031e-01
3.121117638701426666e-01
3.162595772968975205e-01
3.858521604949797790e-01
3.214851713268077615e-01
3.462587967841744274e-01
2.727865855828606190e-01
3.228800432506179763e-01
2.919936448188711342e-01
3.259797491211183229e-01
3.209295786800748229e-01
2.897107633758763678e-01
2.268000901743294773e-01
3.107838748676741703e-01
2.454969462969275873e-01
3.006697803608508468e-01
2.618025767921244862e-01
2.364230868719177370e-01
2.752917935639146441e-01
2.991684729966351819e-01
2.595517895536594288e-01
2.667071947908963292e-01
2.204479881382029605e-01
2.164871006328816516e-01
2.804471853537373605e-01
2.286341174555913680e-01
2.645717179221077076e-01
2.070210399520788780e-01
2.428798903446653390e-01
2.647410084930691965e-01
2.374169082954233900e-01
2.338003027272368139e-01
1.940356293336732985e-01
2.074202213528544558e-01
1.966607216197364394e-01
1.803486099498012585e-01
2.255286197042865037e-01
2.046096198338736849e-01
1.902762068897744796e-01
2.553298866942346756e-01
2.075629535904754686e-01
1.800128877665989613e-01
1.943735743170199315e-01
2.266438154115542891e-01
1.925308369836464528e-01
1.696964023227374996e-01
1.916909511115880149e-01
2.040256327618903687e-01
1.830310864663053927e-01
1.759185054557046157e-01
1.599134929113332493e-01
1.900784285180379396e-01
1.927054686470306977e-01
1.673965374026004094e-01
1.619690811744465275e-01
1.659783597296101421e-01
1.819265416903449728e-01
1.873145862595053113e-01
1.613833959982631516e-01
1.333343536773335669e-01
1.487656282937772079e-01
1.425287559595089792e-01
1.557404905500429371e-01
1.613871439066827951e-01
1.404076501989639236e-01
1.468489941825011358e-01
1.581097608918076713e-01
1.435488184311764226e-01
1.310867069770197679e-01
1.673463482061038066e-01
1.339907925450400661e-01
1.353801396082918163e-01
1.194095797426334010e-01
1.485705375872818645e-01
1.309621176586573121e-01
1.346705051831133815e-01
1.328059087565304774e-01
1.260785186277240399e-01
1.368388905468312655e-01
1.292714515966205402e-01
1.217806424025993373e-01
1.278811667121323437e-01
1.006457704874981762e-01
1.228720396722196018e-01
1.254699657903099730e-01
1.308666252707861855e-01
1.445542910363889488e-01
1.265672107892722720e-01
9.964139923365521179e-02
1.221109458751014482e-01
1.418630169234337823e-01
1.113562734618136485e-01
1.011420806876770495e-01
1.182992895796342175e-01
1.017360379988039853e-01
9.525101391970169917e-02
9.821598212107875148e-02
1.036162841685255992e-01
1.165122755619386746e-01
9.996616674526573321e-02
1.050380650434591251e-01
1.254892144955693511e-01
1.106831775023149889e-01
9.211975072082410898e-02
1.057697492558272306e-01
1.123110945089972612e-01
9.117562036164680861e-02
1.131378931422905992e-01
9.723871269800578310e-02
9.667321610012011290e-02
1.086044497382262219e-01
1.078861165734751881e-01
9.764674093323259807e-02
8.662842148092651795e-02
1.010576419532003140e-01
8.496308799413901380e-02
1.082683622973779347e-01
9.877717180200969171e-02
1.029386865518116534e-01
1.058062922624296021e-01
9.910204121279633793e-02
7.852773445070833358e-02
9.332088443657571286e-02
8.949641050663240116e-02
1.016690915769210141e-01
9.348199418722186183e-02
1.009069726979548720e-01
9.508111340419805879e-02
8.680041555417904175e-02
8.852589577474070937e-02
1.012753878661440121e-01
9.434017778908478091e-02
9.432921631053275968e-02
7.471583118296282189e-02
9.117249359989326729e-02
9.372264436133208310e-02
9.816155366937132087e-02
9.345024379325471420e-02
7.974851607222245564e-02
8.204164943094259532e-02
9.318715495165012797e-02
8.177314262054224958e-02
9.509471337672131819e-02
8.664918061601112331e-02
8.042036348947577407e-02
8.650153604925335526e-02
8.142748542289802993e-02
9.332980758449861691e-02
8.100763461358287398e-02
7.825817451404451508e-02
8.724338189650600317e-02
6.978922867204798153e-02
9.733562807349213641e-02
8.160362951571822898e-02
8.277719915921905036e-02
9.489628251068531195e-02
7.236565628770642855e-02
8.036442290828461898e-02
7.615377195402261989e-02
8.111722242091430612e-02
9.053649621705495143e-02
7.248385688103584079e-02
6.976893943895944028e-02
8.087401218539201631e-02
8.810931382628089947e-02
7.416589151879625363e-02
7.602887965335215770e-02
8.080561263367150304e-02
7.910198537715043554e-02
8.166631843959068493e-02
8.255605460512832616e-02
8.328111939322620227e-02
6.393437752072896052e-02
9.509876537468765767e-02
8.628466448022660551e-02
8.607484550750245378e-02
7.620535099077670182e-02
8.263511079791339975e-02
7.924782347084563527e-02
7.082916000282499236e-02
8.039187474567494052e-02
7.474098441179855001e-02
7.349098868851999811e-02
8.044610126309648113e-02
7.987915859887359527e-02
7.995832667005675631e-02
7.672155770300169431e-02
8.380262274270303124e-02
7.728054852492828586e-02
8.870151940574733107e-02
7.839941830637095488e-02
7.818110876139244825e-02
7.262255651031257475e-02
8.639397456968388178e-02
8.132930718589946595e-02
8.494891394940885798e-02
7.142013586171991335e-02
7.620179753175819470e-02
7.684582325671049374e-02
7.925300499403822863e-02
8.011973261784594014e-02
8.168391125410193188e-02
8.337740798565078382e-02
7.665711749454300061e-02
7.466050522114900390e-02
8.005521293036815811e-02
8.498614415315171311e-02
7.384466340009293583e-02
7.982903594158866079e-02
7.862073412338246858e-02
7.975765793761219191e-02
8.224594726334454042e-02
7.876993165130620478e-02
7.007842723406676466e-02
8.301857174945471984e-02
7.686007837102636076e-02
7.502566943747625283e-02
6.884300130131039419e-02
8.019656691044871333e-02
7.979013781985203058e-02
8.314429674053094854e-02
8.612127789602701256e-02
6.542815375908739295e-02
8.223366801567195961e-02
8.025453927597332726e-02
7.378545130082057868e-02
9.347602687975828384e-02
8.145582031314962945e-02
7.930455745876346940e-02
7.210929869192078678e-02
7.305554160136476516e-02
8.015842750637788838e-02
7.682923384076709161e-02
8.753424588637771786e-02
7.488730649448556431e-02
7.042840102364048005e-02
8.332520076251859198e-02
7.605694685300251612e-02
8.067183516864478987e-02
7.669846838562678626e-02
8.289123943749145129e-02
7.631760574928372898e-02
7.335037147529009649e-02
7.694011150833607315e-02
7.936627942766694144e-02
7.995079607279817480e-02
7.235402196699443345e-02
7.780658535678659782e-02
7.165847911662548420e-02
7.695650924807920235e-02
8.138047261243670782e-02
7.957506935374415724e-02
7.222624494700526088e-02
7.075558320795806433e-02
7.277436283745890300e-02
7.869585783511742760e-02
7.981769093792868974e-02
7.380648379212649546e-02
7.480963307017755859e-02
8.011360661599370436e-02
7.231707376814633381e-02
7.298025279803888044e-02
8.129907267627244083e-02
7.228093215477258970e-02
7.815243535429086674e-02
8.132015632958107532e-02
6.915729181890264976e-02
6.566489012661862190e-02
7.041852088333604154e-02
7.258161033659681072e-02
7.486305336799149723e-02
6.983199169977798160e-02
8.024713327334050128e-02
7.482213907308107870e-02
7.252581345541433966e-02
7.710504847628524283e-02
7.884881748576078042e-02
7.203867238935333928e-02
6.706479527432718246e-02
6.967975030835951711e-02
7.181148426286437791e-02
7.343211385506893951e-02
7.100500483081040315e-02
7.441778616363828314e-02
7.480300955916230343e-02
7.578215511102001645e-02
7.553609061349113307e-02
8.120131211169125118e-02
6.983144514450204121e-02
8.287258037527374388e-02
7.132473313720720520e-02
7.269265383034732853e-02
7.300383006817252884e-02
7.577581195808039127e-02
8.084163576952338448e-02
7.653540160416887062e-02
7.084200904183503289e-02
7.955424157636968585e-02
5.911344536311143733e-02
7.385897181341324891e-02
7.312174223769511705e-02
6.856614178855331698e-02
8.058679055127636326e-02
6.150695292771114070e-02
7.404398989056708291e-02
8.010028826652589029e-02
7.411698522030708836e-02
7.648315747272636800e-02
7.113575739612613968e-02
7.303924706249168008e-02
7.647201311591439454e-02
6.581118341817615569e-02
7.053329728211650551e-02
7.230423815426337275e-02
6.718351911595257797e-02
7.633054337237162035e-02
6.668111058886425080e-02
6.993016396645103383e-02
7.551727723373298506e-02
7.039643780410587137e-02
7.212372896562152524e-02
6.616828019210262146e-02
7.470872694260942415e-02
6.905240495083497798e-02
7.503812472201404349e-02
7.544599863422611630e-02
6.942478873433254039e-02
6.984127347111179773e-02
7.149749960144323457e-02
7.171237965825857930e-02
7.313421464930811022e-02
6.726408246312512440e-02
7.585755767750529399e-02
7.201618352506491960e-02
7.999994040071840840e-02
7.186279136375070542e-02
5.954002876225695379e-02
7.447050328348153725e-02
7.536470243246205791e-02
6.950587263753027489e-02
7.240406465275454895e-02
6.804502307668136574e-02
7.566215471940561377e-02
6.771210467063910887e-02
6.679560622444680185e-02
7.350819851799564320e-02
6.812246000930410883e-02
6.871397744493853987e-02
6.771174093761274382e-02
6.872487304047791845e-02
7.233841390072298649e-02
6.054549653913126467e-02
6.049610043850661006e-02
6.787113104780301276e-02
6.610734316655442200e-02
7.211468887239881609e-02
6.884373251861319876e-02
7.229548698541311824e-02
7.401982305794105321e-02
6.277479673563136908e-02
7.244123413611262829e-02
6.251561469874654386e-02
7.551298326770483627e-02
6.952194990167681610e-02
6.714976195048302787e-02
7.826053312875773382e-02
6.804652355667520358e-02
7.923545207963431092e-02
6.089902950688719924e-02
6.531183476971588742e-02
7.419669638333256656e-02
6.815744428676831501e-02
7.422656962887995424e-02
7.382328584362184143e-02
6.390196209039258890e-02
6.417526033953971365e-02
6.365855714759424688e-02
6.407407611191548447e-02
7.619237507117722352e-02
6.594153207601333166e-02
7.487709823401043907e-02
6.599468459301562062e-02
6.029530945464939284e-02
7.695805730579162451e-02
6.892038381086329490e-02
7.393689652777039878e-02
7.358075651751583290e-02
7.226325317811888027e-02
7.153948103000672132e-02
6.349416513756454827e-02
6.693756251469332175e-02
7.208505886268759544e-02
6.389563854540866727e-02
6.524403135136901122e-02
6.006048214265905655e-02
6.348430163295387674e-02
6.710803599250211859e-02
6.259035143805480317e-02
7.105509648901137121e-02
6.699166303534380418e-02
6.723884940917995712e-02
6.916163385899250227e-02
6.571867124019001305e-02
6.563447927710523710e-02
6.087635877556672043e-02
7.198731800492814970e-02
6.990082994226315405e-02
6.221059676789227749e-02
7.284763458466606001e-02
6.627319747551373152e-02
6.850409237248514249e-02
6.708376863151216396e-02
6.378103725336478624e-02
6.431568185743845312e-02
5.748842692876510174e-02
6.499087835105334110e-02
7.063002429913099733e-02
6.854055805101456900e-02
6.518968187676038584e-02
6.715297258593312668e-02
6.110859795063858929e-02
6.341297276799312543e-02
6.781705998357943910e-02
7.207985260496010960e-02
6.296467529979155042e-02
6.314714748003161238e-02
6.997213849446594358e-02
6.155732131356430464e-02
6.255265587126862536e-02
7.050424710807143280e-02
6.120665366797107404e-02
6.542685530932663973e-02
6.186662160075398487e-02
6.594271795747934373e-02
7.142015770720010204e-02
6.335003979278225339e-02
6.984879861592774297e-02
6.327798549644866877e-02
6.554114620472521746e-02
7.359234982158466276e-02
6.170500695927865625e-02
6.984844414217687703e-02
6.718664522742912038e-02
6.283551717613636289e-02
6.382733101419024724e-02
6.190765781126907757e-02
6.959453605342519333e-02
6.910450588556350804e-02
6.736867459720304041e-02
6.600143039583473981e-02
6.689591741481279441e-02
6.805720770305473399e-02
6.033346878624099019e-02
6.331680623735219671e-02
6.898151418863299189e-02
6.882597644428503636e-02
6.719382197058890172e-02
6.707084022891998676e-02
6.315527550112721988e-02
6.957678716168277933e-02
6.539744148177377425e-02
6.793538498108277202e-02
6.905013518744142209e-02
7.156521594628509342e-02
6.938700172015499490e-02
6.130510902645754101e-02
6.674606181421624540e-02
6.627976157048709460e-02
6.616821921143652141e-02
6.324266828593480549e-02
6.896157293551051504e-02
6.165278622635846084e-02
6.567029808879627784e-02
6.781215968244737324e-02
6.187920006925833050e-02
6.020792350462039061e-02
6.860183795229729542e-02
6.889940256170910826e-02
6.149541984969542074e-02
7.253370702923196689e-02
7.282182761387000214e-02
6.484572474092899219e-02
6.823995922927547642e-02
6.323917708390981718e-02
6.942298622693077181e-02
6.835790234975937241e-02
6.705390989186868489e-02
6.701843976476752618e-02
6.852764038575094585e-02
6.247013644251456915e-02
6.894133095102565612e-02
6.460799649607293360e-02
6.771442780632355718e-02
6.755764636822433888e-02
6.532241228566773583e-02
7.105995886508120751e-02
6.087993022538348148e-02
6.624252689499045277e-02
6.747954571253879374e-02
6.354562190405485533e-02
6.382865822780944831e-02
6.186949445214773302e-02
6.484494579914627799e-02
6.526020447095631782e-02
6.637814371704578442e-02
6.847439688187589857e-02
6.684141260690378006e-02
6.324909692055151467e-02
7.104529227917480427e-02
7.017883263848766207e-02
7.389448850296190252e-02
6.055925778140324595e-02
6.192710813192790070e-02
6.659348943461693149e-02
6.928362241360980223e-02
7.460354293331174225e-02
6.656720710578029054e-02
6.542709763653981048e-02
6.474378035653970132e-02
6.456270345783807207e-02
6.651155554134464964e-02
6.001326503302590459e-02
6.756721199551304902e-02
6.653800183312889860e-02
6.219788474345554902e-02
7.013063344456711701e-02
6.198322535484489249e-02
6.743449224774147877e-02
6.647507826137973030e-02
6.390831871031250888e-02
6.951559394110212731e-02
6.324951143065900283e-02
6.194012961902181647e-02
6.472450090130617284e-02
6.174640883782340356e-02
6.684386323356820980e-02
6.187380025208716328e-02
6.907171836512700225e-02
6.811311634343572563e-02
6.368079721968888940e-02
6.451435062307714352e-02
6.421440751622710386e-02
6.461943038388737182e-02
6.722760676834425853e-02
6.460296676317517361e-02
6.889442564804744429e-02
7.272024432252993664e-02
6.263682899596779985e-02
6.652027016462945530e-02
6.316676801127403540e-02
6.708682995957920836e-02
5.959841176252222289e-02
6.513377250427319909e-02
6.651073594892530083e-02
6.564048445665010556e-02
6.709208164410622455e-02
6.480881257858008004e-02
6.827831904510751893e-02
7.032706670374361257e-02
6.368537417184851057e-02
6.533141779262865989e-02
6.559085995262937951e-02
6.825813152034856945e-02
6.593056499567619133e-02
6.025224769249224593e-02
6.718319480346947314e-02
6.798941694541911496e-02
6.219937119074415988e-02
6.861374104746068014e-02
6.803309614734662225e-02
7.011666673779075321e-02
6.802431730794530895e-02
5.632147032774459383e-02
6.873360324413012312e-02
6.471040799739243010e-02
6.378196547680001216e-02
7.283763615526993307e-02
5.986041405016181288e-02
6.657495286647820143e-02
6.527145350926105705e-02
6.397751144769305010e-02
6.739324832256762821e-02
6.683684854996188585e-02
7.821383281631612283e-02
7.123343122871224342e-02
6.694270794480233766e-02
6.664707677217047987e-02
5.730868453691216613e-02
5.904276368956566656e-02
6.354653731041416675e-02
6.282430818911301229e-02
6.546061398778914298e-02
6.435348785729648469e-02
6.384903601290704833e-02
6.804188418750067857e-02
6.423244280004261619e-02
6.522845244020528122e-02
6.039204376600876278e-02
6.279583453299261708e-02
7.383913468508054856e-02
6.542812910307722885e-02
6.611223318680990724e-02
6.520063894024755169e-02
6.638895165742213222e-02
6.211639009321341665e-02
6.534553385135596915e-02
6.442849379072199123e-02
6.492100780846268848e-02
6.397830135532006635e-02
6.697556031918690256e-02
6.274719632003328273e-02
6.665209857907272717e-02
7.008527090336534593e-02
6.636115023255911849e-02
6.871357194242427857e-02
6.505648460965465785e-02
6.571978508869608104e-02
6.426341178002765997e-02
6.410419710405149130e-02
6.468368952447156595e-02
6.379323870764726234e-02
7.164352616598414214e-02
6.700443059603353180e-02
6.038396364842098241e-02
6.720064293928093568e-02
6.596236417638672023e-02
6.020316064438280268e-02
6.170452751648149159e-02
6.651822509652088877e-02
7.124558928364640997e-02
6.318241496648090150e-02
6.781048721208586538e-02
6.438093452013443629e-02
6.892473905060594874e-02
6.541126547590943308e-02
6.650498175483786356e-02
6.935933107914314666e-02
6.398466615747472330e-02
6.296931671421968080e-02
6.865715368490729609e-02
6.453188840203255561e-02
6.531735899720850225e-02
6.250472916777362331e-02
6.129760992752533028e-02
7.143155318466280768e-02
6.161134507694467771e-02
6.847833082263242443e-02
6.455908159341490482e-02
6.481562577038911532e-02
6.232731557183002202e-02
6.499293566068271855e-02
6.361797241394179236e-02
6.337903229604308075e-02
6.617554644681436504e-02
6.345053771622422012e-02
6.502236897678016769e-02
7.097658288653704850e-02
6.373226714278086569e-02
6.424224731506325559e-02
7.141988324823718426e-02
6.759077883438023571e-02
6.075472880572322515e-02
6.354306860842516558e-02
6.396141536770415248e-02
6.848529563321938129e-02
6.775157000957733600e-02
6.638919497524641000e-02
6.834746184099461941e-02
6.356822815684289030e-02
6.441689634413653998e-02
7.572140482872129208e-02
6.159050589406516590e-02
6.794592216472794544e-02
5.917054836435749199e-02
6.588220798381336230e-02
6.348889100818681797e-02
6.254303851023647332e-02
6.968550465915347714e-02
5.773252630615046538e-02
6.420763246355962184e-02
6.570405348709840165e-02
6.234501876490949196e-02
7.077187366652086531e-02
6.907273195076135686e-02
6.071175475815038941e-02
6.749631226729108091e-02
6.143546013764581565e-02
6.620699603726407090e-02
6.535769126817030095e-02
6.586641890521603704e-02
6.428978399587916004e-02
6.570894867497724390e-02
6.402017561624170905e-02
6.054960975173882126e-02
6.663145507139386914e-02
6.072800449213459906e-02
6.138384573840563463e-02
6.433760846372123254e-02
6.883966151871863393e-02
6.204289259453318883e-02
6.577062303222858120e-02
6.742453192666673922e-02
6.618703270436189501e-02
6.383341238947513874e-02
5.388884645203065316e-02
6.967565530437472288e-02
6.270782202572268427e-02
6.182952878388991297e-02
6.612863849975429698e-02
6.572119052668570771e-02
6.654262036511779388e-02
6.251835428120071370e-02
6.227696261931198185e-02
6.205123374318827212e-02
6.289829510852251726e-02
6.592261811215165135e-02
5.992626495608416315e-02
6.525420074490445588e-02
6.215620214203214366e-02
6.631586521105635457e-02
6.272382158430034327e-02
6.517589845030649642e-02
6.606342793912399480e-02
7.096895055675872532e-02
6.432429835256893436e-02
6.643719948907791939e-02
6.526883077977399528e-02
6.410569029283380571e-02
6.569988116706863834e-02
6.755087764238115744e-02
6.475713183255923933e-02
5.973605584050677153e-02
6.324093348871950848e-02
6.796135763511197692e-02
6.792080305122945305e-02
6.717973261245764605e-02
6.989397770326055692e-02
5.841677442408645116e-02
7.000694752740659055e-02
6.400369773124686690e-02
6.267881020942950299e-02
6.353711430162789497e-02
6.605603216254683774e-02
6.725376955536004064e-02
6.619357920296091435e-02
6.974380984950359630e-02
6.855036916018085458e-02
6.667223437076580383e-02
6.099895311851884910e-02
6.702061619403434922e-02
6.424869609549205274e-02
6.470749425591394710e-02
6.294923735426487255e-02
6.590500290293459240e-02
6.381602846273932983e-02
6.656337818651909821e-02
6.706901490884421835e-02
6.073480745306664846e-02
6.532475045899716060e-02
6.403671809670521964e-02
6.245425655716362739e-02
6.324905711193964941e-02
5.987845901674937465e-02
6.100137284954950528e-02
6.241882976584001846e-02
6.652058728865248294e-02
6.238410861224229914e-02
6.210573988696287823e-02
6.200009248723253180e-02
6.131037727762931461e-02
6.120550570629495341e-02
6.324037553021275015e-02
5.893759710080225672e-02
6.747847862676703556e-02
6.639974614854535218e-02
5.986845410374330018e-02
7.072210611058973861e-02
6.185225747026200371e-02
6.306660563145730092e-02
6.674248895514511837e-02
6.201321499102263601e-02
6.716481214223239682e-02
5.892101358114914395e-02
6.587616459588825635e-02
6.250903733380118454e-02
6.617642524004734017e-02
6.768974980600422908e-02
6.107352454975040895e-02
6.587463996429401836e-02
6.468593467451939916e-02
6.328481688744247435e-02
6.519790097888504554e-02
6.145792562364368189e-02
6.116207137292238583e-02
6.756219889173267767e-02
6.352938172934288752e-02
6.715925700134280085e-02
6.924473734060410113e-02
6.296821987885978245e-02
6.237430260901870305e-02
6.067603363358423790e-02
6.349495893852823147e-02
6.306331795911335192e-02
6.207700665894361203e-02
6.687889694881885005e-02
6.342942847832759579e-02
6.204564269901767515e-02
6.506461145196883178e-02
6.380769255686977171e-02
6.740857751929568709e-02
6.020742757737444079e-02
6.295003823867628689e-02
6.514729268276059360e-02
6.049387281956807028e-02
6.166580170131170935e-02
5.798457300655662783e-02
6.273159247404561101e-02
6.851460293451384909e-02
6.000246169321558215e-02
6.437510012857282360e-02
5.961883657920679508e-02
6.078548514869546587e-02
6.245771982278458534e-02
6.057244599209709451e-02
6.502893120861558129e-02
6.236997369703709687e-02
6.353166265388110467e-02
6.668146327594733080e-02
6.407014739965515016e-02
6.909744208803879351e-02
6.495594997697880235e-02
6.330033372237080236e-02
6.455559721030254550e-02
6.731939122279013976e-02
7.187719467565024944e-02
6.025671731104219331e-02
6.688224862517409830e-02
6.654321757157086181e-02
5.741333084142676707e-02
6.646029242150736094e-02
6.347196265001439630e-02
6.394520673697046131e-02
6.736671372658266377e-02
6.703742465105708148e-02
6.079499291751052498e-02
6.156839467218792883e-02
6.716964691311982927e-02
6.567180178265530355e-02
6.448733124832237151e-02
6.614819124681051155e-02
6.667802370370093379e-02
6.152522478211937262e-02
6.552527841318443735e-02
6.530383537975952002e-02
6.546350063100038474e-02
6.484723087413038489e-02
5.935514758771905791e-02
5.783183032955180325e-02
6.652782494046559358e-02
6.187338905076797402e-02
5.743748958588910242e-02
6.514213058131046452e-02
6.850659411231610485e-02
6.037234878694167084e-02
6.648103943446895259e-02
6.447525255783453924e-02
6.455296461305071176e-02
6.383837640823884774e-02
6.043238424102070211e-02
6.199982103189934785e-02
6.098098004672269923e-02
6.087598555834568964e-02
6.256181131780005900e-02
6.318287106387407426e-02
6.236281388208789883e-02
6.322610660603503185e-02
5.898186508832850561e-02
6.502097114799411381e-02
6.405365104353642758e-02
6.147714181516961141e-02
6.516408868094630824e-02
6.175845476002116835e-02
6.557989343294186313e-02
6.523658237187909825e-02
5.975484784895597479e-02
6.264588404428302060e-02
6.076447227739752155e-02
6.238378770013022767e-02
6.371842252300330411e-02
6.192599345879221118e-02
6.264885083962289103e-02
6.138613505992404629e-02
6.619200599494132198e-02
6.228276525774982531e-02
6.340142108825783107e-02
6.582071815957565852e-02
6.461941007400134884e-02
6.121077155241224504e-02
5.915220181957790702e-02
5.718847062059498332e-02
6.854832319005151053e-02
6.290873443180068636e-02
5.753062188733316235e-02
6.471371624849397985e-02
6.694449406219656062e-02
6.589966021089631310e-02
5.834149072953969534e-02
6.437664161199563306e-02
5.940709852601386287e-02
5.692588015244521432e-02
6.379158998161763017e-02
5.846899042941068603e-02
6.787115843099675305e-02
5.919946477744170849e-02
5.887105753961188737e-02
6.133076902922666995e-02
6.659603148724704824e-02
5.811075529544502960e-02
6.604075431402080254e-02
6.157735297459158985e-02
6.124950329329668930e-02
6.504334809723731625e-02
5.884472089207049700e-02
6.563817744322959780e-02
6.153452774634123046e-02
6.447544155939013977e-02
6.628560914562110773e-02
6.516661923212493934e-02
6.382691539364063193e-02
6.185965027333190785e-02
6.288776479836648281e-02
6.338673561735352902e-02
6.146044694694683536e-02
6.306482167289276242e-02
6.554214367973912325e-02
6.067111991236225771e-02
6.500678838521757597e-02
5.945176102450537570e-02
6.465917962256186036e-02
6.265416393078110380e-02
6.077169987430517534e-02
6.682994061502739447e-02
6.173320558707259820e-02
6.480186482477173771e-02
6.081655062429925512e-02
6.541607987474566677e-02
6.330144801594697612e-02
5.946696783624629695e-02
6.542758510939331029e-02
6.624487176630491914e-02
5.879729064656701032e-02
6.102451076951279085e-02
6.296726138459228517e-02
6.277586358738980465e-02
5.876993540905328661e-02
6.175090943716526892e-02
6.243317090120303198e-02
5.914076926561325637e-02
6.097623306675530042e-02
6.320520994281092486e-02
5.811417460891689368e-02
6.214996645280163046e-02
6.239861988168911994e-02
6.383673995193499262e-02
6.493584609012534314e-02
6.501396941011261532e-02
6.146619444801033894e-02
6.600249465669490168e-02
6.226118357578784568e-02
6.004208893153854809e-02
6.318614366119100489e-02
6.644164392282893294e-02
6.396887198757593429e-02
6.106387845063482311e-02
6.173539524965653696e-02
5.950081071480057410e-02
6.426567061139568104e-02
6.095533533998877956e-02
5.720291110749717994e-02
6.661531389929163660e-02
5.840126607969035877e-02
6.060555161048001432e-02
6.100952130956825703e-02
6.669815424642583368e-02
6.119345699871211325e-02
6.253717581569173678e-02
6.485817334345048146e-02
6.239775446621714100e-02
5.789775146790357430e-02
6.569382684094492164e-02
6.045153811997042159e-02
6.897336390052119515e-02
6.080647936733542258e-02
6.526558490953864033e-02
6.021918559477011657e-02
6.115607756730569861e-02
5.969815457736542264e-02
6.164020288745360870e-02
6.176720442164078395e-02
6.307993737805318857e-02
5.971823700246039340e-02
6.223033169181860225e-02
5.911413927821494024e-02
6.200435763914062537e-02
6.182662175618019312e-02
6.375931491332370582e-02
6.154250784666142476e-02
6.392528668930876068e-02
5.599090660635830385e-02
6.377113947949691886e-02
5.814049267317495523e-02
6.544555045331985899e-02
6.274622325716765203e-02
6.157542708483403765e-02
6.492366975379529337e-02
5.898745346405236123e-02
5.809741314390474282e-02
5.857319507218610583e-02
5.797055924718386155e-02
6.561069519919092430e-02
6.085786335813143239e-02
6.216855412949624793e-02
6.342707700128229209e-02
5.958216259594013159e-02
6.128450324268049781e-02
5.703128171613686820e-02
6.291629554401934055e-02
5.990973662497273144e-02
5.768051674922729244e-02
5.868713059060953058e-02
5.924735682292404937e-02
6.403770138638288645e-02
6.704820319268188500e-02
5.876649548066331663e-02
5.981357281694460459e-02
6.443349492549368951e-02
5.746122242350761022e-02
5.921514509363229317e-02
6.159488852690497840e-02
6.106225060293749701e-02
5.908683442985636358e-02
6.135536603738701161e-02
6.310568225632952333e-02
6.349210509699142191e-02
6.122352497755984002e-02
6.068906177747393493e-02
6.422547326130166601e-02
6.178052211354718992e-02
5.900132763240641121e-02
6.203986712765463540e-02
6.652707070653336718e-02
6.015880417200296371e-02
6.089807728499581352e-02
6.473277131679100460e-02
6.147143762115823279e-02
5.393618752479425321e-02
6.333711933212690659e-02
6.551238935294148580e-02
6.052624647516322703e-02
6.155299845921149982e-02
6.220742505798927680e-02
6.055324649396598424e-02
6.257841066018772491e-02
5.987761289648035889e-02
6.532655800927998635e-02
6.246506745663826105e-02
6.156069341059455108e-02
5.736850094096679342e-02
6.032261963820463591e-02
5.873877254154373506e-02
5.623868110937791515e-02
6.338306976476380805e-02
5.753792098247066666e-02
5.882849151978603031e-02
5.865966966173292996e-02
5.796305617944125244e-02
5.965024370231272050e-02
5.975303508756327903e-02
5.580986681197735305e-02
6.027398455194261234e-02
5.905359309004391821e-02
6.137044572219778338e-02
6.138976114943786588e-02
6.211728343654233930e-02
5.910418668520366070e-02
5.888326391534692145e-02
6.037609971624140204e-02
6.246875859757405197e-02
6.333569075433219397e-02
6.297129366640238923e-02
6.352703332426357097e-02
5.919777269876434767e-02
6.087522219977250376e-02
5.552655808506372359e-02
5.818657101659801406e-02
6.338847360608204640e-02
5.856668030666407204e-02
5.786634900433441225e-02
5.993405939887595096e-02
6.307558356284913292e-02
5.324974705270113517e-02
6.205078470829482329e-02
6.303278143364959840e-02
5.570284470454698461e-02
5.747958641304151683e-02
6.019400292929748958e-02
6.267416448223156467e-02
6.164947104605916772e-02
5.543100326676508177e-02
6.293357991858526679e-02
6.282824163875945500e-02
5.846938389690709004e-02
5.742536712740179544e-02
5.686611862567889086e-02
5.981678156121618406e-02
6.176717261113459645e-02
5.666458683426726234e-02
5.894319420471993282e-02
6.134049916880793263e-02
6.109722399416225858e-02
5.759428860902156277e-02
5.908006204558459429e-02
5.974636809575108870e-02
5.918234111018313981e-02
5.805095389162511638e-02
6.514871644757649904e-02
5.934709810275730357e-02
6.032401394135880612e-02
6.080623723449776058e-02
6.184608251609907681e-02
6.240349757926876711e-02
5.521058410687415541e-02
5.743768217332009818e-02
5.539628239539332727e-02
5.799881185202072909e-02
5.904471860408275902e-02
6.184154105227609999e-02
5.813464678026394189e-02
5.904142858314971598e-02
5.854292817244714786e-02
6.001917358771646088e-02
6.195510887928503546e-02
5.670627814949311118e-02
5.776457854912284140e-02
5.777498046599879866e-02
6.338028739859709326e-02
6.102713311700125320e-02
5.929066879243940352e-02
6.240007188459165133e-02
6.024533953728144348e-02
5.873745975855295537e-02
6.485484264943304489e-02
6.175769575751054175e-02
5.793008930706950582e-02
5.991506898835272793e-02
6.521277652092294375e-02
6.144586194121649803e-02
6.185704571699494891e-02
5.899746032522926176e-02
5.876212104720961865e-02
5.595800239025207345e-02
5.635635436607159404e-02
5.875731792475710064e-02
6.209241359358923240e-02
5.657907996281749674e-02
6.091114686496002656e-02
5.955092610329264929e-02
5.697672794581814387e-02
5.612034532596330699e-02
6.218880952426491387e-02
5.687176414410155534e-02
6.212563952535809370e-02
6.082980445765923810e-02
5.815954259163916285e-02
5.965573228475116313e-02
6.087901570785013428e-02
5.801991719544471321e-02
5.827501750699203009e-02
5.945910613760151814e-02
6.371173471406738065e-02
5.678444293940738963e-02
6.205406651150828512e-02
6.160257718431596391e-02
6.087949333741303481e-02
6.330704550284783905e-02
5.726770360161032025e-02
5.990342529611697442e-02
5.604753055550072000e-02
5.868709098824859832e-02
6.046000603464810746e-02
6.122340829603178242e-02
5.987454078984472822e-02
6.313269086138895148e-02
5.972624337759055435e-02
6.083513924721436344e-02
6.204461781516189267e-02
6.134895994937315106e-02
5.772595699037751799e-02
5.604385017175478323e-02
5.820029872302774632e-02
5.945880732498604743e-02
5.828917234750927157e-02
6.358577635367501646e-02
5.606502467258830946e-02
5.729335242795528804e-02
5.903254103272878583e-02
5.810361525980767272e-02
6.103103868486910860e-02
5.862254751187379737e-02
5.939335598138498207e-02
6.301545844599283630e-02
5.625514411604912168e-02
6.072725396817527099e-02
5.777753703337661778e-02
5.970736000203593491e-02
5.980349812628693584e-02
5.653323911036978872e-02
5.843373106647576504e-02
5.852041096642778689e-02
6.411995936902738225e-02
5.840680161429022410e-02
6.140689114159784273e-02
5.789333967757230581e-02
6.098146420458494532e-02
5.903042034837205354e-02
6.105048626642832488e-02
6.070998790464881417e-02
5.369931979523819010e-02
5.991030293655905808e-02
6.297406713273839829e-02
5.703084759633993833e-02
6.108239583349266838e-02
5.896802183250886981e-02
6.146808108906980095e-02
6.129496674937795486e-02
6.347734578755102886e-02
6.122384658299574040e-02
5.935361147316760982e-02
5.897282713073583732e-02
5.832521541671299714e-02
5.951209685658404025e-02
5.917912688239160279e-02
6.279344755967200542e-02
6.047124104420714685e-02
6.029935759045942922e-02
6.126192320050968809e-02
6.588547162712465877e-02
5.920220753945219100e-02
5.755963529072326973e-02
6.019085439356634815e-02
5.851399297242242808e-02
5.752440357249376246e-02
6.194541608480871875e-02
5.972212830080980001e-02
6.310648599053593488e-02
6.053398533689569039e-02
6.026420668762105803e-02
6.118524673770601302e-02
5.733466652667229546e-02
6.043526534046099463e-02
5.902530203783908080e-02
5.911248764321961474e-02
5.789406177026083095e-02
6.090674061253005533e-02
6.144025331787784233e-02
6.271419073389677967e-02
5.945749304053660200e-02
5.920637325016849667e-02
6.073961892235377191e-02
6.322198806743932475e-02
5.845028392694665009e-02
6.211616589028159940e-02
6.287422032365017066e-02
6.121628919164896071e-02
6.108384759544351755e-02
6.501718566234701568e-02
5.982350246929891979e-02
5.991524393818525862e-02
6.370586043092175965e-02
6.952189682118213587e-02
6.679441919439541020e-02
7.196530215348227733e-02
7.484524782533365228e-02
