5.548261295525978198e+01
1.515738656526654609e+02
2.103701737591975132e+02
2.185941063871148060e+02
1.431127390325214890e+02
1.043208913173282042e+02
5.631928525761176729e+01
5.178216661950350641e+01
2.503019119539818149e+01
5.200574198589986707e+01
2.128651918796355957e+01
3.556137331244119082e+01
2.689004553022581234e+01
2.793461360967518914e+01
2.181334426879346466e+01
2.838527542060497311e+01
1.452465201204757328e+01
2.121408337418813161e+01
7.579787948067389536e+00
9.474236883859987302e+00
7.492419149913765786e+00
1.007610574358238686e+01
8.223171367997458958e+00
5.825318356718958590e+00
9.483242513931871898e+00
9.147147332966856226e+00
8.688564234420901755e+00
9.065521936685669857e+00
7.379489352294120508e+00
7.179762856190111009e+00
1.067062227081294168e+01
5.188332472493678793e+00
6.325819905628917716e+00
3.699992323503683345e+00
5.008657557444275987e+00
5.906173835163756713e+00
5.473683838701711935e+00
6.753711842851532587e+00
6.756605882162064702e+00
5.345975228032429527e+00
5.245360533097843891e+00
5.531051626888114470e+00
4.486014289090436868e+00
3.451086747055613468e+00
3.298713314904950789e+00
5.019908108841544703e+00
2.212601665662297989e+00
4.366373593364982320e+00
5.079940864422327174e+00
2.786403039005568516e+00
4.070463282029763263e+00
2.525944544809293646e+00
2.606447183978740867e+00
3.190951754830929854e+00
3.140310899723739890e+00
3.036503569666874291e+00
3.165524646052195301e+00
2.496963173176525164e+00
3.511862320406783144e+00
2.839916417594014586e+00
3.374529474004916096e+00
1.925216193934294884e+00
2.035080552280678745e+00
2.788424986891351320e+00
2.183327897607770574e+00
2.522235001436802460e+00
2.806412123901757205e+00
3.008802424613029824e+00
2.152543352588168535e+00
2.150678238518237695e+00
1.719853328020799710e+00
3.256597281232372687e+00
2.448249909130038482e+00
2.167636572007295648e+00
1.861464897127961926e+00
1.848275511986343878e+00
1.724571042346484395e+00
1.646788285699578136e+00
2.348037656353556102e+00
2.046009557913007093e+00
2.596728389220221977e+00
2.041265777262811998e+00
1.251090837594749816e+00
1.824383849362886556e+00
2.119137678948237902e+00
1.746792471309001726e+00
1.407620830016445002e+00
2.212459787682354406e+00
1.527734703275077210e+00
1.735187040675706616e+00
1.764842921577048029e+00
1.890338300978847919e+00
1.436441171226928715e+00
1.324118329493557233e+00
1.409136171344426591e+00
1.536771558230714430e+00
1.217347671409039433e+00
1.794698025423072663e+00
1.905519380813664343e+00
1.447795979977879011e+00
1.414746349918351020e+00
1.353615303964603500e+00
1.587064269967873420e+00
1.246315727622058889e+00
1.486418926264105878e+00
1.659566388879887944e+00
1.859417282902967816e+00
1.211854025567770110e+00
1.613516662331002660e+00
1.248211086743505893e+00
1.519847186137929240e+00
1.186195472914711280e+00
9.434398104006213037e-01
1.337137666503059208e+00
1.705025815577152271e+00
1.742804662561881379e+00
1.497842493931815566e+00
1.283566916657449264e+00
1.074291853030190591e+00
1.651880136309710423e+00
1.214957509396836111e+00
1.502817559601590691e+00
1.137819941791752276e+00
1.043598549940833564e+00
1.214042674197611138e+00
1.227738103210855858e+00
1.288152142906720643e+00
9.035411211164224854e-01
1.330245734011548331e+00
9.981780039963092932e-01
9.213346740096670651e-01
1.205597265344481306e+00
1.095834030831974282e+00
1.244015524746334478e+00
1.488602247843860304e+00
1.048035317878540651e+00
1.204667568628842833e+00
1.240134919604999553e+00
1.005338393018486043e+00
1.253838543192442367e+00
1.192384890393214381e+00
1.114974274686878042e+00
9.915650135392763964e-01
1.173897203649085785e+00
9.952104198030095050e-01
9.041176899042213666e-01
1.021928196735061967e+00
9.063476755883410618e-01
9.886128899248944890e-01
9.139413693971903951e-01
1.013034659073923871e+00
1.092179437982367052e+00
8.936374264367112907e-01
1.070040939169214056e+00
8.326352025854599770e-01
9.316591809666865398e-01
1.151313971144831250e+00
1.056883046983853047e+00
1.066164888987790382e+00
8.994689691448637392e-01
8.991126234578850074e-01
8.125618255091666686e-01
9.750541453810646075e-01
9.327145434283430347e-01
9.714470775484052023e-01
1.134124862784418486e+00
9.317238303686247169e-01
8.112420959155967060e-01
8.167701211729824218e-01
7.664577575988958946e-01
8.314798444884007322e-01
8.519291913345997669e-01
7.961808168260663399e-01
8.151057348061860885e-01
8.470265271588914846e-01
7.156110856175124102e-01
6.566649698072704044e-01
9.965134553029456610e-01
7.561690568445764704e-01
6.574763670783702052e-01
7.232999902698126204e-01
7.010320023647454990e-01
7.619795100702543289e-01
8.683414011630347096e-01
7.767187470824158391e-01
7.002773523533687428e-01
7.970550144729000586e-01
7.815024002236414802e-01
8.256326237934321632e-01
6.980215414028122511e-01
7.844890114518247026e-01
8.194509456536676062e-01
6.787802132519510367e-01
5.252691426267067643e-01
6.875632035686121135e-01
6.311284039230236065e-01
7.074226619724006682e-01
6.246353414048804176e-01
5.893848350463816166e-01
6.083706277574483234e-01
7.109494796764085356e-01
6.989662816749789842e-01
7.423968670277711901e-01
6.326381204912545630e-01
5.976562555146809341e-01
5.122476610783993634e-01
5.927340533393413713e-01
4.639864159079862271e-01
5.919276834690579969e-01
6.236510704343816158e-01
5.649096920251849285e-01
6.268758751249197125e-01
5.903880730414606814e-01
6.833680511805735325e-01
5.637320000497536565e-01
5.435208596536696968e-01
5.673634640710680799e-01
5.260221369391661073e-01
5.330343942290205472e-01
5.300881956818157548e-01
5.177344096119734784e-01
4.966232682980220026e-01
5.383853619729431772e-01
4.930539255290178335e-01
5.125028055569648133e-01
5.274845342046260432e-01
3.858863425103868372e-01
4.251567395857204779e-01
4.869997769144593924e-01
5.084012021772739143e-01
5.236595666927789106e-01
5.171785675254293446e-01
4.143399598632594438e-01
4.917098648653606130e-01
5.348530132646673874e-01
4.388102071826908146e-01
4.625086951105341071e-01
4.031785408261016057e-01
4.537292819414506795e-01
4.513765920329389503e-01
4.153135699996907682e-01
4.447882735217025263e-01
3.772459548167120813e-01
4.634677042715621975e-01
3.876013704604205912e-01
4.104232439367589413e-01
4.027050801400842150e-01
3.189395909152550890e-01
3.771645943706978810e-01
3.411232872785108783e-01
3.944204073828687651e-01
3.219846531454993999e-01
3.631093879202369479e-01
3.811171318473970393e-01
4.075184166068310243e-01
3.458560612816194979e-01
3.408472794244176152e-01
3.243330816532155048e-01
3.486026714531399451e-01
2.946566576096881773e-01
3.767410055200543506e-01
3.422995497301195011e-01
2.915150644136041969e-01
2.758649285366823745e-01
3.066286401590291311e-01
2.865641502496414361e-01
2.998515741241060129e-01
3.021815251004441039e-01
2.722574182922580244e-01
2.847892743746380240e-01
3.084853621655489486e-01
2.916000856442012013e-01
3.004958457189974563e-01
2.770851866303972733e-01
1.921088470764572564e-01
2.805649580401743393e-01
2.689962455456788026e-01
2.797778243206599513e-01
2.313036465244973916e-01
2.428946375836299187e-01
3.021846494732470800e-01
2.965932473609532161e-01
2.454080722766967260e-01
2.112537371294205546e-01
2.474655698169565821e-01
2.178840699908969059e-01
2.282487468646857143e-01
2.699413665235195214e-01
2.435589169128929143e-01
1.796809937801248647e-01
2.207735820121013992e-01
2.629102041398420631e-01
1.942926201974395639e-01
2.210107034810654958e-01
2.395834678463726330e-01
1.849367007948373443e-01
2.033434277941653934e-01
2.111495985698579603e-01
2.388973711816791134e-01
1.802251681123873406e-01
2.171662926685775374e-01
1.748504664301849809e-01
1.929589533857483663e-01
1.895630055943138270e-01
1.534049258980276498e-01
1.906933930832609148e-01
1.727579657396833557e-01
1.978878372169938504e-01
1.824420528579450418e-01
1.788884772307403059e-01
1.669742098566267263e-01
1.861054283006255972e-01
1.246895022853368173e-01
1.598912110133758058e-01
1.834505120625059549e-01
1.482692154396482442e-01
1.613950262260544499e-01
1.576638612155483454e-01
1.599112987826378784e-01
1.415999742923949867e-01
1.732078335489045662e-01
1.397699867259721285e-01
1.534498254252535387e-01
1.524491356803634456e-01
1.605586457803309108e-01
1.555838134682332452e-01
1.384954942593967508e-01
1.586447044095579406e-01
1.388297404769733845e-01
1.367297165195787145e-01
1.280405484513381098e-01
1.223501194836372763e-01
1.263414173010930230e-01
1.217942678555575670e-01
1.465605318102135290e-01
1.257652056324892742e-01
1.341067298129028917e-01
1.149537540577644096e-01
1.305814322457194976e-01
1.140233672342109983e-01
1.319953756738642126e-01
1.244037573018943604e-01
1.178846323558326303e-01
1.218110423068278492e-01
1.270113778673622462e-01
1.183810933413949329e-01
1.053265240650087808e-01
1.061360548943847126e-01
1.200443882420456909e-01
1.303583983414658698e-01
1.118283471907861731e-01
1.275746323959429107e-01
1.149786356085362865e-01
1.281264503024271417e-01
9.235334576864723255e-02
1.108839225375177068e-01
1.084342734186219959e-01
9.848694367409188688e-02
1.120952408773589759e-01
1.060547330795980486e-01
1.063917982670650464e-01
1.199904042883927768e-01
1.167945772874818960e-01
1.037314916910379997e-01
9.144693947774802656e-02
9.253217296469502806e-02
9.740395325316723862e-02
1.148112597507859045e-01
1.102381509729227493e-01
1.072679860298261373e-01
9.942499070767131519e-02
1.024736607832165414e-01
7.901469785972201065e-02
8.318037021290657085e-02
9.543220323649836967e-02
9.177362895597176995e-02
1.098196205004250553e-01
1.054643266228713488e-01
9.405415952712449512e-02
9.398633981875531562e-02
8.995338873590227879e-02
9.930054003381685868e-02
1.110052304272529100e-01
7.712390569418804687e-02
8.251946003704821453e-02
9.575145864382726690e-02
9.536479838005569587e-02
9.055085823445703508e-02
8.936683450269332363e-02
8.354420031380592471e-02
8.800730373890897074e-02
7.935045493698877905e-02
9.773417610817466961e-02
8.872397315442445698e-02
9.016890788963717596e-02
7.266746310255497998e-02
7.458491380214378463e-02
9.756393436216201365e-02
8.951879851937086241e-02
9.815884358225375472e-02
1.045951220711785201e-01
7.742809515815439469e-02
7.578984564977071792e-02
7.894888082949931551e-02
8.992538473633594764e-02
8.899469588575922852e-02
8.177181646295231254e-02
9.187638624714748736e-02
7.657452144799367644e-02
8.890652809619016550e-02
9.675061710015113448e-02
8.082142436114432560e-02
7.668296493426210447e-02
9.430855219797262823e-02
9.398948018861653930e-02
8.236726442834492457e-02
8.388506176809014392e-02
8.845663829279293289e-02
8.534645057144332747e-02
8.308919362880418102e-02
8.434292239242478784e-02
7.209560719666581463e-02
8.394209930949343701e-02
9.180763930700341913e-02
7.514755359380828614e-02
8.040537313510488782e-02
8.036438545471305539e-02
9.281124786834347995e-02
8.724293110230812998e-02
7.935487992579474958e-02
9.039041629137656297e-02
8.011132544984363169e-02
8.353632942630279112e-02
9.453955693805783655e-02
7.269993965012429282e-02
7.834050691290997404e-02
8.022116653516317419e-02
7.606544124190711686e-02
8.839267093212001269e-02
9.103399400473652370e-02
7.734745437439646820e-02
8.072762241927777804e-02
7.999987402999773900e-02
8.176571489215793409e-02
8.637921063527542742e-02
7.366298503326841607e-02
8.494346051092038774e-02
8.417667300657867557e-02
7.373058147558721187e-02
8.469863892740696343e-02
6.876338659250288976e-02
8.905678674991945876e-02
8.072507724103440696e-02
8.155435750441195064e-02
8.576787906384890359e-02
7.859902557406435453e-02
6.993519716904006422e-02
8.308692623421687351e-02
7.942558101801261428e-02
8.711095141771857397e-02
8.239335942275506641e-02
7.666945669374851391e-02
7.450448460932684869e-02
8.745002737712342933e-02
8.268467949068042389e-02
8.015860306552065329e-02
8.647407684806729389e-02
8.597084038450922283e-02
7.684096905740941952e-02
8.080367877397730270e-02
7.384275101359120963e-02
8.285383546935842780e-02
7.566043632708882583e-02
7.570464745141723684e-02
7.598060552150902314e-02
7.342432839781497245e-02
7.830627157434107144e-02
8.217603700746176076e-02
7.876822856786927507e-02
8.312204353872286455e-02
7.568425789181731922e-02
8.146148409796642731e-02
8.659404329502609632e-02
7.691842931982641185e-02
7.076914445266194176e-02
8.018818464420419956e-02
8.125478114546440256e-02
8.207504241498923825e-02
8.062861613139786499e-02
7.386242919141172703e-02
8.114563825674268871e-02
7.706590370290770931e-02
8.265397347434648434e-02
8.542547281043894047e-02
7.535850752887979231e-02
8.632857097492385723e-02
7.654891997266348447e-02
7.621602539496763473e-02
8.008742602359200657e-02
7.697935381043297109e-02
8.030889918115614867e-02
7.618203672757173361e-02
8.090404265299243336e-02
8.182212029747261417e-02
7.446241045149021298e-02
8.360301648549574305e-02
6.977302843194294057e-02
8.268604608242703657e-02
8.729146193869517789e-02
7.258926325923321932e-02
8.990521333997154863e-02
7.575708456034363492e-02
7.164643735753926934e-02
8.185907515707452342e-02
7.988588642872392065e-02
8.393546936505727474e-02
7.703359579976118421e-02
7.112307128597371297e-02
7.555999364511016558e-02
7.024169044445570387e-02
7.157547074216664973e-02
8.386474109357117124e-02
7.429742023412121144e-02
7.260667617641237970e-02
7.897116541082231655e-02
8.158098342304409556e-02
8.340269175057629658e-02
6.803038481620070355e-02
7.158788327763485060e-02
7.510237644750242247e-02
7.453091479901957639e-02
7.169954248239722439e-02
6.369154466700781281e-02
7.515954264665257456e-02
8.015588455262613599e-02
7.724644846184806901e-02
8.772178398986524295e-02
6.864611370165077386e-02
7.742913904313002138e-02
8.021052904613731882e-02
7.247648815326175609e-02
7.847587661837988893e-02
7.215498417285527710e-02
7.363896677233383592e-02
7.588467468504099533e-02
7.103055843056951812e-02
7.568586522778829317e-02
8.274367582845738867e-02
7.103317903304097458e-02
7.460219043224332325e-02
6.901272029801178154e-02
7.498054930387712536e-02
6.843837815928673074e-02
7.683651267838187415e-02
7.309147525397956258e-02
7.400378674033050719e-02
8.123208854086622077e-02
6.999610671323300282e-02
7.190098152279318644e-02
6.772712417461650147e-02
7.029295993041083379e-02
6.716744248186962141e-02
7.548324395672473264e-02
6.942327170644504997e-02
7.491816803918838197e-02
7.316188953983245036e-02
7.536536417332222182e-02
6.766724453411877838e-02
6.817352911649676717e-02
7.697937465791729328e-02
7.948373886938521482e-02
7.140603808688408827e-02
7.147544984884422747e-02
6.662839376541360159e-02
7.018012080405984510e-02
7.264688601929505940e-02
6.655067509993288499e-02
6.603870713912243784e-02
6.994141772362717779e-02
7.764461820321154339e-02
7.430040783069991051e-02
6.938844989312371869e-02
7.329400593216646442e-02
7.156538701377604395e-02
6.408133541353201734e-02
7.541496370479107425e-02
5.841461951139718251e-02
7.265176887626785540e-02
6.427827888700264614e-02
7.182533200145876928e-02
7.330796675520041827e-02
7.512398571641304423e-02
7.848302068626346328e-02
6.819068115248531903e-02
6.543651005151007727e-02
7.099030847675792677e-02
6.835072777959810830e-02
7.320571777292864124e-02
7.319890654423269472e-02
7.087350612001454275e-02
7.261621480262890616e-02
6.282126489497988353e-02
6.618995614389154569e-02
7.295112422444523237e-02
6.806333890428517552e-02
6.840203463530808436e-02
6.650189049860787127e-02
6.097218615784704560e-02
7.137271235834256877e-02
6.317672506341742711e-02
7.210871591816654658e-02
6.966752946887876108e-02
6.510816144509409820e-02
6.847603703585361523e-02
7.035043904314086660e-02
6.947345877249323787e-02
6.511510415302444732e-02
5.713184024182496601e-02
6.706133534052785561e-02
6.366038275500207622e-02
6.858078649696103257e-02
6.813166395075007098e-02
6.336404108175994199e-02
6.345224655947709347e-02
6.707377611343931512e-02
6.914954374999288111e-02
6.861242819845168872e-02
5.878391412026359036e-02
6.683433846110883869e-02
7.305027284918505504e-02
6.505949844405918558e-02
7.010337449007111865e-02
7.291876834577584732e-02
6.910891919851185061e-02
6.535509120773937142e-02
6.660707031035925652e-02
6.354882705680019173e-02
7.070478166713144164e-02
6.301820158391639726e-02
7.853837661127258118e-02
7.385795381967741324e-02
6.419036621160793821e-02
7.252452726950271711e-02
6.324188220461565701e-02
6.959862643614114774e-02
7.235711354408787266e-02
6.781420485376750407e-02
7.138145837965523266e-02
7.002250306937715663e-02
6.438986419964523589e-02
6.290665221101776616e-02
6.915202631050620941e-02
6.929790542981192902e-02
6.347724670986289175e-02
6.185905371883976267e-02
6.206228859777080525e-02
6.790298877740977290e-02
7.750868073974245820e-02
5.994050378922041733e-02
6.274543598906397179e-02
6.466003662015672171e-02
6.104083929846037399e-02
6.784577647385944821e-02
6.815743194180477749e-02
5.844312891017724304e-02
5.748583311236494381e-02
5.683447786740250529e-02
6.500822229344031811e-02
7.255516183378131478e-02
6.851134446552596680e-02
6.705085782079461820e-02
6.293224764859120524e-02
6.269493606207783565e-02
6.961681069491826301e-02
5.800253682161448515e-02
7.159689260689203194e-02
6.409590549330247689e-02
6.321060975855710695e-02
6.647105250882046068e-02
6.461654873865409210e-02
6.701534623210074482e-02
6.505282136071129095e-02
6.920754896779121590e-02
7.066389651104493241e-02
6.193314722996340338e-02
6.240366169847529065e-02
6.048421134358868828e-02
6.525463899635798593e-02
6.190436368580715804e-02
5.795785292808892236e-02
6.181279339374956550e-02
6.833868522634710396e-02
6.200758506355094624e-02
6.377099493926546847e-02
6.238488704631291182e-02
6.809048715584245515e-02
6.411164345693654010e-02
6.550485456801106998e-02
6.323065639491842749e-02
6.949251808371707806e-02
6.843406896273759865e-02
6.809656650283786583e-02
5.889926231274041080e-02
6.605636494964470251e-02
6.340027073115950262e-02
6.223598305016808663e-02
6.691147102930035395e-02
6.510371960203870101e-02
6.069120246312335182e-02
6.956537504149380713e-02
6.654999147733187126e-02
7.220107387740655469e-02
5.493058167373753020e-02
5.908094477806426215e-02
6.891425539025072822e-02
6.637747157090256866e-02
6.636353442714207351e-02
6.706613154047130765e-02
6.358273124228622231e-02
6.696410934513509494e-02
6.272661409530913557e-02
6.891519898359431406e-02
6.521803761223045337e-02
6.053688516691770743e-02
6.821943774304442543e-02
6.405700008451620242e-02
7.133259522854139278e-02
6.120212146927363900e-02
5.872179451210714912e-02
6.821635567964667857e-02
6.822804748226916904e-02
6.051242783935029818e-02
7.042170975972927849e-02
5.955690952516968367e-02
6.721179724382454757e-02
5.642813832099283916e-02
6.853936116587741600e-02
6.878416835020446929e-02
5.779720532062711941e-02
7.184067879331522410e-02
6.269650109969607255e-02
6.397772016464689515e-02
6.749362227574311202e-02
6.240604412211048224e-02
7.031340577207209619e-02
7.087204720505264899e-02
6.323937833618309412e-02
6.850154451920997811e-02
6.465819715126575051e-02
6.029760842260737524e-02
6.415537328872157607e-02
6.296042249335506713e-02
6.841059059249018914e-02
6.218585102100605139e-02
6.313910047807327897e-02
6.209111996882538120e-02
6.463990772230553128e-02
7.095426586931286028e-02
7.058525212631010237e-02
7.312394417184045481e-02
6.266298425078667411e-02
6.762256165527355534e-02
6.674854579622761797e-02
6.357018960822469200e-02
6.805694823003870242e-02
6.846187693240625427e-02
6.484011263263339542e-02
6.090181580824603064e-02
6.755774254744509322e-02
6.735619889714285213e-02
6.593172364264630880e-02
6.787718712357056206e-02
6.067054578643044788e-02
6.849998301352464014e-02
6.129407063295085056e-02
6.190075507473069560e-02
6.165530254168702373e-02
6.269658227429841801e-02
6.293384044398683819e-02
6.276105173281459892e-02
5.680794967539725543e-02
5.862558265133355206e-02
7.114972731978531917e-02
6.540158133582622824e-02
6.573996010090692177e-02
5.918084739971109232e-02
5.938592996458630369e-02
6.425679519108808135e-02
6.403935338039999647e-02
6.411562139515178393e-02
5.897907508750865890e-02
6.671204041437002463e-02
6.094764387642748193e-02
6.019562915154216126e-02
6.436474717656229250e-02
6.517227971594610758e-02
6.520581988529780548e-02
6.410333149494061578e-02
6.921909691714156487e-02
5.896376110412201998e-02
6.199864514890023048e-02
6.533635038535520745e-02
6.427132015098936668e-02
6.220745471325674070e-02
6.671154598427107840e-02
5.674921347185717113e-02
6.428547644898206792e-02
6.345251338162133381e-02
6.340762599416606415e-02
7.220061929370044651e-02
6.363124718237131439e-02
6.323721729551741444e-02
6.490953077353697753e-02
6.291394850278606010e-02
6.111368308797480997e-02
6.534816157400431813e-02
6.372060334310572505e-02
6.155022843109600461e-02
6.106989783043892395e-02
6.771822402847847699e-02
6.646251622754023591e-02
6.354092533600652626e-02
6.267708525591206281e-02
5.920349975221895350e-02
6.228258152568511702e-02
6.428564922850692198e-02
6.367174101703459987e-02
6.574243293515925901e-02
6.070395990758218480e-02
6.013671150779846541e-02
6.287649752976279260e-02
6.584691024311087326e-02
7.367602502923080443e-02
6.544147474873138193e-02
6.512162514928246382e-02
6.443812454407243928e-02
6.372200887469463282e-02
6.238171328486932787e-02
6.507933625903419839e-02
6.407689531030619223e-02
6.388805614324542803e-02
6.133126207060547036e-02
6.308459384665258962e-02
6.575120358193484171e-02
6.587536526891768496e-02
6.429029580452925996e-02
5.942352071513024026e-02
6.186923849386889024e-02
6.606528867357304435e-02
5.938241019515148877e-02
6.960177641702397500e-02
5.643076166829357615e-02
6.522318929223319683e-02
6.212507651760937333e-02
6.279670948264230723e-02
7.171771678383062620e-02
6.026471063723862209e-02
6.290111865868711072e-02
6.623763872280145903e-02
6.112184600880263968e-02
6.474415539571576339e-02
5.924769959133063119e-02
6.088031170709782419e-02
7.247993736259561448e-02
5.523649898667239155e-02
6.086199658331969964e-02
6.689811737561811300e-02
6.150227525474338819e-02
6.036749269140522650e-02
6.627130364774738713e-02
6.416233662428651174e-02
6.026713282607699257e-02
6.285436140343761413e-02
6.635081789908271743e-02
6.191914188329994406e-02
6.397049935156071121e-02
6.148362776280524161e-02
6.434382237937026627e-02
6.164489102282114108e-02
6.011434668057771824e-02
6.289512066260070922e-02
6.607519144093949859e-02
6.499382680805532164e-02
6.594923457250563559e-02
6.425826328439498969e-02
6.273477472654141740e-02
5.933978088607247403e-02
5.699429463412439278e-02
6.453880914498051624e-02
6.406677662539680962e-02
6.269831038020964864e-02
6.440037232218932817e-02
5.940265202118268778e-02
6.611329261844579863e-02
6.556201044140770595e-02
6.111316904263493915e-02
6.101176183582272816e-02
6.205331751969796195e-02
6.058189303442915868e-02
6.456705377587272643e-02
6.463634989524968955e-02
6.685348957406829495e-02
6.977350245588317956e-02
6.325927819439722266e-02
6.990397566098380255e-02
6.272363832349521495e-02
5.782773950106176453e-02
6.519537423757552907e-02
6.151234161555069191e-02
5.986030681123935548e-02
6.214859270214978526e-02
5.968804708270088188e-02
6.621716978184162550e-02
5.960544116935466430e-02
6.576194389539023744e-02
6.464901644557916049e-02
6.053611519988137679e-02
6.351240929739354613e-02
6.138974187404958038e-02
5.884965066618453450e-02
5.936710883486182033e-02
5.480014327402774055e-02
6.757939179511492089e-02
6.263696040035104939e-02
6.429314387608639492e-02
6.569157906725625606e-02
6.226147873330493965e-02
6.262301357792891821e-02
6.446251820561167689e-02
5.564541423319808999e-02
7.005245649514255102e-02
6.595322583809350159e-02
5.662475748411656407e-02
5.866228600744453903e-02
6.613708709592408530e-02
6.491844190034229412e-02
6.416126126945008445e-02
6.208739946213578942e-02
6.013931036383320800e-02
5.549336111546676609e-02
5.945654166080508590e-02
6.269869038197828370e-02
6.355459910107802424e-02
6.259543000772861687e-02
6.089372930676259510e-02
6.188296099413380380e-02
6.360042108471050670e-02
6.326731409982407073e-02
6.170888111886464744e-02
6.291269894962865650e-02
6.401099308219111717e-02
6.372679316666420013e-02
5.903206581961750049e-02
6.308662038932828786e-02
6.243438901255584511e-02
5.887684309516226511e-02
6.110449372816237346e-02
6.586022924404541512e-02
5.689997780699622421e-02
6.328594833678866105e-02
6.316432487363780879e-02
6.219841495268497999e-02
6.236211211049271647e-02
6.140664971288527230e-02
6.271472555298872320e-02
5.429377124684230116e-02
6.336777059539520918e-02
6.107860338999097916e-02
6.080783024938110626e-02
6.481170192353560844e-02
6.058741383311849749e-02
6.648246156911760685e-02
6.133273716266448433e-02
5.940427681477316452e-02
6.067799933052194644e-02
5.451835249854869447e-02
6.118892549015353399e-02
6.295835872599139793e-02
6.158515959859494487e-02
6.579618481779456185e-02
6.103491318383771902e-02
6.072731953310921138e-02
6.621558317911147018e-02
5.689879295993592601e-02
6.321420313170635075e-02
5.887322723580015044e-02
6.105837763843056237e-02
6.549100571440158447e-02
6.318008639816517780e-02
6.442559485820913145e-02
6.044972665859395244e-02
6.030890241478803482e-02
5.996084105595256980e-02
5.796590647562598758e-02
6.079268397784039213e-02
5.966370109731027743e-02
6.176809874159248231e-02
6.096683949139108938e-02
5.554322654315464042e-02
6.004959187924479441e-02
6.412521312201202583e-02
6.288355351041141628e-02
6.349916195434926469e-02
5.814808482623294583e-02
6.376027144546983494e-02
6.316234211507043561e-02
5.996568375696213760e-02
6.065454801425611969e-02
6.168147160296925946e-02
5.812654179000124877e-02
6.327810717245402339e-02
6.091331969030205906e-02
6.210270358647757005e-02
6.387854628656261524e-02
6.016337019682806847e-02
6.282904072990357081e-02
6.026624451509501879e-02
6.231147151304387843e-02
6.185370185814721006e-02
6.196304050266746716e-02
6.050509325881390371e-02
6.320256094624043808e-02
6.387114627526858934e-02
6.594867665169530657e-02
5.923461903089558001e-02
6.431661222193554850e-02
6.043285442957585518e-02
5.311265748433533634e-02
5.828799917423120591e-02
6.131258402701597610e-02
6.161421133414100859e-02
6.148681704790017605e-02
5.597962206635460902e-02
5.793599951756752547e-02
6.593155803902712997e-02
6.438110023617445166e-02
6.281068246327038695e-02
6.095790311752793955e-02
6.621481447503110851e-02
6.333740281238285641e-02
5.813672961628678360e-02
6.333004625829334600e-02
5.916814510946678818e-02
5.769401759261987006e-02
6.337160473416669770e-02
5.822889854742190757e-02
6.465538876101777077e-02
5.868232663285456036e-02
6.319386157336941146e-02
6.217985804519147314e-02
6.191264968136056535e-02
6.428717880874693091e-02
5.950115023812309334e-02
5.906094606144587922e-02
6.382660674248366584e-02
6.515656483203059735e-02
6.114403585079395548e-02
5.932744741281702899e-02
6.182402621116617897e-02
5.897217770371292189e-02
6.139865485759629649e-02
5.594880506162792227e-02
6.056667085758652563e-02
5.883430842583585452e-02
6.724678256718337466e-02
6.139721091696957039e-02
5.912421750968531453e-02
6.129000095296905509e-02
6.086226665164959360e-02
6.124283356259747207e-02
6.215763865516382713e-02
5.849351219128913482e-02
6.387816401539657407e-02
5.809599807867683874e-02
6.797193294101321059e-02
6.082227967252503559e-02
6.356596062542060888e-02
6.121102612737801957e-02
5.685056566902333547e-02
5.834340981084136513e-02
6.594858123939179029e-02
5.919942043762709688e-02
6.243413891423574974e-02
6.075394201425597662e-02
6.219489674447812450e-02
5.994675701153000941e-02
5.836496756922741197e-02
5.877849427479407696e-02
6.094240423136787488e-02
6.188783267229647223e-02
6.567651317290912338e-02
6.474883611947081230e-02
6.197263855833694268e-02
5.930156050784402000e-02
6.126571844907890280e-02
6.169848231427772778e-02
5.974599919643429347e-02
6.268791735637554985e-02
6.334931526801926283e-02
6.293794845018992057e-02
6.197352623775766872e-02
5.514776042651175353e-02
6.332354916401883305e-02
6.242674182568560409e-02
5.705749444274579169e-02
6.546701725811399086e-02
6.529007005032323729e-02
6.409628618580245907e-02
6.538554242914886017e-02
5.464194576546490406e-02
5.877912991283285038e-02
6.347077954585787773e-02
6.395546680528549355e-02
6.180803515084731803e-02
6.240608294863206340e-02
5.998144787951097817e-02
5.329209694563239591e-02
5.645366520425489087e-02
6.186459437885952206e-02
5.656568836862359978e-02
6.031893391814745903e-02
5.818649539062491216e-02
6.012678266387758846e-02
5.622997896969940401e-02
5.705462960772000880e-02
6.035122477771761446e-02
6.525586122414633872e-02
6.256313575771360602e-02
6.022448099110230824e-02
5.563538249497635563e-02
6.246059405330774833e-02
6.184389607547998574e-02
5.668034244059218241e-02
6.175788101067614111e-02
5.909802168973225800e-02
6.094081280787339017e-02
6.186399648238957022e-02
5.875874082081652267e-02
6.106669239538261434e-02
6.012805700648087004e-02
5.938986127229329420e-02
6.138261512342232940e-02
5.593637847750539127e-02
5.912568102863870190e-02
6.210149800870901071e-02
5.985308095988285670e-02
5.647960272842137558e-02
5.303012687384456303e-02
6.018709845918714108e-02
6.472214761965326690e-02
6.048477504448918074e-02
5.553156341326213191e-02
6.036719606413964295e-02
6.114189767487650945e-02
6.030430059743166482e-02
6.188886332676520052e-02
5.923402449312705625e-02
6.053968280935612817e-02
5.632135449953206557e-02
5.950710566752832886e-02
5.637719433200247959e-02
6.215535004655724227e-02
6.273854766894029766e-02
6.079839062641087533e-02
6.048119169281278990e-02
6.035255487885924502e-02
5.998106748115691195e-02
6.147497383106825808e-02
5.738119580852402146e-02
5.846031020656488469e-02
6.323011651587133464e-02
5.695782035394323511e-02
5.898864017361244577e-02
6.160843958617341631e-02
6.250723644234744414e-02
5.885335679605448178e-02
6.128702806413613424e-02
6.538555052962369274e-02
6.051327406849621449e-02
5.809373126977648849e-02
5.711580948864257434e-02
5.849670075560325228e-02
6.312474845925791778e-02
5.858559533290443738e-02
5.913727920882912159e-02
5.889129373780573745e-02
5.805677791917146502e-02
6.143534033112121179e-02
5.606096827846104858e-02
5.523560259977274706e-02
6.257122418133669040e-02
6.199887419267093025e-02
5.784080974139361314e-02
6.033966666514666011e-02
5.729500224261574459e-02
6.247620076812936823e-02
5.966099248081064427e-02
5.413047424079632519e-02
5.753982726690464594e-02
5.739919854810288102e-02
5.798890114192221251e-02
6.100322101534152303e-02
5.832874541934934820e-02
6.592759545966644930e-02
6.113980828551848767e-02
5.520349754277027732e-02
6.076987559577458342e-02
5.560236515339201518e-02
5.700273923742586735e-02
6.018091578830095378e-02
5.847553067449801079e-02
5.574252330935974831e-02
5.658293454939579414e-02
6.682491568981221985e-02
5.856829832831707966e-02
5.926518071346985328e-02
6.071447210954471208e-02
6.255822443338034111e-02
6.127817633933371061e-02
5.675190091914097262e-02
5.927233626790492926e-02
5.995371455780012376e-02
5.490278437400537836e-02
5.546194093469904163e-02
5.992977782066959136e-02
5.704251018158228159e-02
5.616697808287639260e-02
6.131145759040301790e-02
6.452295476436289978e-02
6.408390017119960924e-02
5.587521098827200744e-02
5.838253792198470904e-02
5.928874530580864610e-02
5.799222108189742986e-02
6.081028523893782650e-02
5.868069192218973440e-02
5.920181437470676405e-02
5.966010415118947613e-02
5.636909282688251643e-02
6.007160792818763001e-02
5.869118299454173515e-02
5.706034684474661084e-02
5.687787170386073704e-02
5.917065674453700352e-02
5.743526496636731232e-02
5.574068705347024616e-02
5.920390415154586777e-02
5.792788587564547814e-02
5.863216372946349064e-02
5.717001424918932706e-02
5.933905227319682257e-02
5.684010275405402407e-02
5.805180779492239568e-02
5.742020349241711702e-02
5.784449223875622742e-02
5.987419823307813666e-02
5.705422413009285376e-02
6.371023379082056681e-02
5.813355947817085839e-02
5.547087827620576089e-02
5.890841827930377167e-02
5.396191602346903787e-02
5.653116172484468765e-02
5.834944812616980891e-02
5.743058930041429477e-02
5.871129733266441247e-02
5.489079748051600705e-02
5.338767387687915617e-02
6.071588713587354469e-02
5.672410387216059169e-02
5.539533797184523906e-02
6.032474526938563092e-02
5.495014803265753367e-02
5.629887373577111692e-02
5.810222479709887394e-02
5.914474624497443461e-02
5.931107718634143211e-02
5.555942896949910004e-02
5.654270750343339674e-02
5.674795268740756571e-02
5.706444425563798883e-02
5.894705312250232004e-02
6.509316960160155263e-02
5.522354793805279299e-02
5.608740808557866747e-02
6.047853886669460333e-02
5.670754841755670100e-02
5.610198326566690624e-02
5.680651093162018828e-02
5.806754921122886381e-02
5.608626144480492043e-02
6.137327533984410916e-02
5.564236924430622511e-02
5.916288328880833780e-02
5.552990234360731525e-02
5.931123353208762189e-02
6.196780972457149872e-02
5.618003526785755181e-02
5.876885458418384944e-02
5.797922368786141700e-02
5.941212427869131674e-02
5.743400814196705090e-02
5.451377394681626576e-02
5.686855534005618579e-02
6.197696128578844554e-02
5.906228696822787838e-02
5.439108463524287840e-02
5.619840533289759132e-02
5.818971789883973372e-02
5.911264466682272789e-02
5.860789333998569356e-02
5.591714515657386642e-02
5.887192734621621987e-02
5.902905077289481023e-02
5.878204157591043061e-02
5.655866948850936382e-02
5.832794388485599418e-02
5.473145156261909755e-02
5.234446271652333504e-02
5.829534003461459696e-02
5.606564338937401748e-02
5.931009806245292337e-02
6.036838941323195706e-02
5.511374137978077709e-02
5.747314950239867937e-02
5.312780903180675668e-02
5.856080229704852674e-02
5.735987796422287177e-02
5.657989615923000176e-02
5.599732367727248278e-02
6.069416931029213841e-02
5.763511206885834487e-02
5.783856146052758496e-02
5.791830428221444310e-02
6.067141438147891780e-02
5.756359782148232074e-02
5.603750564456636690e-02
6.164155116849968225e-02
5.420280506483553251e-02
5.930777878326478486e-02
6.298496856927951471e-02
5.757727208651203937e-02
5.776618781627714666e-02
5.956459842360838086e-02
5.741294400975559264e-02
5.416845592406167864e-02
5.271720898462289168e-02
5.740562381267833025e-02
6.135870588055091640e-02
5.683998804209031835e-02
5.741725996303890384e-02
5.636594107209879495e-02
5.872940386383240785e-02
5.463339217592559638e-02
6.102441103370680880e-02
5.823843140330896978e-02
5.456315205562772830e-02
5.288332357712907661e-02
5.636856724043943362e-02
5.524285124494866805e-02
5.496682819917254187e-02
5.843474340399898437e-02
5.622256152599267032e-02
5.568511782413222005e-02
5.381582871095744181e-02
5.622725634920609089e-02
5.547528905844405223e-02
6.084276422265552653e-02
5.877631356881332647e-02
5.634329026256422457e-02
5.897536384996680814e-02
5.847952901281273930e-02
5.879238072547766231e-02
5.765248379189430450e-02
5.677886539419613882e-02
5.655958493239908458e-02
5.583357189871678006e-02
5.586860232897174205e-02
5.427669572637276729e-02
5.647053053088674918e-02
5.628880081402158619e-02
5.782413125223618416e-02
5.800193200266366006e-02
5.323677131447217270e-02
5.564377562042808339e-02
6.063633590603596801e-02
6.250576266195231878e-02
5.600188026621035625e-02
5.762033900769798767e-02
5.457183903355033311e-02
5.677775431293598241e-02
5.854906734432625132e-02
5.913510137035361824e-02
5.517321982327266089e-02
5.783397384548787795e-02
5.853999018392556930e-02
5.642470807974917651e-02
5.564798010921550436e-02
5.566219841355589393e-02
5.821389794237410986e-02
5.812154614604115449e-02
5.698583756594487876e-02
5.882945573073698059e-02
5.489129571681972131e-02
5.574635205463105564e-02
5.504648631001474862e-02
5.994732090823134962e-02
5.755725596712762265e-02
5.301454034122244502e-02
5.976414767435262593e-02
5.882003896336383125e-02
5.662435435621339386e-02
5.866517284590663794e-02
5.493106439259150264e-02
5.492893735967258051e-02
5.821813568596909821e-02
5.825849811408501805e-02
5.268291414748943469e-02
5.266946913474326170e-02
6.092593371909277994e-02
5.853532430628343580e-02
5.950598861094604647e-02
5.228763146320204031e-02
5.614502757721804432e-02
5.736705261480184309e-02
5.731054019916351910e-02
5.478628389177235547e-02
5.762953678733064022e-02
5.234999058505851455e-02
6.030857219851414736e-02
5.517047818201580023e-02
5.498190386905505572e-02
5.747056794645671873e-02
5.851692706706399655e-02
6.018226647170949600e-02
5.814370061891658420e-02
5.786519789623344873e-02
5.505225733571927210e-02
5.619635558211701076e-02
5.883164600688742252e-02
5.940905104316383106e-02
5.256394339445757263e-02
5.652449844796150757e-02
5.868420046895111986e-02
5.493918217986798469e-02
5.576020452843298558e-02
5.310029212855897629e-02
5.980727395897240256e-02
5.827433147669020680e-02
5.728302205715803813e-02
5.600793070455007544e-02
6.097006218864763072e-02
5.767445366225742998e-02
5.661612718513766435e-02
5.750548131573016836e-02
5.644657900905131198e-02
5.628160595977722835e-02
5.506892449609811224e-02
5.753424376396221174e-02
5.619127528354984219e-02
5.764043973225702749e-02
5.858722763206841710e-02
6.393352039239924567e-02
5.421411978740321019e-02
5.981395846651593046e-02
5.387306581206050687e-02
5.675958241489111045e-02
5.823645806643803352e-02
6.165947667964423451e-02
5.376669561688606630e-02
5.960196883908346066e-02
5.909376405385997899e-02
5.339674593810984915e-02
5.650592567692836604e-02
5.627850051381531188e-02
5.604524151289653339e-02
5.346508665516445935e-02
5.344441868500169474e-02
5.625403170511895229e-02
5.824133131608751762e-02
5.387058472263479836e-02
5.812447966270705563e-02
5.914402945408960000e-02
6.050664260227257840e-02
5.926695776980658165e-02
5.901969946389461902e-02
5.529202590233495834e-02
6.065213973772894812e-02
5.889199319983651204e-02
5.547102524175202137e-02
5.400276922678116931e-02
5.338303892763332503e-02
5.483414578635616154e-02
5.062670457887805814e-02
5.687389361895254375e-02
5.633223203981151811e-02
5.611036355499265937e-02
5.719295450450981311e-02
5.871875541649129726e-02
5.896169436173272910e-02
5.641346273047397053e-02
5.724818328397552475e-02
5.659041430072697665e-02
5.211763106955565050e-02
5.825724889675784612e-02
5.766110974894490815e-02
5.358307165877078393e-02
5.729988481834558806e-02
6.199814874897729283e-02
5.888997584295171950e-02
5.567579607309938033e-02
5.812794128032134494e-02
5.805868148315547483e-02
5.827079717322981856e-02
5.992313003897235812e-02
5.809318649458460049e-02
5.655690164702997791e-02
5.954619187432581839e-02
5.742936538427998588e-02
5.330319429087961025e-02
5.713828929987885968e-02
5.663402944093264002e-02
5.524334844933521255e-02
6.223048489949025569e-02
5.420474352620461428e-02
5.866640814329220077e-02
5.724840335204585406e-02
5.865649634835494453e-02
5.691836589318854944e-02
5.708595466047418354e-02
6.588662749480206360e-02
6.213704293472600143e-02
6.762544260837491383e-02
6.963176970280984812e-02
