3.172934155240871945e+01
1.277220902239572098e+02
2.370030244912986461e+02
2.359319432875310270e+02
1.699168809861792226e+02
1.132570703516338000e+02
5.937358909512816041e+01
4.712903115209807936e+01
2.836992979475672882e+01
5.751780809461662614e+01
2.120475437379127825e+01
3.922170882402369330e+01
2.642382627409442719e+01
2.819214011702600331e+01
2.072744730017700476e+01
2.986438138389142338e+01
1.625359443846346963e+01
2.212080436612500023e+01
7.669168311236245650e+00
1.067438473195802651e+01
6.725506754323680170e+00
1.153907174373163613e+01
8.547770402130399958e+00
6.237057341982937153e+00
9.561310990247127606e+00
9.769140466369714559e+00
8.511499817189413619e+00
9.248039829984344706e+00
7.629086799772877292e+00
6.800213946324702441e+00
1.059282672862861396e+01
5.860782335275455779e+00
6.634973217526171752e+00
3.632618796111869663e+00
5.046893242647517042e+00
6.175729581276605984e+00
5.174388296337118831e+00
6.212226528165648354e+00
6.378820247661213472e+00
5.045017635189781302e+00
5.095717063574841887e+00
5.545660855180209126e+00
4.842169313652524565e+00
3.591603770029978993e+00
3.227364380639201169e+00
5.183621334202275222e+00
2.095163249472394629e+00
4.472446414104341628e+00
4.814171931818915340e+00
2.553516240872339083e+00
4.110452504995593337e+00
2.625718395678906969e+00
2.608685037480156232e+00
3.102718768833511387e+00
3.254335884195277195e+00
2.977229136543240173e+00
2.996861306726686269e+00
2.543182194125020779e+00
3.477194743111136965e+00
2.584089927994880576e+00
3.306362816832295604e+00
1.805582542860519890e+00
2.031300111732357472e+00
2.885334904453157545e+00
2.184865855786404687e+00
2.379351150441406659e+00
2.493149203668084901e+00
2.789713935723036720e+00
1.873849273591700282e+00
2.080509805111625532e+00
1.508085067290087400e+00
2.910797230690428616e+00
2.458529269015455654e+00
2.109568321257433432e+00
1.706269242768337469e+00
1.661817498566718010e+00
1.541016566999933390e+00
1.482037868610003306e+00
1.971118103046502590e+00
1.908478660076324385e+00
2.375128898758458007e+00
1.810471722126522076e+00
1.301050415417071227e+00
1.651672929425632930e+00
1.938227913333463004e+00
1.650509584832014376e+00
1.236159001904231891e+00
2.177572214407790252e+00
1.443852802938341950e+00
1.600249831183789828e+00
1.616728170411954713e+00
1.767806211589870724e+00
1.354284974795745278e+00
1.206368938095936816e+00
1.274833808410517300e+00
1.315353380890567747e+00
1.120554875761900826e+00
1.666847442269107527e+00
1.627908627208088266e+00
1.300007757041577117e+00
1.377462402144775666e+00
1.194324718453462664e+00
1.465707650130458672e+00
1.012243187548753420e+00
1.096750996884659157e+00
1.478648328443539439e+00
1.662022177467637363e+00
1.236586454916720701e+00
1.418037379824559352e+00
1.053612773955454607e+00
1.284598641433960298e+00
9.451196090010391959e-01
8.379997822085191173e-01
1.191499192582154310e+00
1.443002659382341291e+00
1.520061448745893884e+00
1.444205333549460901e+00
1.162856015999180759e+00
8.155680339089340647e-01
1.356676303277024598e+00
9.960006252652306991e-01
1.273657366964803694e+00
9.245705285240052307e-01
9.350307650935877346e-01
1.092691944554963657e+00
9.988023301607101834e-01
1.056419312945037658e+00
7.553541844641957770e-01
1.059402740082209249e+00
8.699141609597338398e-01
7.495461261283669074e-01
1.005261392019519251e+00
9.803460775405985483e-01
1.029547532393065179e+00
1.165712071773511216e+00
8.116496792468482768e-01
1.007516768675577490e+00
1.008066303950915898e+00
8.406074869158048912e-01
1.000538533114875284e+00
1.025582766427298287e+00
9.654399600421530447e-01
7.822076445794357014e-01
9.767429393710216345e-01
7.933407377019289219e-01
7.846206415096367293e-01
7.341372329234681082e-01
7.615365599154421128e-01
8.425575928036662665e-01
6.634437654940990026e-01
7.761054303643881713e-01
8.833352629628453689e-01
7.478868609719677707e-01
8.810511209329967564e-01
6.541859124854111363e-01
6.898593089770023168e-01
8.814941775626512488e-01
7.747012123961012353e-01
7.452667165615227685e-01
6.652982306395298640e-01
6.654492589249593193e-01
6.635938196735028383e-01
7.371386021718746573e-01
6.695536241069057759e-01
7.417405767070113232e-01
8.066249637027589348e-01
7.369959212957171157e-01
5.727277203895774216e-01
5.826100660609694337e-01
5.985073377481955337e-01
6.073793887583324169e-01
6.456572734996511853e-01
6.226410543566219813e-01
6.047568805389810231e-01
6.557377562023725126e-01
4.981474765906684365e-01
4.934995388212317091e-01
7.062351284383646677e-01
5.494609921686105514e-01
4.491015197227619660e-01
5.005403470848140968e-01
4.745731810188719701e-01
5.373622059086867742e-01
6.086390096402384264e-01
5.902345571107024957e-01
5.024654083935971016e-01
5.685880737703027377e-01
5.601777396880807114e-01
5.935045406746856100e-01
5.160700789563905655e-01
5.226019344765899799e-01
5.674368713961510657e-01
5.283148341096650658e-01
3.664502243992563968e-01
4.541576251989912771e-01
4.311466080765338216e-01
4.640312736380677316e-01
4.055273830898470933e-01
4.263311090892826782e-01
4.081280613877329988e-01
4.628500332030446862e-01
4.433770271018758202e-01
5.113362331856804444e-01
4.210618937594226008e-01
4.036548030261478681e-01
3.342884097959657463e-01
3.682801515261386882e-01
3.181235568288280913e-01
3.695975221331256888e-01
3.992709802355130511e-01
3.860988078922460986e-01
4.322384179377685709e-01
3.437884527232885068e-01
4.001927810469561031e-01
3.482926040617190244e-01
3.330183380804398463e-01
3.818142469938540229e-01
3.246105971186105665e-01
3.352030538670813797e-01
3.519870579739723393e-01
3.349197730677264673e-01
3.247778456024386640e-01
3.386147377608708653e-01
2.996760326108039441e-01
3.140539635290675591e-01
3.098892126600166774e-01
2.491377017569819385e-01
2.687715756736386852e-01
2.736732412485553545e-01
2.933567475631904675e-01
3.084905673671956561e-01
3.213371795069487891e-01
2.025708809025931201e-01
2.937499965418785552e-01
2.987733358714452780e-01
2.487084729480508183e-01
2.828338835481299385e-01
2.556668150297043973e-01
2.607121048651953599e-01
2.411907096981218135e-01
2.497907313854533518e-01
2.562476530173776190e-01
2.296046326988910313e-01
2.388463625887614072e-01
2.125613754084326179e-01
2.393361439688019843e-01
2.262838559846367947e-01
1.797489268265100026e-01
1.982668290783184961e-01
2.088867506902225835e-01
2.024157087005865607e-01
1.725547546920993547e-01
1.813289153572227586e-01
2.157129591220521836e-01
2.027476956547403508e-01
1.915057196265227413e-01
1.976788130332060023e-01
1.631253043350193166e-01
1.782285746262374793e-01
1.674280385380953751e-01
1.964811101260639514e-01
1.790904122093441297e-01
1.617005009905862212e-01
1.414425459890934211e-01
1.571329080970454428e-01
1.435939553492239229e-01
1.582823342854332849e-01
1.449741886030414539e-01
1.364690946092201596e-01
1.423445687709711804e-01
1.646154945051428453e-01
1.303791953426067518e-01
1.325100544378990386e-01
1.253931204515914277e-01
1.051392303106243320e-01
1.265666480159235718e-01
1.194867098676538619e-01
1.243159449707812447e-01
1.182757309711800209e-01
1.142154065459943524e-01
1.280812547617422026e-01
1.336103758220588689e-01
1.080380376940180964e-01
9.355946757468637520e-02
1.049824425279028695e-01
1.084439307646490047e-01
1.014871971206472434e-01
1.194154850885375124e-01
1.022269738192576605e-01
8.457155904877033947e-02
1.086599275334122205e-01
1.010534613542118099e-01
8.948211864647999392e-02
9.411301004328612163e-02
9.964683816737396338e-02
8.196048857903087681e-02
8.656670584607663310e-02
9.371553192250560438e-02
9.388602874051030223e-02
7.317593147077909588e-02
8.722198054771156117e-02
6.894767789263267499e-02
7.721959211663889655e-02
8.196135855147464178e-02
6.691419126611149182e-02
6.919491752915477023e-02
6.763229317532176710e-02
7.012671421544809658e-02
7.568195849098299788e-02
6.411316078996343037e-02
5.375280680030637692e-02
6.334905890219233449e-02
5.530422886383880993e-02
6.319837389920175685e-02
6.880859394495941750e-02
5.555378807350319637e-02
4.674105848108070504e-02
6.222113503160717207e-02
6.548024030777896409e-02
5.301496528664454561e-02
5.985396786418031856e-02
5.126895932017076774e-02
5.209335732695091759e-02
5.837209028548284023e-02
5.598387791713850536e-02
4.876971666560820512e-02
5.366055916659032143e-02
4.636628371352039674e-02
4.770192983298974371e-02
4.512464841483341399e-02
4.288994293612641978e-02
4.245301267974375958e-02
4.442711640051143218e-02
3.783187939563015939e-02
4.764665272586865452e-02
4.721909147776730958e-02
4.701279824201468061e-02
4.235845126247438086e-02
4.239430630924519855e-02
3.853278551087899184e-02
3.617956255841369567e-02
3.705419630900388256e-02
4.075731824822371313e-02
3.769854897173945812e-02
3.785871199934488784e-02
3.717891871805247689e-02
3.457264512877804286e-02
3.166551172468399372e-02
3.386536270475688781e-02
3.632418847712075294e-02
3.717903456427537612e-02
3.659759194815353361e-02
3.766576902431945095e-02
3.320531378544442497e-02
2.530042866205365129e-02
3.101655990751963493e-02
2.953527425855984392e-02
2.921489538053319984e-02
2.754702625286438791e-02
3.171779751011094550e-02
3.061196309064833851e-02
3.171881143404226000e-02
3.345845791194116542e-02
2.754128845274585874e-02
2.765448478290396736e-02
2.792426393808350449e-02
2.591126108599295721e-02
2.631024563749642664e-02
2.710133172287850986e-02
3.278705130757191694e-02
2.821520492593974916e-02
2.394676970510853375e-02
2.532899251131482191e-02
2.558839822041537523e-02
2.501407362436343026e-02
2.376696919826777957e-02
2.550063442112146528e-02
2.758901832436843823e-02
2.413033017936600660e-02
2.565190375285925778e-02
2.459251516201316212e-02
2.588303264888243763e-02
2.558617131203568679e-02
2.448976657774599303e-02
2.265845739535937015e-02
2.038265314081930471e-02
2.034240392361563732e-02
2.573756355070690519e-02
2.304773477524563879e-02
2.371316899424121688e-02
2.527311168991074747e-02
2.097244628789069268e-02
2.119608609443214553e-02
2.034800709335459271e-02
2.061617199692468774e-02
2.166792677277812329e-02
1.958034547176801948e-02
1.931138047363668148e-02
2.236916750075245569e-02
2.052042164618202505e-02
2.448235175894545451e-02
2.260915612752527684e-02
2.031697612847436357e-02
2.004151723057306586e-02
2.197400633237862541e-02
2.168728757708889357e-02
2.073417963237127876e-02
2.068286818946662997e-02
2.158744745225638778e-02
2.387897056764999235e-02
2.148373363610031617e-02
1.816652557417827371e-02
1.937325100485161322e-02
2.264899185049700642e-02
2.062881293238453748e-02
2.257974835595878693e-02
1.819447963806610641e-02
1.933426479609423945e-02
2.002137736218800521e-02
1.819046340689033786e-02
1.980796362377849201e-02
2.019390720680202395e-02
2.298079491365194460e-02
1.710392888031861056e-02
2.154284450212025706e-02
2.049892057054489986e-02
2.209226728725901742e-02
1.949822050755591757e-02
1.679449506494655464e-02
2.057243343665835292e-02
1.935288788059157453e-02
1.664568325804100662e-02
2.028069796971303587e-02
1.829415936520861416e-02
1.733638681570274370e-02
2.042699952127465315e-02
2.087379573625978632e-02
1.861315234699493712e-02
1.632590802827942403e-02
2.177826462104985941e-02
1.607128765465607595e-02
1.874862308881528397e-02
2.200765339643404733e-02
1.758865018933575969e-02
1.867035715832602791e-02
1.843604024795591351e-02
1.760798339026081391e-02
1.807814434389191580e-02
1.769996602731666729e-02
1.866579846143837443e-02
1.564729012713004380e-02
1.615274272416119053e-02
2.173609517004172070e-02
1.637962921042704703e-02
1.896540825392039817e-02
1.808635792432882264e-02
1.887755338043967113e-02
1.872793155520922209e-02
1.492063184242561208e-02
1.891132848955537002e-02
1.767734776281275344e-02
1.724355445564187267e-02
1.908043123003810154e-02
1.812029027181678159e-02
1.842959055090502909e-02
1.894545235454353493e-02
1.639183064410926552e-02
1.729700468797270088e-02
1.579101582525390887e-02
2.020069374447134788e-02
1.635861106849095456e-02
1.748673294642831555e-02
1.908271178560839651e-02
1.871189136718199447e-02
1.691404632155953103e-02
1.774257037676697096e-02
1.780702819962084321e-02
1.568722257581641258e-02
1.507907498682330150e-02
1.618330284302215566e-02
1.524474563338429171e-02
1.760438901306823553e-02
1.838430493937380852e-02
1.599186324023427197e-02
1.947935802005781175e-02
1.581869859905120704e-02
1.596097674406025263e-02
1.858518261176408601e-02
1.542191105785082651e-02
1.735987231464045794e-02
1.636013654204575979e-02
1.680316631177698750e-02
1.780412564905743678e-02
1.595582198917787006e-02
1.893445990436930584e-02
1.744502066305329488e-02
1.716654627345345560e-02
1.789538253572941356e-02
1.712238123237393161e-02
1.610844927058193571e-02
1.476032360470767336e-02
1.628766601954637072e-02
1.378306854917895827e-02
1.405062160100577391e-02
1.402563691229127656e-02
1.570458928336378179e-02
1.574795497557251317e-02
1.473646939843531109e-02
1.657321720280300129e-02
1.587853644443541073e-02
1.494424525828547817e-02
1.725733755522681351e-02
1.455664186021513734e-02
1.665286162908677023e-02
1.762674428763796874e-02
1.605524174982938396e-02
1.827055192535162464e-02
1.579561199074547631e-02
1.646927642363818847e-02
1.885635080259036311e-02
1.631199323828054493e-02
1.566074547669144348e-02
1.645213954047035007e-02
1.476645626518307761e-02
1.720312725505822316e-02
1.393856007084361137e-02
1.797911709308692291e-02
1.686840769132381609e-02
1.582936835910099885e-02
1.562529671106298312e-02
1.553514007605222465e-02
1.590425276951122624e-02
1.585327542775775631e-02
1.501180302190390468e-02
1.559343884248707256e-02
1.608570082077165342e-02
1.667794130184126894e-02
1.568669869221174865e-02
1.584502157606045361e-02
1.835335727358788568e-02
1.585159448884323335e-02
1.607674694729873538e-02
1.725251736291173038e-02
1.407036325612245377e-02
1.628730329672239269e-02
1.590569245356827227e-02
1.592094958586891262e-02
1.586903821569975517e-02
1.395196820914094797e-02
1.572455907275257386e-02
1.581972120345412000e-02
1.409017559021350820e-02
1.478113664630992252e-02
1.664581815833976811e-02
1.499589450225231879e-02
1.552582008900674042e-02
1.469789235887322860e-02
1.581414159152691110e-02
1.552286041115059044e-02
1.631197952711930729e-02
1.539708734663263606e-02
1.690692973560784657e-02
1.408839557247084685e-02
1.371553081396260747e-02
1.547387160600769383e-02
1.509488287300687556e-02
1.537724256846524293e-02
1.415403906932573286e-02
1.436232190631729806e-02
1.390959554843445960e-02
1.487636264131675379e-02
1.454090725789384392e-02
1.571742752998798315e-02
1.611927247686331319e-02
1.476404070509604663e-02
1.455381820975904135e-02
1.638938947846617020e-02
1.310135674326521477e-02
1.614062002462246168e-02
1.528431985588216309e-02
1.460093121483568845e-02
1.518564785281341367e-02
1.553790393613411862e-02
1.485946335285015171e-02
1.541447346979739168e-02
1.482628933648955094e-02
1.555030981050764018e-02
1.611479891928819380e-02
1.390748642989131367e-02
1.432186668076554023e-02
1.452552734830065383e-02
1.547414353940834535e-02
1.507365640296404186e-02
1.416966479682814882e-02
1.499912499861718110e-02
1.488895212820207960e-02
1.641919123873005967e-02
1.407331564345117199e-02
1.421986957566236456e-02
1.568918651200837400e-02
1.381870137548581179e-02
1.434834622131283752e-02
1.476139404995016266e-02
1.563642267105094449e-02
1.457439513701730936e-02
1.450720208893057327e-02
1.532043263578639070e-02
1.434916002159191371e-02
1.469506499200437175e-02
1.503360086090708633e-02
1.319655617044143345e-02
1.502958667630949902e-02
1.474267216523345372e-02
1.417711185133140386e-02
1.490553075350893077e-02
1.478719362077583928e-02
1.491922163997683182e-02
1.484770210755465350e-02
1.495233778159736973e-02
1.527914757247341229e-02
1.378286277888711268e-02
1.508429783824733784e-02
1.532786207278478974e-02
1.491257989149590533e-02
1.489476051360280086e-02
1.616679606303387390e-02
1.581134235897728446e-02
1.490188488273258907e-02
1.376286300859740248e-02
1.458980661378952992e-02
1.311000535467442100e-02
1.632561311868086298e-02
1.492030293770140424e-02
1.419897987039944395e-02
1.482193005397254570e-02
1.343857329430581983e-02
1.606678612160844510e-02
1.344340391083405362e-02
1.444674697614979283e-02
1.474139970178525542e-02
1.496981234097922997e-02
1.552527462635229505e-02
1.459371032642099372e-02
1.493390464133765617e-02
1.553465283822754589e-02
1.225498675847334559e-02
1.602787318652810350e-02
1.501755914286177947e-02
1.448257981610356557e-02
1.460566466113196078e-02
1.493203867715831717e-02
1.417910385220938832e-02
1.370364260356368366e-02
1.372061637682141233e-02
1.509326847445917504e-02
1.368191653454101445e-02
1.439341190659525205e-02
1.339123146684428195e-02
1.464729055331705568e-02
1.497739887422772607e-02
1.446084527924911683e-02
1.553132408804561160e-02
1.382089391348138852e-02
1.404847128892596463e-02
1.535976759922585630e-02
1.266198218605391231e-02
1.521746338834297982e-02
1.341601511146516858e-02
1.520970298108207178e-02
1.518080474165025076e-02
1.353734343117500051e-02
1.375303256867846033e-02
1.428961059521772353e-02
1.405154569746175537e-02
1.435275348485247349e-02
1.536255853556301766e-02
1.483098652036058708e-02
1.383340833913323208e-02
1.517697672793363005e-02
1.477598403971017854e-02
1.443602944685420594e-02
1.398898707543148011e-02
1.402192458202499922e-02
1.385783079886022430e-02
1.373000737921637945e-02
1.484558545198506191e-02
1.514089915992261788e-02
1.431462583908100702e-02
1.557089471623584326e-02
1.475545703756681731e-02
1.335408353843559048e-02
1.479635031559851585e-02
1.425636817829499352e-02
1.517283920411626429e-02
1.490913642089295062e-02
1.485264440259043660e-02
1.340013021816441677e-02
1.449523599141659680e-02
1.402205932132616698e-02
1.462457588770689140e-02
1.392354041398823593e-02
1.587282283371511601e-02
1.349218634307637783e-02
1.342065160525794491e-02
1.482327569420103901e-02
1.304397918986195844e-02
1.548329562284779526e-02
1.534329065780823571e-02
1.470735563895364181e-02
1.373118671608767466e-02
1.366542243567928777e-02
1.475684031271067183e-02
1.383634569979742823e-02
1.348057830042342052e-02
1.386297872210155192e-02
1.423758612089101941e-02
1.527240209091351199e-02
1.328707669525576798e-02
1.440521132105801808e-02
1.316015559258078629e-02
1.323448742922429290e-02
1.580873721036758078e-02
1.438530577147776636e-02
1.446448223199257865e-02
1.461541643821179931e-02
1.407898883565195103e-02
1.468376119018973379e-02
1.476770128231972776e-02
1.423841429870021345e-02
1.411664430541748061e-02
1.448606952803236161e-02
1.471240975464324294e-02
1.491306616311668422e-02
1.371158765966399781e-02
1.463726920135585349e-02
1.446725994284122317e-02
1.402280452179795883e-02
1.375349486408997991e-02
1.414888368121723292e-02
1.455901542886231005e-02
1.414209722366220091e-02
1.616901898681153207e-02
1.391154447621633684e-02
1.658009408942515139e-02
1.513956597752617352e-02
1.358865340372581755e-02
1.570331217166072782e-02
1.414539766202784279e-02
1.444267772572739930e-02
1.322836732031503447e-02
1.391956284649352275e-02
1.510466486754439425e-02
1.320279363111078429e-02
1.462914098333670428e-02
1.421637267682764223e-02
1.298783128899752559e-02
1.561012162456719768e-02
1.483013463525069409e-02
1.447402561764377267e-02
1.499797821883716402e-02
1.497361208263085081e-02
1.528399845187644081e-02
1.506357995005249209e-02
1.358611289487607864e-02
1.405879080690357504e-02
1.335193358569118638e-02
1.540124843749279479e-02
1.468887341030168138e-02
1.349691287175161167e-02
1.472175622609549032e-02
1.375768226691032915e-02
1.403942725878393367e-02
1.350419095496596840e-02
1.378358611849402754e-02
1.541774244527561663e-02
1.513607099333469548e-02
1.461505815458602822e-02
1.385457215828841092e-02
1.550716479415820831e-02
1.290579760447465446e-02
1.325580815068853197e-02
1.382454900650392955e-02
1.499291162819957682e-02
1.423379641065140692e-02
1.344607252300808464e-02
1.521060276962165302e-02
1.506271467597831808e-02
1.296064918017614774e-02
1.463463022286606852e-02
1.508457399840452268e-02
1.423861073308344515e-02
1.423387124568244871e-02
1.406244995701209574e-02
1.449064173018856962e-02
1.478093234394999185e-02
1.473801274338734472e-02
1.339789445966568099e-02
1.503858589189451325e-02
1.526365064810174428e-02
1.442214573332710817e-02
1.501345698409096638e-02
1.467482144702775618e-02
1.372640466616478414e-02
1.333248739653107758e-02
1.334920975466037836e-02
1.322692412465763072e-02
1.500108847659696598e-02
1.496823679444617833e-02
1.401096654771451927e-02
1.371403044061407159e-02
1.466441625802408430e-02
1.390605036547726096e-02
1.421635865610280935e-02
1.435738419345996240e-02
1.454070087419148151e-02
1.309612511613042311e-02
1.495956578331461735e-02
1.373742056284909217e-02
1.535669454659269531e-02
1.356705190850105401e-02
1.562189159515825487e-02
1.513406413159329791e-02
1.335544978133541665e-02
1.399246345181456679e-02
1.507001133006635220e-02
1.443520458491464459e-02
1.417485113968261663e-02
1.407177958732757674e-02
1.393457754300155178e-02
1.368967231807457184e-02
1.301798301405530586e-02
1.472871615201396499e-02
1.445420148274424894e-02
1.375714017168779349e-02
1.437744236063669655e-02
1.461965983483906779e-02
1.485704021084414093e-02
1.383352224808470469e-02
1.583701470770061681e-02
1.507604740766027053e-02
1.237475285971168480e-02
1.467327896168854964e-02
1.420996820996394197e-02
1.513006696668338022e-02
1.378779364127366222e-02
1.304982136675483968e-02
1.475626748984217897e-02
1.310774322066367813e-02
1.317942045896998773e-02
1.405273256531402136e-02
1.367191563003259530e-02
1.549501138395156276e-02
1.550691466515274376e-02
1.582652299962198500e-02
1.411569849698049439e-02
1.384246215393875913e-02
1.485323445670912873e-02
1.385393286282561760e-02
1.418862069496017002e-02
1.448659965494470715e-02
1.493956342512428592e-02
1.415973993629090696e-02
1.315314334001382521e-02
1.401131545809938990e-02
1.408253834190473057e-02
1.301810451178137679e-02
1.486484001920843935e-02
1.418750751824691438e-02
1.505957718363948317e-02
1.367433731885322849e-02
1.450707082502852505e-02
1.477029946689136647e-02
1.408938024211965449e-02
1.583081661775100416e-02
1.359313989186242480e-02
1.384094096351910948e-02
1.393763955805958805e-02
1.423538718012383464e-02
1.609056122465979399e-02
1.449177136173789883e-02
1.392224933277381310e-02
1.437855451933803611e-02
1.459567137568751165e-02
1.452281549496801070e-02
1.336281277527618348e-02
1.549194190499236616e-02
1.341392040042657663e-02
1.462834343388052377e-02
1.543975214425383387e-02
1.419952486245978224e-02
1.422170129677324465e-02
1.387214434711785994e-02
1.336355943741543775e-02
1.525900060094398727e-02
1.397699002231017618e-02
1.365516259738010912e-02
1.398067816552397459e-02
1.367334212960490299e-02
1.367646967824464287e-02
1.321255832793961221e-02
1.532180060073934889e-02
1.326242494464883494e-02
1.371714327920783502e-02
1.307221969926164115e-02
1.412851653633329617e-02
1.450786431153354775e-02
1.451494776243352283e-02
1.401355342666222269e-02
1.471854944465192210e-02
1.337699756260397714e-02
1.419855757341107264e-02
1.438179278240330101e-02
1.497897037006996196e-02
1.434868148594177668e-02
1.457162423388005251e-02
1.514103773889702471e-02
1.475349113925016921e-02
1.340659366632200936e-02
1.477412447185675118e-02
1.322613531678488476e-02
1.542244203057367528e-02
1.551315603358520943e-02
1.393349189026787081e-02
1.437866473862204827e-02
1.328590945218310546e-02
1.371236310617365839e-02
1.517470842456517845e-02
1.323950507721662062e-02
1.389286981074299918e-02
1.399982122512090539e-02
1.478227631214705518e-02
1.357383816693636530e-02
1.445013048868006370e-02
1.532236439915046766e-02
1.501329456936933635e-02
1.393079035718986294e-02
1.289915225202221266e-02
1.282904764489695495e-02
1.507137840103687024e-02
1.404543041807089325e-02
1.349571057377773296e-02
1.383412996973375220e-02
1.381731750617969795e-02
1.326426873636234356e-02
1.454254754485560276e-02
1.407729596978256337e-02
1.488808497905836324e-02
1.347544812620548801e-02
1.419983443627158108e-02
1.457350171381993978e-02
1.483723400237586636e-02
1.424143839079048193e-02
1.316321655269024789e-02
1.507872656953071315e-02
1.336283212445692550e-02
1.454254324691619041e-02
1.543522881267150003e-02
1.388865213461028952e-02
1.467832822347731915e-02
1.431174035191144431e-02
1.609867256330890090e-02
1.497393535731551123e-02
1.501427516554387082e-02
1.538068467190265368e-02
1.301362874978346032e-02
1.409273002606410696e-02
1.488368544898409709e-02
1.452152530720746300e-02
1.406928766661811984e-02
1.321695372143269660e-02
1.443022314402103538e-02
1.504040068078813831e-02
1.353382307044248382e-02
1.485368798608516228e-02
1.363006460951358099e-02
1.407023716971998913e-02
1.470054611506809404e-02
1.427231481324863112e-02
1.445411246427681130e-02
1.444934093828007665e-02
1.437188591679851649e-02
1.364442824078242189e-02
1.324562785740379146e-02
1.549753422236120268e-02
1.451760353362968256e-02
1.325635614870434090e-02
1.399387865483381170e-02
1.362504788431178650e-02
1.409157268900624108e-02
1.440972415791976977e-02
1.494742767818049885e-02
1.376097219523126844e-02
1.326250877107364862e-02
1.429740146334566343e-02
1.359716624434325651e-02
1.504187865903971848e-02
1.493984855075751982e-02
1.260553275171295666e-02
1.440691427794512335e-02
1.315571172413298323e-02
1.505459665325565438e-02
1.431222296222210179e-02
1.305357559556953248e-02
1.371534897121344000e-02
1.438200270700285173e-02
1.432966762016070657e-02
1.376933474856618933e-02
1.347299594370289857e-02
1.411576480753563151e-02
1.425120323828004548e-02
1.541978328116326222e-02
1.446719926286620106e-02
1.393025690100672259e-02
1.479717259944892012e-02
1.394759208158549528e-02
1.446857387344836939e-02
1.474762188164054078e-02
1.396350962298672539e-02
1.544834305401526081e-02
1.437071458290710424e-02
1.391966280522078520e-02
1.493248670212066372e-02
1.415800190327068560e-02
1.377434527679756784e-02
1.489505534191793747e-02
1.412696936355171788e-02
1.384561745582723116e-02
1.282153812030911548e-02
1.435198898455906057e-02
1.404349258928497268e-02
1.531452361692112359e-02
1.370646386435039367e-02
1.376387745698031025e-02
1.391780411269867047e-02
1.410347051401070716e-02
1.411267267756682528e-02
1.463683692815583200e-02
1.443767147613927646e-02
1.567220516996132088e-02
1.421805196378253706e-02
1.478342100622047177e-02
1.366649505360849684e-02
1.503672709920587242e-02
1.449063201805228344e-02
1.318958684135820326e-02
1.502756795712350581e-02
1.426514170011046641e-02
1.403017741023174399e-02
1.404447501736820481e-02
1.455065265204057677e-02
1.400413332592897152e-02
1.327079340193177380e-02
1.535341760043308981e-02
1.513442573008013346e-02
1.390300171861815967e-02
1.505113300023737215e-02
1.298086585328056715e-02
1.310970043812535735e-02
1.426248136027809775e-02
1.407359731058190760e-02
1.450273562300842707e-02
1.361241693930099854e-02
1.431622879818298180e-02
1.489054131963859877e-02
1.288836368757101045e-02
1.524484321723616406e-02
1.443050146926991469e-02
1.525165841398931979e-02
1.414902880611838484e-02
1.522011936127350661e-02
1.471962690864415772e-02
1.261458496053101050e-02
1.419731841722107757e-02
1.454602726929179156e-02
1.418122272802778937e-02
1.417210077042227630e-02
1.368691727869116720e-02
1.478215751051882923e-02
1.493312519307000638e-02
1.281827558438335297e-02
1.333216879490301855e-02
1.321315695753198100e-02
1.356724578485431557e-02
1.551266668123462908e-02
1.318280211567659024e-02
1.361865792526606618e-02
1.476250699583220131e-02
1.525547594048886485e-02
1.409203036540781183e-02
1.366204915307110170e-02
1.557894356785082153e-02
1.385455253118257450e-02
1.336303930770756619e-02
1.455782974240277597e-02
1.400776154853411795e-02
1.386671402966268250e-02
1.419885024487536201e-02
1.370424097258758807e-02
1.467560952812821048e-02
1.494671154801435232e-02
1.441369686775935410e-02
1.414309747207246303e-02
1.331518984385277049e-02
1.297453494405179618e-02
1.398633101206401413e-02
1.513673186014156610e-02
1.333475353454110363e-02
1.486684363744915707e-02
1.588145066927973068e-02
1.259627586076246530e-02
1.484332214119634362e-02
1.422669972371476584e-02
1.453249375573064522e-02
1.498540487376578446e-02
1.390657181315037988e-02
1.457233636310994312e-02
1.292840513140772543e-02
1.491015072604181223e-02
1.369200462071189922e-02
1.407479450053847857e-02
1.376207623447783454e-02
1.394727702383135454e-02
1.468412124564344966e-02
1.480114302952087978e-02
1.241175411452075279e-02
1.292577032633016217e-02
1.393140483785919835e-02
1.382110078294575273e-02
1.371656040152522717e-02
1.398795455898264525e-02
1.418784418876214808e-02
1.385577125526586684e-02
1.361328143964217821e-02
1.415130973205017823e-02
1.416201640188846991e-02
1.335901082948020603e-02
1.331397304508125795e-02
1.441450813305745170e-02
1.431618563015029343e-02
1.442167389854098064e-02
1.366193108412186441e-02
1.372433152782290451e-02
1.275207286548681561e-02
1.365908235178191904e-02
1.424669500478744147e-02
1.412171795506422280e-02
1.376470653073519866e-02
1.402282784101412799e-02
1.410627942017385165e-02
1.336366342266099086e-02
1.444087258095975296e-02
1.347688414103665779e-02
1.437339880713668118e-02
1.436704632805417894e-02
1.440268369292295458e-02
1.442094063074350792e-02
1.406785717611170987e-02
1.470777228329816708e-02
1.453591266090951788e-02
1.358870704948413229e-02
1.352871749028361319e-02
1.377212508447136184e-02
1.458969165659358171e-02
1.417136672513084374e-02
1.413407301633778403e-02
1.297026272326759488e-02
1.452559173231648612e-02
1.403404520557636863e-02
1.404808994648503589e-02
1.399700706168198992e-02
1.358756428837958746e-02
1.336386637162382054e-02
1.488180505524145172e-02
1.393402582345017182e-02
1.362728163401150626e-02
1.434722959232360463e-02
1.321778500810618512e-02
1.373748508154200819e-02
1.399009824501325043e-02
1.315474417938796402e-02
1.475932000270215386e-02
1.460018253735073657e-02
1.451338126789453002e-02
1.287126368184897396e-02
1.415947127343151861e-02
1.496832339326489326e-02
1.358950329977515713e-02
1.278740844041199171e-02
1.440335775591304948e-02
1.349124701782416537e-02
1.449617310426142350e-02
1.377469178044780224e-02
1.332496076637145095e-02
1.373282839197810870e-02
1.291920434205616475e-02
1.504556437929248890e-02
1.326515348260655543e-02
1.298144824912495984e-02
1.435667489197979194e-02
1.490532095259283416e-02
1.352172646400653933e-02
1.285430933361159968e-02
1.456783595457590390e-02
1.435597689330793923e-02
1.316930552451442069e-02
1.356060365939497879e-02
1.451958817446691828e-02
1.311869401367445412e-02
1.431512546410694878e-02
1.505361565448633775e-02
1.410000359198794635e-02
1.368836845598656905e-02
1.292097008680612516e-02
1.383775532941620805e-02
1.448549008937651331e-02
1.444955459393677810e-02
1.418386345589476259e-02
1.402361092059617453e-02
1.392624782483459916e-02
1.345483931394988487e-02
1.384842794366182572e-02
1.328619948784185573e-02
1.419855628571555298e-02
1.294526845977621299e-02
1.229587039040158647e-02
1.419572336167646866e-02
1.381057200619274609e-02
1.486341469047451971e-02
1.449498059463152563e-02
1.379692593724531589e-02
1.380332713814526324e-02
1.374529183766203151e-02
1.372442108401705253e-02
1.416467177673077539e-02
1.435231608204180082e-02
1.353471999210847411e-02
1.352405790987413342e-02
1.490840951008652604e-02
1.328831253110905261e-02
1.366566663809369413e-02
1.352386905766512874e-02
1.293921086207442360e-02
1.355464664064359726e-02
1.302785731702109893e-02
1.343708252396710184e-02
1.497118476698844000e-02
1.258963453075236279e-02
1.417517371206628712e-02
1.364271299231543597e-02
1.285995865465760536e-02
1.261587714700307221e-02
1.361692712792814466e-02
1.420546091910735408e-02
1.260523316481255290e-02
1.294674232241368843e-02
1.372895356612694774e-02
1.257717399241116418e-02
1.392845491803211544e-02
1.444385431145103066e-02
1.304370313039161962e-02
1.323028524775917217e-02
1.323254198731279620e-02
1.446847480960147987e-02
1.372633881582687593e-02
1.444657863118051049e-02
1.333916538492690984e-02
1.318494543147188426e-02
1.398899230442959309e-02
1.396360195864632114e-02
1.264103008767981061e-02
1.358538300299023081e-02
1.292590292583795791e-02
1.373649411112383943e-02
1.473564891515073347e-02
1.308494524270588898e-02
1.443181577656178251e-02
1.262431927398900873e-02
1.372110095468472533e-02
1.371930665191312126e-02
1.320427368382743119e-02
1.413855931667196662e-02
1.285356514069762972e-02
1.393125626015804738e-02
1.352042380074251933e-02
1.357959811812828668e-02
1.344338097728759764e-02
1.327084393627999889e-02
1.411614643443893577e-02
1.282509564173609645e-02
1.360631930184990138e-02
1.417872578054284877e-02
1.265505117980287621e-02
1.299170875625424784e-02
1.366287762668880711e-02
1.257337494615335532e-02
1.373346613441800076e-02
1.379741450924473235e-02
1.375945150845314831e-02
1.420102049442277699e-02
1.356733201368927853e-02
1.313658092398454352e-02
1.413841230061723027e-02
1.315784714971146400e-02
1.302719756828835118e-02
1.404147471842732801e-02
1.363603325213405201e-02
1.366826450155548926e-02
1.369065373390087638e-02
1.324987623411580384e-02
1.327656198044155703e-02
1.316258839801017974e-02
1.367062833310215414e-02
1.258842208944933524e-02
1.405225034905858289e-02
1.251818691845655619e-02
1.411556545040008014e-02
1.324394151094635853e-02
1.264986059048955370e-02
1.312366903157934604e-02
1.248821928449340632e-02
1.283484519626581707e-02
1.411107843798588973e-02
1.331223233322060065e-02
1.311486321037162728e-02
1.296369107707892078e-02
1.338840335427199206e-02
1.369174213743437445e-02
1.426145601273062953e-02
1.300575330973492531e-02
1.336897728511629579e-02
1.292487139132597260e-02
1.202930253573756061e-02
1.343404672995341005e-02
1.346390234646245576e-02
1.324206686133357069e-02
1.364002845368099230e-02
1.322580972481620341e-02
1.306817213251319255e-02
1.287301661530660182e-02
1.238418680495142338e-02
1.347686682451775496e-02
1.300296715017537109e-02
1.358127720156858745e-02
1.374695786496765541e-02
1.332183439774364819e-02
1.316891100317960604e-02
1.224341789002153340e-02
1.386198873917161324e-02
1.362261357385542195e-02
1.360228476764993241e-02
1.390154113293704669e-02
1.353674412858603404e-02
1.410258465793448948e-02
1.310749136787114043e-02
1.217347688518160241e-02
1.378828140315198521e-02
1.316994206146639319e-02
1.326594778885994454e-02
1.326104757533719258e-02
1.275098210791688995e-02
1.377301961615629011e-02
1.306676034507616574e-02
1.441237902702773542e-02
1.278850390168689496e-02
1.355967095471623772e-02
1.362323888094797188e-02
1.270808999059544822e-02
1.385077496106890821e-02
1.328233842213663758e-02
1.324816565126001391e-02
1.363758354593637770e-02
1.312096627695591260e-02
1.313542768020012699e-02
1.380876335741623891e-02
1.282604618094873757e-02
1.316374198861458220e-02
1.309333838966664221e-02
1.409244331615250138e-02
1.285974395464436516e-02
1.396615363538909575e-02
1.309459069813607643e-02
1.294074718331194793e-02
1.381822624057238783e-02
1.315856813867812870e-02
1.371844052923267519e-02
1.383975661068118264e-02
1.364354181949456457e-02
1.348015975086267783e-02
1.343924387577755640e-02
1.265404456116111034e-02
1.244675120775124398e-02
1.228465746965154946e-02
1.306853953786858528e-02
1.357170664119817030e-02
1.336803755701003113e-02
1.288918506422133403e-02
1.307993895567086812e-02
1.366903907029157726e-02
1.372282242299366524e-02
1.309397616916028843e-02
1.301661734384816638e-02
1.320664895041992991e-02
1.335107938149329362e-02
1.300842690041449992e-02
1.391746224330991238e-02
1.283639803237304929e-02
1.306248676467140421e-02
1.317602012893511788e-02
1.286513537719942944e-02
1.335587532958816548e-02
1.405941443510467376e-02
1.286625022890029550e-02
1.337350108707821734e-02
1.291043211450585391e-02
1.268894111481475538e-02
1.422605389969659392e-02
1.252717356673213600e-02
1.302799583829648486e-02
1.275321592094423757e-02
1.357977018005756230e-02
1.345761165671705180e-02
1.276580910481637209e-02
1.329314259307129605e-02
1.387776212657493985e-02
1.324336317646017738e-02
1.297386686442210044e-02
1.315105153180447933e-02
1.293311750251358375e-02
1.288206244606095174e-02
1.351932129291166275e-02
1.271533471857982933e-02
1.254470554814492503e-02
1.310854822483564427e-02
1.320160050839847519e-02
1.398478624623394895e-02
1.398559997905031091e-02
1.227681923776183064e-02
1.291621785399457885e-02
1.230267709503122912e-02
1.376565908946464009e-02
1.291586651385264080e-02
1.269340330940609170e-02
1.368900485141871445e-02
1.269808491336146643e-02
1.301033075121277305e-02
1.329948912002789502e-02
1.309875426542194028e-02
1.260449625078758837e-02
1.289097681309177117e-02
1.306343689210815937e-02
1.318220525802796424e-02
1.310202831981004817e-02
1.264472195646685129e-02
1.364232723423375662e-02
1.301190077071182581e-02
1.356122116057690424e-02
1.289666715395614525e-02
1.268893523442055429e-02
1.266192234588765612e-02
1.337276271272187962e-02
1.274252480476862660e-02
1.289012848277601257e-02
1.364596257732149723e-02
1.240901319324490965e-02
1.328803428447506221e-02
1.339769541487845390e-02
1.341439208491824499e-02
1.403806992416209952e-02
1.311659037499209729e-02
1.273015139159887864e-02
1.251069755401221228e-02
1.308448721186844868e-02
1.238565823839573449e-02
1.255984364319568704e-02
1.273175093565222411e-02
1.282291218350825601e-02
1.372330616521072813e-02
1.355456888525331804e-02
1.303406031669216737e-02
1.285561999161275240e-02
1.253992246429045700e-02
1.351159206388143422e-02
1.313054545355354930e-02
1.277015404593985493e-02
1.323492594161559434e-02
1.259626414102618143e-02
1.254727105853174242e-02
1.308783583045636939e-02
1.318110431018543194e-02
1.362801423784022747e-02
1.298551043951119352e-02
1.405496516603621862e-02
1.404028223091192268e-02
1.314554701665333891e-02
1.310268093977403486e-02
1.211157813446923914e-02
1.264997519425667231e-02
1.389036859059997013e-02
1.335082777938605483e-02
1.384839131454290544e-02
1.346870391632027861e-02
1.313661644496862298e-02
1.339778051184564549e-02
1.340692676742913890e-02
1.387397591393304923e-02
1.354914271454191015e-02
1.363025754531946472e-02
1.305581908040377714e-02
1.274033829711522167e-02
1.379310214725357892e-02
1.309159237397685208e-02
1.293528426671484120e-02
1.315033267047488637e-02
1.322143719946870279e-02
1.419658094121167488e-02
1.333973945764842066e-02
1.320902009080783361e-02
1.344768267933403767e-02
1.314795216128387088e-02
1.427213349181013190e-02
1.269065500388442784e-02
1.317078837897569556e-02
1.351423365310320222e-02
1.342538756783639986e-02
1.405631775419034085e-02
1.270844458193337925e-02
1.369248418144604178e-02
1.400554374429057759e-02
1.417466787139842581e-02
1.399033785747821369e-02
1.525848513932458184e-02
1.500982078040682260e-02
1.615685819458738751e-02
1.619185410957510451e-02
