5.381969779058111669e+01
1.532969361736622602e+02
3.600621140088117045e+02
2.779561783305315998e+02
3.037073335173771511e+02
1.417686099024674604e+02
7.865965536674930547e+01
4.013047616653174998e+01
4.264703363123658164e+01
6.769486483295966650e+01
2.851878103634073014e+01
5.724171225662719564e+01
2.619524229927057490e+01
3.074780674698608252e+01
2.379063347604900613e+01
3.620365101159984533e+01
1.865145012531512236e+01
2.796811547093674122e+01
8.863468470146839806e+00
1.425599911263334896e+01
8.057073591773907140e+00
1.398640552435355922e+01
9.814112329186317041e+00
7.829473481342472674e+00
1.142055022343891935e+01
1.097113373731280106e+01
9.962693470694230058e+00
9.784646948914968334e+00
9.173906434917327601e+00
7.452666601453053374e+00
1.092735014046131248e+01
7.356860891467281505e+00
7.516500578895181306e+00
4.169435335157715805e+00
5.830343620693719586e+00
6.432920244151842937e+00
5.300427605419567811e+00
6.319071145008084756e+00
6.602529857169955108e+00
5.342458401011734637e+00
5.236870362448288851e+00
5.812979616239527303e+00
5.311955950657952563e+00
3.911905005804931168e+00
3.482160129737461585e+00
5.670523654271690361e+00
2.107856662571443884e+00
4.663581410725702092e+00
5.107066859411743209e+00
2.733943798568357675e+00
4.582313516620358129e+00
3.045102906615474225e+00
2.910554359491473342e+00
3.206480825370770837e+00
3.539168496853698276e+00
2.996917295665602943e+00
3.049653460983824171e+00
2.767959229575451374e+00
3.636724280158174949e+00
2.766804719197806683e+00
3.308468060572263614e+00
1.870849031694405529e+00
2.227119666554890909e+00
3.341597098116550590e+00
2.174174955528826114e+00
2.420087759900685587e+00
2.489509265263048388e+00
2.619692999588122184e+00
2.032008091948133810e+00
2.204692141322412535e+00
1.626738673128151458e+00
3.040318452114437076e+00
2.554000256472604313e+00
2.294886423631961492e+00
1.738945471793532649e+00
1.611592739671694030e+00
1.581823862240766987e+00
1.456837013876961962e+00
2.154085426582848850e+00
2.010907548513058085e+00
2.422647180576340542e+00
1.956956775817195293e+00
1.355421978327450372e+00
1.553042113224500032e+00
1.912940738481718306e+00
1.621414573747947951e+00
1.290467505422461691e+00
2.157643086842548019e+00
1.528668635488551253e+00
1.551488678703918156e+00
1.553188002119107125e+00
1.672769388332117302e+00
1.350403699886934872e+00
1.245259932619259713e+00
1.242141599965398635e+00
1.267749905881637273e+00
1.178605809445098629e+00
1.622518063944352829e+00
1.554235047515080348e+00
1.159485553929058499e+00
1.314910568619557463e+00
1.157511150762974284e+00
1.388081842524280018e+00
9.183176741258488596e-01
1.082602618030383157e+00
1.365104865237892762e+00
1.487899754508860806e+00
1.183772938853440149e+00
1.344731627833607224e+00
9.181840731302042258e-01
1.153677469937227862e+00
1.017200445648584139e+00
7.442151711715258022e-01
1.089303813711066216e+00
1.292310228870732658e+00
1.408752561692683258e+00
1.307746000178588996e+00
1.094218189021364696e+00
7.542105907996130565e-01
1.190102100757544079e+00
9.589084094270524661e-01
1.161312404823224176e+00
8.412539310287301397e-01
8.536564387274884202e-01
1.064494410907395494e+00
8.882334556105735413e-01
8.983448919077318129e-01
6.982384830622143657e-01
9.736335994408646943e-01
7.776341411396491266e-01
6.974664469424777247e-01
8.623998004697283060e-01
8.586304813884778619e-01
8.873779272494515258e-01
1.014557261808900490e+00
7.114430724550674379e-01
9.012682943747821751e-01
9.036135911390342779e-01
7.827976778401214419e-01
8.747964934930175795e-01
9.116816729230262650e-01
7.997050810203883975e-01
6.988672828346050858e-01
8.243709043156652871e-01
6.708260469210386434e-01
6.587673910729278104e-01
6.329090109365621553e-01
6.506392169213609522e-01
7.451255080911280970e-01
5.926677415463672549e-01
6.634543813655492395e-01
7.615164936145051300e-01
6.395296798824415818e-01
7.694601010288963927e-01
6.004882650194768301e-01
5.834719121763425331e-01
7.006171947588897275e-01
6.801552181934035213e-01
6.781658324454149511e-01
5.651136662087647977e-01
5.349318631863262397e-01
5.282238235655962733e-01
6.140661372344327074e-01
5.392960390764294232e-01
5.939589978830952521e-01
6.352612596014243218e-01
5.869242787412151108e-01
4.569168542337965766e-01
4.953984907394280990e-01
4.713445696347721148e-01
4.859146033984902413e-01
5.066004619268191789e-01
5.022587716901656396e-01
4.860250925457713644e-01
5.307865044684474398e-01
4.263162448135200400e-01
4.037850603136711181e-01
5.517117093962770058e-01
4.619730157243076563e-01
3.922345398360337354e-01
4.080495255321159864e-01
3.931949230643513316e-01
4.454530366825781296e-01
5.198050133675856666e-01
4.680329155700362342e-01
3.970009757237866199e-01
4.476885933317683031e-01
4.580832227056725880e-01
4.561604110057439487e-01
3.673912575852449347e-01
4.326234914469608839e-01
4.580461981438950225e-01
4.128942624279615115e-01
2.849300266983398888e-01
3.483605580451440420e-01
3.346558039870141665e-01
3.585903036064524430e-01
3.012692868850770922e-01
3.157715548264232175e-01
2.933993630290092636e-01
3.553938334269007293e-01
3.432797247739341473e-01
3.686379542740883530e-01
3.251368068527041300e-01
3.129534052768839780e-01
2.401693750527728599e-01
2.772492575465712594e-01
2.389037763416060611e-01
2.852749534716904622e-01
3.030430849250240199e-01
2.723851986440076201e-01
3.349783478854193586e-01
2.784703245841614327e-01
2.816741548748614710e-01
2.519526161984277368e-01
2.643442276471951735e-01
2.753257717855728814e-01
2.278791637514898383e-01
2.532335243408045944e-01
2.627735268178538197e-01
2.357021121897338867e-01
2.087348396128159977e-01
2.447461277669717161e-01
2.233846369776103791e-01
2.072326331840117775e-01
2.188115543103299754e-01
1.732449667061830012e-01
1.805546279644200114e-01
1.837167644762360552e-01
1.994105339737335947e-01
2.116927271683683720e-01
2.176033492051406559e-01
1.388321437215971066e-01
1.972752036247709395e-01
2.154447862722701501e-01
1.730839368211927187e-01
1.943958714941582955e-01
1.777570986576932077e-01
1.797091908478807565e-01
1.712965725156561092e-01
1.539868231048864833e-01
1.712772334839982591e-01
1.494884111368676161e-01
1.565274813727122460e-01
1.447566487530413115e-01
1.578170707162428743e-01
1.472386291170642569e-01
1.250729620650087859e-01
1.317182114950628258e-01
1.342119953566644208e-01
1.379620631019309873e-01
1.116497429110205331e-01
1.218160543770239468e-01
1.419156234318761645e-01
1.278586547490934144e-01
1.243570529791690332e-01
1.309612707603920179e-01
1.128217564024536768e-01
1.108928837658713223e-01
1.004100190332555542e-01
1.191777710754973740e-01
1.194438274009122919e-01
1.061841795763174279e-01
8.916878499258311386e-02
1.139168799625576989e-01
8.832372667487925488e-02
1.068455548169054276e-01
9.385595802269701415e-02
9.288129056694727215e-02
9.402233002144057272e-02
1.010516937720839226e-01
8.898598780842131850e-02
9.788493366331026124e-02
6.875622269198626568e-02
5.608076424889568007e-02
8.059780832701421427e-02
7.969570297487274524e-02
7.248606772171990731e-02
6.876233517209043300e-02
6.725107587659483188e-02
7.659627212063029045e-02
7.871759184342888571e-02
6.368425225989962635e-02
5.548927867770704625e-02
6.171520551775585423e-02
6.014997890516622647e-02
5.716964882312291357e-02
6.265899601211988301e-02
6.366505172992986683e-02
5.038163042677073350e-02
6.399835295144357117e-02
5.675677604397329212e-02
5.127189643194332569e-02
6.165141367798992328e-02
5.321183368916482942e-02
4.275171951558071060e-02
5.349718451378690509e-02
5.161209956699556317e-02
5.328819948522104527e-02
4.162392974021039693e-02
4.864697795415131448e-02
4.058065430169389975e-02
4.710740819765393828e-02
4.901969888878317250e-02
3.770840101922144638e-02
4.025270700473762564e-02
4.363327931086624645e-02
4.768316143265680790e-02
4.159362871506842169e-02
3.979905228881220475e-02
3.428718262194780514e-02
3.514808207986062916e-02
2.944841852719841391e-02
3.492271937140044302e-02
4.430303535754911287e-02
2.931622653633298922e-02
2.669532109756856883e-02
3.700586556506245406e-02
3.698148858982588938e-02
2.977629137733420542e-02
3.536795989709611010e-02
2.984843262111347081e-02
2.826055173959033523e-02
3.227365545277811887e-02
2.962111614797380277e-02
2.787450420034631379e-02
2.925400910370769270e-02
2.631453167999510748e-02
2.841595351422425073e-02
2.896336937429997566e-02
2.514706042300002969e-02
2.219755434797644061e-02
2.335064036911912305e-02
2.414627836714635864e-02
2.792173419273467558e-02
2.229611041807716063e-02
2.746791934316014303e-02
2.517473441693504621e-02
2.133570737565945036e-02
2.346029411374449952e-02
2.032678928266877169e-02
1.929025789464692414e-02
1.823835884724187353e-02
1.775413863816936375e-02
2.147300961034976502e-02
2.066835679096239164e-02
1.892760755096278141e-02
1.694030216605426145e-02
1.900922120612177219e-02
1.752310963603418217e-02
1.821169341100998401e-02
1.989935865778290000e-02
1.991036574924431521e-02
1.693623571547893045e-02
1.607798200836207947e-02
1.543993940083290481e-02
1.731225314117664990e-02
1.384327093749022040e-02
1.557303497405598987e-02
1.671881022841339298e-02
1.829992137551123693e-02
1.738608089152603869e-02
1.516755399721256108e-02
1.481230338656427080e-02
1.573530453542821422e-02
1.271992008776740360e-02
1.368646346749108345e-02
1.715542470534187416e-02
1.768201501302361922e-02
1.586660778232213201e-02
1.667685372238641647e-02
1.454926737182486371e-02
1.349702133604717587e-02
1.297647319945944080e-02
1.308721535255548928e-02
1.477412526593516878e-02
1.642128189754569340e-02
1.431505415613644645e-02
1.417814717165735011e-02
1.347132196367012771e-02
1.403462023921652965e-02
1.382176252848051762e-02
1.282644146336495670e-02
1.339153430081194314e-02
1.026237534309636622e-02
1.351914580364144136e-02
1.286601774126548345e-02
1.126995003381543042e-02
1.363918435836559452e-02
1.285964472404617018e-02
1.076714887004737164e-02
1.198476947631378804e-02
1.302559252630043803e-02
1.165620499198677384e-02
1.165968381545573647e-02
1.226156346317050332e-02
1.055425836696237234e-02
1.055081781332130493e-02
1.206156757475393415e-02
1.388229191389183173e-02
1.197274040504147687e-02
1.108128933493304075e-02
1.209682514267717245e-02
1.242641287829409497e-02
1.181788489580289613e-02
1.148247980887280410e-02
1.305035490665795717e-02
1.126493425140094942e-02
1.038568418097867742e-02
1.061186353361836220e-02
1.049805327086794117e-02
1.124160620329696728e-02
9.610050484533836854e-03
1.054418862634862522e-02
8.882113337691030161e-03
1.031732075704564974e-02
1.008332315569923469e-02
1.065947923357925438e-02
1.110337465022646387e-02
1.093922148487230447e-02
9.541212083673646441e-03
1.149288122051528131e-02
1.185738528395221224e-02
9.918768075838869588e-03
1.113654402371755565e-02
9.647513178677274287e-03
1.198075529884202843e-02
9.837013794541158915e-03
1.061398842453495361e-02
9.789367173683644063e-03
9.934928843950235205e-03
1.097346909009694164e-02
9.540815168281441966e-03
9.718189696740856323e-03
1.036622363079502465e-02
1.048468704046613860e-02
8.469181873802742941e-03
9.395091641208726252e-03
8.976823870964430879e-03
8.645080047340148593e-03
9.499330712031616233e-03
9.101330799931747068e-03
9.648042804279497939e-03
9.049589603520672917e-03
1.034088401827834743e-02
9.760259691942687471e-03
9.664463823929287517e-03
1.015236926147617194e-02
9.724495991588963384e-03
8.995259992782559527e-03
9.389639896014125714e-03
9.324939613806761465e-03
9.957377917519188992e-03
1.050036024378647910e-02
1.012049891569105978e-02
1.066215869954979974e-02
1.029511484017335901e-02
1.039035217619173682e-02
9.210564648688747760e-03
9.046149262170946267e-03
9.269119721091187772e-03
9.361453067074174822e-03
1.028539752212984798e-02
1.076399464019671057e-02
8.631479192574120773e-03
9.476420020830969917e-03
1.063401401010441276e-02
7.722544862222213355e-03
1.012477421489517242e-02
9.618448525886327469e-03
7.773743021007238976e-03
9.897661724668414124e-03
8.293602355074721974e-03
1.022180907290926900e-02
9.283412970346249099e-03
8.930071098149057821e-03
1.066025083902137453e-02
9.338230247963194564e-03
8.895989688232233336e-03
9.808434459906430203e-03
9.409686302086188101e-03
8.249295485975407724e-03
8.188922699951441814e-03
9.333818999312997605e-03
9.950910166361320863e-03
9.407726829791412601e-03
8.573431579212429168e-03
8.224410546985689088e-03
9.868550737263059869e-03
9.291850686387491051e-03
9.490762267192575166e-03
9.766362613855944161e-03
8.107123899191992500e-03
8.676206972202119699e-03
8.888816625084162287e-03
8.644673186698441716e-03
1.020496707552951028e-02
9.034533958998334710e-03
9.221964046367270296e-03
9.770221787782322823e-03
1.007496956471753968e-02
8.524665748394600479e-03
8.711157141471359555e-03
8.362206450012170389e-03
9.141858185180380680e-03
9.634563405898691896e-03
9.561332298484489373e-03
8.083534141928838332e-03
8.378337588297394764e-03
8.473099390454168559e-03
8.538363404530369474e-03
9.343336865693082152e-03
9.038268046579296319e-03
9.217466147931813181e-03
1.038451937674417930e-02
9.119976928585328546e-03
8.112039934336750038e-03
7.649042462485651332e-03
8.328669337304720963e-03
9.356906227466302642e-03
8.765538909945070484e-03
7.731843944896682128e-03
9.056675542165423809e-03
7.455933538637257718e-03
8.162817868503762994e-03
8.710266859415241592e-03
8.826219285966689296e-03
8.826125584021245196e-03
8.100372288283518366e-03
8.175958904628452539e-03
1.007948157539470362e-02
8.500023664959345179e-03
7.498714757176219367e-03
6.984021478708690722e-03
8.218494593626257325e-03
8.852822152669732533e-03
7.464923233078818443e-03
8.515834288987871731e-03
8.636313516210365748e-03
6.728897653273235163e-03
8.861991188944885398e-03
9.287375508877208224e-03
8.464341039109190071e-03
8.438553520795708321e-03
8.862961253820866164e-03
8.504006198850385528e-03
9.571483289575480335e-03
8.924555392920608191e-03
8.144117604138644689e-03
8.486422119676905948e-03
8.156434066351773635e-03
7.388910316269928051e-03
8.833555362199312089e-03
8.940356393985418940e-03
9.472201840957145472e-03
7.957773344687023298e-03
9.209713028119025785e-03
8.991777596663983255e-03
8.651850236986750528e-03
9.254507209491750694e-03
7.354457498972539510e-03
7.991923483219781632e-03
8.630222672917260002e-03
8.380671366233126418e-03
9.336683502414292596e-03
8.978171706384097117e-03
1.026910140573613489e-02
8.639941044586593039e-03
7.699716963107296717e-03
7.274464048495567388e-03
1.026842182961829227e-02
7.443700791754948205e-03
8.989821295974389365e-03
8.655067443370738356e-03
8.913019305398011891e-03
7.618465211970213563e-03
8.306281017783008133e-03
9.446301065868535282e-03
8.542321708803413821e-03
8.448263205502246423e-03
8.191045943362562642e-03
8.696841557185934837e-03
7.527719626925882292e-03
8.048214844808198806e-03
9.170277575781060966e-03
8.693579355786872076e-03
7.425677729082844764e-03
9.025950044521348012e-03
8.384615649332897991e-03
7.618402820763756252e-03
8.750363848695480798e-03
7.806655580175176148e-03
6.984736017179668348e-03
8.621594692811259536e-03
9.253583657404210183e-03
7.979264731669290928e-03
7.587458699192421892e-03
7.862756639150439431e-03
8.136990401174526086e-03
8.741388774955742916e-03
7.710738840381231585e-03
8.438518570489751680e-03
8.099109800086037522e-03
8.554384373329634514e-03
8.382577069732210021e-03
8.766046604675791637e-03
7.353902104943034999e-03
8.659789182602968538e-03
7.857168336289462734e-03
8.159936284200095327e-03
7.559152599423000357e-03
7.498725986283772890e-03
8.661359176999849224e-03
7.541658389443695737e-03
8.402038369461375250e-03
9.088506964447497227e-03
7.615623469570217095e-03
7.728265842759032486e-03
6.976906052762815551e-03
6.776052860158410934e-03
7.999364847949110360e-03
7.326661389363460682e-03
7.681490981972804305e-03
7.836153505878927505e-03
7.924757438981681890e-03
8.279565810464495010e-03
8.136001579923611213e-03
7.739232602572409907e-03
8.249344265916140270e-03
8.209536905651937042e-03
8.333957005519500999e-03
9.020518530548997035e-03
7.290630266866764131e-03
8.358578172604411854e-03
7.267569019757572947e-03
7.699547200678252823e-03
8.389132211496563851e-03
7.342856005216631850e-03
8.280624722614171943e-03
8.444675662859760581e-03
8.149431529517527431e-03
7.475560120874036492e-03
8.667351688835027435e-03
7.754634251816770393e-03
8.545893848474473559e-03
7.960337911778891593e-03
7.627696960130225974e-03
7.949587582167655375e-03
7.593372098310957607e-03
8.179354632441872969e-03
7.838650974251298517e-03
8.365079963117250106e-03
7.638248603636463123e-03
7.332467174056949907e-03
7.918723596100281023e-03
8.052127977821402910e-03
8.078904332951043071e-03
7.525448090415963465e-03
8.148743812033851577e-03
8.385573067448874943e-03
8.019744855833222524e-03
7.476149453302311995e-03
7.309694126089507152e-03
8.034184777924523180e-03
7.050022990690397312e-03
7.563176263469926879e-03
9.270964916026499039e-03
8.237303368289436781e-03
8.566437666760795544e-03
7.534146602685949136e-03
7.704705808140325553e-03
7.829155459170674541e-03
7.740881355054248826e-03
7.566646264808283597e-03
8.048024706640144812e-03
7.580227621073614558e-03
8.081403546981188665e-03
7.508720936247364336e-03
7.974188729710767615e-03
7.548162182431029238e-03
7.518175381559332078e-03
7.532337944066293083e-03
8.282900628240637622e-03
7.475927105745228812e-03
7.759731170752207259e-03
6.868586314259594351e-03
7.980901778817856007e-03
7.751345838835317810e-03
7.955769192366337825e-03
7.392529056427264017e-03
7.595372214994251976e-03
7.576915552746105002e-03
7.764873762244468326e-03
8.222091895244665674e-03
8.240590205472596297e-03
7.748989248473512129e-03
7.909003950565485219e-03
8.335440140135236264e-03
7.443148197388741762e-03
7.594660572197723704e-03
8.855303779282166707e-03
7.008189635830924975e-03
6.949535686268633675e-03
8.095653176081180416e-03
7.055791452691015375e-03
7.033369491042352865e-03
7.127232555514393872e-03
7.165443395289591497e-03
8.181366892334519456e-03
7.312030709697534860e-03
8.914901947631261037e-03
8.688247327889300417e-03
7.606315539562443113e-03
7.359402368020379059e-03
7.988570962206871864e-03
7.871043546647896530e-03
7.301594363053612140e-03
7.947248939943139454e-03
7.411336143073195791e-03
8.484184809966065222e-03
6.714673848735325939e-03
7.717602763576492456e-03
8.417719561443711557e-03
7.809366515550642852e-03
7.572663138940062023e-03
7.830212593219077616e-03
7.879134824982101173e-03
7.198825541316745610e-03
7.476592272204678723e-03
8.013270211999613465e-03
7.882737284801343003e-03
7.461111176637093279e-03
7.798139802606380601e-03
7.615289494394086346e-03
7.639539260092779657e-03
7.751316202492210782e-03
8.738482011613573491e-03
8.509181242352257396e-03
7.649228666408687885e-03
7.591272446828821810e-03
8.924263097421654065e-03
7.882085577215928313e-03
7.372902866690542005e-03
8.557040243405563198e-03
7.470179200103370908e-03
7.362768136084720319e-03
7.494027154043498770e-03
7.007662874786123319e-03
7.454763409977084067e-03
8.187680093604109838e-03
7.164618069198177772e-03
7.648068002906417348e-03
7.066635457424311033e-03
8.291163168692262248e-03
7.534203423575757536e-03
7.896888987853041900e-03
7.515559570382245556e-03
7.305750876262288168e-03
8.452368254053795396e-03
8.702800627630983762e-03
7.601096881934089888e-03
7.844551272825560709e-03
7.719302579483773401e-03
8.801897653202604352e-03
7.778474464247520266e-03
7.340913973467744040e-03
7.886807878331118793e-03
7.427483678205373287e-03
7.990078008981339394e-03
7.966385845814669478e-03
8.216398954309875671e-03
8.560382116433706487e-03
8.167149626604232326e-03
7.926047916233134802e-03
7.437357399683383087e-03
7.583780732425193447e-03
7.673521975002839737e-03
7.582773781383422493e-03
7.829152965367491487e-03
8.275608439823944895e-03
7.807914988462743948e-03
7.302881586781613532e-03
7.756996847982573426e-03
7.066722178257151335e-03
7.298605886486742196e-03
8.136941100271057048e-03
7.731965871832179732e-03
7.673564208683531299e-03
7.875125312195155325e-03
7.832470145994476288e-03
7.753656814202248421e-03
8.505188150502716524e-03
7.981055147300492036e-03
8.587540050411455669e-03
8.034368812436376919e-03
7.267040438010345660e-03
7.848904900991323513e-03
7.894530004925398928e-03
8.267421691657063712e-03
7.469489271234842041e-03
7.466751712028103782e-03
7.749412339501855242e-03
7.433857415183837275e-03
7.552039856513702819e-03
8.523920554336308561e-03
7.507201225552973672e-03
7.828892463916692010e-03
8.046645270733437244e-03
7.366004152425283114e-03
7.423371083353017853e-03
7.307913816839531861e-03
9.170236899889066054e-03
8.085052738874862893e-03
7.526132173700851927e-03
6.968210340675703648e-03
6.894168311961232885e-03
7.700833544057201878e-03
7.613717704164582427e-03
8.072305042989908613e-03
7.699333432251910525e-03
7.741460657050534995e-03
7.580140834269063523e-03
8.102920257616209182e-03
7.929530210174359425e-03
7.525068706244419058e-03
7.869517822014476804e-03
8.227315852605972604e-03
8.117820450080252132e-03
7.715405117250333407e-03
7.538290292376254725e-03
7.197652539472423894e-03
7.095310953857819625e-03
6.962318066325762916e-03
8.384683545414158695e-03
7.628425176285431875e-03
8.124697862320650818e-03
7.895768762523212164e-03
7.812417593515611977e-03
7.931913953794778038e-03
8.050719089876784418e-03
7.560931820732167893e-03
8.309935028528055850e-03
7.718162960378221159e-03
7.348220317435111976e-03
7.893691934085294779e-03
8.448651567386004230e-03
7.833704202377788500e-03
7.631069208437509313e-03
7.173988799154804030e-03
8.056665733427776158e-03
7.150226053969107806e-03
7.643503317242626542e-03
7.725886673355744812e-03
7.434682584795905894e-03
8.251174894490830372e-03
7.476124129701082130e-03
7.870678590899123778e-03
8.294620159600057940e-03
7.190174471837420395e-03
7.287206956909656613e-03
7.526963120805465687e-03
8.134737168776173116e-03
7.395741163987977658e-03
7.330533501523799240e-03
7.525667709404515807e-03
7.307530958740937783e-03
7.753391303891359228e-03
7.640837658157221580e-03
8.631962175927496497e-03
7.573960888325702301e-03
7.115388124372071070e-03
7.762515780686830499e-03
7.932813683283803166e-03
7.972189790844906240e-03
7.521357188414063213e-03
7.218973166770216617e-03
7.296816015667374755e-03
7.048043732866096298e-03
8.118700395748567125e-03
8.186848186488040330e-03
8.119563472761780892e-03
7.219005286968580536e-03
7.162184134844921946e-03
8.005838682137148346e-03
7.814385559683327542e-03
7.624309103321398433e-03
7.743812228038771117e-03
7.135549421996723735e-03
7.558696936778940174e-03
7.868992647495536355e-03
7.402866372136019182e-03
8.161306681089964057e-03
7.114865618228189727e-03
7.319913119428343891e-03
7.942536189451537831e-03
7.983747339758066539e-03
7.643494288577941734e-03
7.345415541286712605e-03
8.065753288784250144e-03
7.742677558675864144e-03
8.303171688123970814e-03
7.793123132787833571e-03
7.451310241554761488e-03
7.952518811470734791e-03
7.535467575558013262e-03
7.605032800985159561e-03
7.920197484850373740e-03
7.599579039335815391e-03
7.881441733411945205e-03
7.564032730759930045e-03
7.324063936678566755e-03
7.860010345870660844e-03
7.749231912489575741e-03
8.605123289712810278e-03
7.469714506737341018e-03
7.584654887692895454e-03
7.245866075695818649e-03
6.960140794760020025e-03
7.872324566656143871e-03
7.342787580541824607e-03
7.410939141893173494e-03
7.545197498100381268e-03
7.635888402537888836e-03
8.706560068599137128e-03
7.700809384577692908e-03
7.553089044655879498e-03
7.808925277166167168e-03
7.627681245003227646e-03
8.046229730586683393e-03
7.819566099100285286e-03
7.195431832489956707e-03
8.523259374844468009e-03
8.039425897862410506e-03
7.875230794454349953e-03
8.077934231956043071e-03
7.981137708206766795e-03
7.567062262068022065e-03
7.243795706128912208e-03
7.572340436160226312e-03
7.485455859712718783e-03
7.057263611101378085e-03
7.477858448398239100e-03
7.778630552758685965e-03
7.168706969712301293e-03
7.393120430355287417e-03
7.434931810562556836e-03
7.182852148099664463e-03
7.792876882503674968e-03
7.740540222572404698e-03
7.822424571883906247e-03
7.993615738464181220e-03
7.384073836909847526e-03
7.181416318032298775e-03
8.344619760476377351e-03
7.917006609104115106e-03
7.703838280745528566e-03
8.112856337224604031e-03
7.351306839805949768e-03
7.845459237457278606e-03
7.457052258885148166e-03
7.221044099897668510e-03
7.309925882499714901e-03
6.890028091481437307e-03
7.243096572880854817e-03
7.362776262446328254e-03
7.463864379020706923e-03
7.252074814634886304e-03
7.079484297696066186e-03
7.733147751678280495e-03
8.239346061489221523e-03
7.507668990511617499e-03
8.069527078735958675e-03
7.482748940506002075e-03
6.959143036766117160e-03
7.645773064906730837e-03
7.885688930157432053e-03
7.865617790111167559e-03
7.600237088936417397e-03
6.572073540156382621e-03
7.292255515606883669e-03
7.778834194656078678e-03
7.068278804093258011e-03
7.528949699359135765e-03
8.102979718214789462e-03
7.921020596907331693e-03
7.272919290000753531e-03
7.490101040429207602e-03
7.237609335695934475e-03
7.740007509507211732e-03
8.134694015884378487e-03
7.801196445294548455e-03
6.849615356204952557e-03
7.484437307058222633e-03
7.066807787545802480e-03
6.875555098285570862e-03
7.370051058877600571e-03
8.117911712006995253e-03
7.447800071617988529e-03
7.828840434075806654e-03
8.108909474793667138e-03
7.556568880628486418e-03
8.073068856394171808e-03
7.353140327377137749e-03
7.456552118476132522e-03
6.946922987068818514e-03
7.141360242418095389e-03
7.574524869136978547e-03
7.723525273927201416e-03
6.819886352719644988e-03
7.670229449442730191e-03
7.867145992972177440e-03
7.854918673023736364e-03
7.571020689843966159e-03
7.170851741771171184e-03
8.175009784430788129e-03
7.027767563582320437e-03
6.874351987338436602e-03
8.257101662986621529e-03
7.775225467851632627e-03
7.865977678188128611e-03
7.119781980840265284e-03
7.829331044645681387e-03
7.436338519617564057e-03
7.513561196360074232e-03
7.216070781887752236e-03
7.501987343261832045e-03
7.700343117470773678e-03
7.841341427118120322e-03
7.371472902862304458e-03
7.525855597514824642e-03
7.857661806420869477e-03
7.742524031497512692e-03
7.405834373890903509e-03
7.649862842561077660e-03
7.206142915985399092e-03
7.779714875902524196e-03
7.850075587081534190e-03
7.506957306188389613e-03
7.621748296149844469e-03
7.544345627601481245e-03
7.389556823454007488e-03
7.472405957173698481e-03
7.604062333886385527e-03
7.673451198021621206e-03
7.636789955734079281e-03
7.813770639321112807e-03
7.766548226144734737e-03
7.116544226231371131e-03
7.044230374179664966e-03
7.970205318302357733e-03
7.653354705097877887e-03
7.952825520155948000e-03
7.515498992090821617e-03
7.335693904497806415e-03
7.587756611299080120e-03
7.472171350399572747e-03
7.772908815159876479e-03
7.746857073464153386e-03
7.866877678650146047e-03
8.269669895406095081e-03
7.769792873016045931e-03
7.851530242193344167e-03
7.818732761506087467e-03
7.187866698865893328e-03
7.323082302947952170e-03
7.271660054429823598e-03
7.907662833476892736e-03
7.202579427569906316e-03
7.271757055530218665e-03
8.180159209456654493e-03
7.642738633345449485e-03
7.575912298796892361e-03
7.620252203872303690e-03
7.389224093984137105e-03
7.073986556827276118e-03
7.622517690040936378e-03
7.182055016524386583e-03
7.107029188328999915e-03
8.236424191986115376e-03
7.755765494966774566e-03
7.597772892553934440e-03
7.215878893886275985e-03
7.215165523392121256e-03
7.281222844877445304e-03
8.008324030929417706e-03
7.273042817745514928e-03
8.068405872025698894e-03
7.420355831039756114e-03
7.323654847045023286e-03
7.432666896350789698e-03
8.156680732803029549e-03
7.647127709295781055e-03
7.315863690972017157e-03
7.316475739313445768e-03
7.410750727437298568e-03
7.258395836898843580e-03
7.521649158507453733e-03
7.428060484872098419e-03
6.444091792106546902e-03
7.386871755727328522e-03
7.274150755720446351e-03
7.811592782533354103e-03
7.550115047224715062e-03
7.323476378389056837e-03
7.815486481319482495e-03
7.212703327967638287e-03
7.013560654896936440e-03
7.632584984189433493e-03
7.322520492909889017e-03
7.355751805288426003e-03
7.258930219310334025e-03
7.057055810955288611e-03
7.154401707359613928e-03
7.073573932124690468e-03
7.477984421421089017e-03
8.213060999141888474e-03
7.600125808218767196e-03
7.538630685653598291e-03
7.451451244166074073e-03
7.552049301751843913e-03
6.846467702659332806e-03
7.487660174305105221e-03
6.782171585401926620e-03
7.441147148181202937e-03
7.570517595592114388e-03
7.468543644556957517e-03
8.046182346358782614e-03
7.086476772978913055e-03
7.484924067861096521e-03
7.328791954869234328e-03
7.037516574871783594e-03
7.547850038589007035e-03
7.576160258007637142e-03
7.324357272790415346e-03
7.109194163120072241e-03
7.252168760043659762e-03
7.855318370582221182e-03
7.857359029054183930e-03
6.878128169978873704e-03
7.875533699475131127e-03
7.488351480270667715e-03
7.116694917707009141e-03
8.012246411421371575e-03
6.583043250084776032e-03
7.554353002064970353e-03
7.557097697998273363e-03
7.021771029206787598e-03
7.398352767915600432e-03
7.208480318181124426e-03
7.230259543535730478e-03
7.842528984916601054e-03
7.417635488754830558e-03
7.653942011321852694e-03
7.491140468680913822e-03
7.504291928351520397e-03
8.185858893344243048e-03
7.191460406865623003e-03
7.283442703198300151e-03
7.546498512603002154e-03
7.833600390675510630e-03
7.820486418202383938e-03
7.372062982852898433e-03
7.275786760266191380e-03
7.216903621386655879e-03
7.254580671594791121e-03
7.726005448532554179e-03
7.015201614312792898e-03
7.671019356146411249e-03
7.877964995914508300e-03
7.285306630216236042e-03
7.387481848214673408e-03
7.011584920135773523e-03
7.702940809032723761e-03
8.145807748412262420e-03
7.281484093086297744e-03
7.033137066963975233e-03
6.962338136677996385e-03
7.069197388110648808e-03
7.520328546105692520e-03
7.602934203031630998e-03
8.004222926514431222e-03
7.157264013337358982e-03
7.214024622853962287e-03
6.986894688759743254e-03
7.150200523554911015e-03
7.381092612468304059e-03
7.338907365398814921e-03
7.351663654897520363e-03
6.765941669019247262e-03
7.622688495458299247e-03
7.718095051983867201e-03
6.859967158983565697e-03
7.527859554362688159e-03
7.252176809740294716e-03
7.702022590097472830e-03
7.172512037609084928e-03
7.109601254228828209e-03
7.692519433105869837e-03
7.366279282246090097e-03
7.242981727349591912e-03
7.430418012244212854e-03
7.280548323045877776e-03
7.187602446978320209e-03
7.294131138021802026e-03
7.622414655481347251e-03
7.020091696816056250e-03
7.653224222150306968e-03
7.367505324576104596e-03
7.330359210158207510e-03
7.622871333036627603e-03
7.334643157099541774e-03
7.173313476123642854e-03
7.292730866017106857e-03
6.923090591595981204e-03
7.358733622901439744e-03
7.042393381045725445e-03
7.968339724396375848e-03
7.064321637065962625e-03
6.954608810735039143e-03
7.643450419600791162e-03
7.716027763428986996e-03
6.788609595221977745e-03
7.609212089861792233e-03
7.426809099753311008e-03
7.426719455617029376e-03
7.141284113576016127e-03
6.750637847578000277e-03
7.686886901710474063e-03
7.024626861266089657e-03
7.718638413539435222e-03
7.392413406526633125e-03
7.224462970305020430e-03
7.433194948903617746e-03
7.301262937635317682e-03
7.027964339552454122e-03
7.439960677441244397e-03
7.718141963832201094e-03
7.586005759564634111e-03
6.896399430419142274e-03
7.715675197756134349e-03
6.866610481558046465e-03
7.074491308544375405e-03
7.118267664793338605e-03
7.104529158918709841e-03
7.391580463638569402e-03
7.674762928998548131e-03
7.205455740140941090e-03
7.462656986306103434e-03
7.600325451866988061e-03
7.532374345320056938e-03
7.761595950334142582e-03
7.014141840511893371e-03
7.036704247639150034e-03
7.485066062574811940e-03
6.990115557158309810e-03
7.284446418019166133e-03
6.964082859591405779e-03
7.425540253955286059e-03
7.333974470840114342e-03
7.096410992221088322e-03
6.396063628424386756e-03
7.315554147938586882e-03
6.783269836139069198e-03
7.176798284746082474e-03
7.306953035511761646e-03
6.785676663824933424e-03
6.827630455408473416e-03
7.352554543629269065e-03
6.590279269695202904e-03
6.789877936584454675e-03
7.107837581469004552e-03
7.404276570665300171e-03
7.256469726437687548e-03
7.401698370193441831e-03
6.727885353053002053e-03
7.536181961976223809e-03
6.783566264499944938e-03
6.989139099225998193e-03
7.023429172227872025e-03
7.464850710094158258e-03
7.404146121096537650e-03
6.585973668578545132e-03
7.519004213616425035e-03
7.223473982678132663e-03
6.655099550572789874e-03
7.101624739455157653e-03
7.219082228206144883e-03
6.846096158580798098e-03
7.368824996610193190e-03
7.276795332589554820e-03
7.164717723245320538e-03
7.458233754351086681e-03
7.116280617874902285e-03
7.296046964765951631e-03
7.439623932433597590e-03
7.085059506629610114e-03
6.795401770320032980e-03
7.061127242610271658e-03
6.948416485585567209e-03
7.159860462386016290e-03
7.079538428033572799e-03
6.582778038567370718e-03
6.752521579787441192e-03
6.709901649111413811e-03
7.083178089958569110e-03
6.729208812032245676e-03
7.454403773474803374e-03
6.513530580158613872e-03
7.102732045351522507e-03
7.433444394705938929e-03
7.584060140782459582e-03
7.134581826888403318e-03
7.321383544453090135e-03
7.148167711664471687e-03
7.216527865379600802e-03
6.659801106058006910e-03
6.871272861168157067e-03
7.089005874614862091e-03
6.818199130797519998e-03
7.173443908543600429e-03
6.953644063126889277e-03
6.907591691601245275e-03
7.375751844315449855e-03
6.782846535442382634e-03
7.077079551517247678e-03
7.104632779854488760e-03
6.883002787839715385e-03
6.469710282987295967e-03
7.210174290890630777e-03
6.740973084733260269e-03
7.226210792753655528e-03
6.721784021214882894e-03
7.024172949309965240e-03
7.099722122121012238e-03
7.330195501422506234e-03
7.445935385910604568e-03
7.196064505897594062e-03
6.717185598088481167e-03
7.332533527377418231e-03
7.121235984256234740e-03
6.677543255487927015e-03
7.347410400967471431e-03
6.980219850062385246e-03
6.852019574592692862e-03
7.390285827043862124e-03
7.204199157068153295e-03
7.079972002914771204e-03
6.994128362623866328e-03
7.141305038256651888e-03
7.921692370638678746e-03
6.762958725029711952e-03
6.739497531608416685e-03
7.450690231329870454e-03
7.120155161232762792e-03
7.062469589388166782e-03
7.176268833963824617e-03
7.068625004879763515e-03
6.938853394344683678e-03
6.502215386390728866e-03
7.402238310693159788e-03
6.719947639914606967e-03
7.093848495316875877e-03
7.179425294135215012e-03
6.670525357469750047e-03
6.668452277895603290e-03
7.400781697744744300e-03
6.994371302749020393e-03
7.128336786503584356e-03
7.326246094159763987e-03
6.614931788266392373e-03
7.145038834433736774e-03
6.919727779597329917e-03
7.070022614319913974e-03
6.833792936997261890e-03
6.942518185667790991e-03
6.897652607148336591e-03
7.065041477647225794e-03
6.959324784939585791e-03
6.773473467657933553e-03
7.100901924089764519e-03
6.968488552381326556e-03
6.961195131120748690e-03
7.169462022941999572e-03
7.117937759338089330e-03
6.820941185743625845e-03
7.098842748273239550e-03
6.516331958443830584e-03
6.872715291999241354e-03
6.666434756707765620e-03
7.257736677421407906e-03
6.994556350946536452e-03
7.248751986138021394e-03
7.494612166604602832e-03
6.946891093517745808e-03
7.600206404680809671e-03
7.158404606165116521e-03
6.895045915657208729e-03
7.341552003248791314e-03
7.476920192676353785e-03
6.681556255312254798e-03
7.342549727188317672e-03
6.947463419729905422e-03
6.831583573927090328e-03
7.075820934112644033e-03
7.009522625426672059e-03
6.964346370543709162e-03
6.238567173194277046e-03
6.892034905257913777e-03
6.928315468946644531e-03
7.159639383080854125e-03
7.082102681090415679e-03
6.813055535053280480e-03
6.922452981415662225e-03
7.625750580205841421e-03
6.878150030170497586e-03
7.125720292659885359e-03
7.048397026141125371e-03
7.385599109436894946e-03
7.203465148558291578e-03
7.152412626609117377e-03
7.200352559478051702e-03
7.112069020743940796e-03
7.218935597667461637e-03
6.696522195688612775e-03
6.919605283096263992e-03
6.679814401097819085e-03
7.353313295398178351e-03
6.854453299440328370e-03
6.983973892992404939e-03
7.218864964377410577e-03
6.351795955984782145e-03
7.006450239585416614e-03
7.261393883173805457e-03
6.625753938888361005e-03
6.750516368145381176e-03
7.159127862635085264e-03
7.095963718069642212e-03
7.262040459671814489e-03
6.640186615575210775e-03
7.507950228177200439e-03
6.845401187422367646e-03
6.742991881731574301e-03
6.814085280243910650e-03
6.613899112509530678e-03
7.049579206298829843e-03
7.397107147859775626e-03
6.800292362767432729e-03
6.696104401968801592e-03
6.958235059540148100e-03
6.859568877319087953e-03
6.465053350757996552e-03
7.020286666068248881e-03
6.877524155953070213e-03
6.888168455217414179e-03
6.994364807792675942e-03
7.603190443571604049e-03
6.994882755540341238e-03
6.772185882471208965e-03
7.133068813639557859e-03
6.989996099463292693e-03
7.244102895974785343e-03
7.202386043728798218e-03
6.746418322592272025e-03
7.016245910583790608e-03
7.241597774364429141e-03
7.029608710112043510e-03
6.986150284676121217e-03
6.777463136976530876e-03
7.287736706651158115e-03
7.061262323232923507e-03
6.999371020685173951e-03
6.960564907582500287e-03
6.698156649066282740e-03
7.182041201144144862e-03
6.843379275168773312e-03
6.571398380997245034e-03
6.879991441327873783e-03
7.084047007281510898e-03
7.133000613859341414e-03
7.459591537042513550e-03
7.337129012058731144e-03
7.292410145799299755e-03
7.236687134718872670e-03
7.069137978719187802e-03
6.874427362158896417e-03
6.569739342490974604e-03
6.913619414019252229e-03
7.036779798193113986e-03
6.723502457610835634e-03
7.260519116279107003e-03
7.117142738067788223e-03
6.503953616323552775e-03
7.192082371383247755e-03
7.178404558859304528e-03
7.156212860871502025e-03
6.867708904598387662e-03
7.008981020576150224e-03
7.526402567890405453e-03
7.258943878355648971e-03
7.030627556792865517e-03
7.136215697452401828e-03
7.321412382399647770e-03
7.163584064190347232e-03
7.166203892253458080e-03
7.539918665534738051e-03
6.231740416701419399e-03
7.677594368058438153e-03
7.393834555834041290e-03
6.995794158511633998e-03
6.968331555488762111e-03
6.943763384867006686e-03
7.095355137388880892e-03
6.398438939280390661e-03
6.848143446799218395e-03
7.087660094805632062e-03
7.128432194421997249e-03
7.278894149318222012e-03
7.238107145175068716e-03
6.955856015936316347e-03
7.233087008143859742e-03
7.003298325723036899e-03
7.246481209719268790e-03
6.978028547335608962e-03
7.324949511756983014e-03
7.138563216297069344e-03
7.172557098630379449e-03
7.238028386589615872e-03
7.441134622823036490e-03
7.505713614030590057e-03
7.185242311808200458e-03
8.290425100719672757e-03
8.373216751388247794e-03
8.843918376186905503e-03
8.698928920275612528e-03
