5.585273433372113061e+01
1.143993850115383566e+02
2.116530402639989745e+02
2.260012992908177978e+02
1.240528817703377769e+02
9.863840804072030721e+01
5.435783532162221832e+01
5.507773499204487422e+01
2.663930072665959869e+01
5.109023477721392936e+01
1.976534868658061583e+01
3.156913459144075773e+01
2.576720972971835977e+01
2.979565355411445182e+01
2.043984834998930111e+01
2.729057133315622252e+01
1.460765001359027693e+01
1.919114531042448490e+01
7.042212541588983576e+00
8.356414204017218239e+00
6.936012968718031857e+00
1.060916412825817901e+01
8.309091546080253465e+00
5.558729571822885518e+00
8.920868799902050839e+00
9.182753709696120481e+00
8.126833872481126875e+00
9.264080103577059688e+00
7.067309087557967828e+00
6.899702149585094979e+00
1.051142587551444763e+01
5.437719009066588782e+00
6.253525399542684937e+00
3.744595237997244030e+00
4.988796400452477187e+00
6.048758865222272796e+00
5.157523795534993738e+00
6.140789131606018358e+00
6.342407018715314315e+00
4.981409455221531779e+00
5.202246263829724882e+00
5.443553393173281130e+00
4.394612519158433095e+00
3.475538561701138285e+00
3.332374733939873934e+00
4.814751814381953210e+00
2.007050756892078791e+00
4.252532856444033449e+00
4.585297615195692345e+00
2.558664513953844200e+00
3.618137999816501083e+00
2.385910555960534474e+00
2.665862032235369661e+00
3.149844240561872510e+00
2.980652548825935000e+00
2.786480616384080289e+00
3.223275231942311247e+00
2.486658841065961578e+00
3.340091247127692675e+00
2.685594870217653529e+00
3.327777008267408299e+00
1.926141802953112547e+00
1.954144034910143102e+00
2.768056292472639512e+00
2.138270425417707177e+00
2.381538563956210552e+00
2.614750589297317518e+00
2.847425516179279192e+00
1.878028312142982159e+00
2.226107678668082013e+00
1.579749530908359123e+00
2.960960306470967307e+00
2.385465617083425638e+00
2.117752157551873182e+00
1.799268381143871887e+00
1.651485730163697596e+00
1.586687492779566222e+00
1.493381218227170848e+00
2.066126814831852787e+00
1.941657319588205421e+00
2.390628859981669407e+00
1.779835008940522600e+00
1.250526177661519522e+00
1.754981712831696905e+00
2.069280798421463174e+00
1.657998325280342300e+00
1.302998905145498210e+00
2.182767619604443876e+00
1.472095522816378566e+00
1.655111946859531447e+00
1.745456153445642755e+00
1.792374977516355550e+00
1.397139218244281889e+00
1.248825249263247228e+00
1.341820954490585915e+00
1.443022573345568604e+00
1.114011597586263669e+00
1.733476875959940156e+00
1.697392349765576069e+00
1.328432600051561163e+00
1.396858642436553000e+00
1.279205740867719765e+00
1.496010423727820671e+00
1.087456130417933542e+00
1.215230165493260683e+00
1.491092064510170179e+00
1.790650421708260831e+00
1.229040420384202026e+00
1.471170291701984212e+00
1.142225176841087819e+00
1.340379940049887919e+00
1.052534659318721921e+00
8.910589732653416695e-01
1.249626427341449908e+00
1.542309181801386986e+00
1.609757088333015229e+00
1.533970726515229810e+00
1.257084607105901419e+00
9.106914874530054327e-01
1.511329766824334397e+00
1.194267062210275121e+00
1.323238326053656433e+00
1.041856981452914832e+00
1.052996533045992500e+00
1.174080335197234648e+00
1.126066422580294990e+00
1.162184932936792370e+00
8.667129555624478732e-01
1.228746871474464708e+00
9.618888926514592708e-01
8.373452837853206931e-01
1.093327487403650045e+00
1.006580267969876541e+00
1.155309837777031223e+00
1.367928029232839959e+00
9.242613850337451087e-01
1.112045063088664465e+00
1.211536500223646451e+00
9.484309748068693313e-01
1.098184990542032669e+00
1.127863328172601820e+00
9.608054809974427846e-01
8.808519355585429089e-01
1.151277560198267436e+00
9.028844019484427719e-01
8.993849555736527224e-01
8.579484898257688785e-01
8.730062991574949471e-01
9.609089581039168548e-01
7.751391076140676795e-01
8.980015251054012104e-01
1.014354685922650878e+00
8.649851744443372015e-01
1.043846113080326932e+00
7.788780445009761966e-01
8.322468928142449096e-01
1.053680655320528903e+00
9.277794769675767883e-01
8.822192156685205733e-01
7.863068969996495072e-01
7.635321324221913120e-01
7.625601497082462599e-01
8.572996230366654036e-01
8.115293384641452112e-01
8.612136013629819731e-01
8.926521066619271805e-01
8.742702091318510504e-01
7.091240056098793154e-01
6.857915657241410168e-01
6.988707976856293191e-01
7.345539122549167299e-01
7.051473759872374236e-01
7.373140182965491896e-01
7.061731529266873642e-01
7.499568234086576579e-01
6.306389918560546537e-01
6.487833707454497834e-01
8.763929514372135188e-01
6.872650777706272862e-01
5.416511051004128108e-01
5.849340880949353005e-01
6.139613610407765876e-01
7.221665917392959821e-01
7.786128329452489671e-01
6.972074933857278500e-01
6.016653225526658044e-01
7.473255509392268126e-01
6.966630489761638234e-01
7.368733645434674129e-01
6.267782313931202776e-01
6.493152566981564844e-01
7.067433098303149697e-01
6.291271331679740841e-01
4.504755467482607911e-01
5.703719738169834574e-01
5.716381495670419532e-01
6.176410198428532450e-01
5.249097965381062103e-01
5.560055110371632248e-01
5.047200233778779133e-01
5.581843114902033109e-01
5.931349614588138364e-01
6.252022075886904950e-01
5.431628628264710823e-01
5.140438798066567783e-01
4.378545344730287447e-01
5.001325277650365830e-01
4.230394169513900238e-01
4.875484823077870233e-01
5.046006714873635390e-01
5.122877236708957005e-01
5.670724277039922434e-01
4.493411946880676022e-01
5.700214075979667117e-01
4.866684450433231279e-01
4.565981270826360294e-01
5.359198460565490763e-01
4.340232256227581908e-01
4.886815824985604739e-01
4.759792852646524408e-01
4.452678395033962677e-01
4.288869362270628649e-01
4.459941075700211144e-01
4.123283596231372972e-01
4.294928551960484620e-01
4.556236671044816000e-01
3.296621536494251936e-01
3.502337143619240756e-01
3.685311656745390296e-01
3.898674335414017422e-01
4.352707689600288088e-01
4.246176725662241802e-01
2.946619225945012466e-01
3.897669560719178583e-01
4.046067739171667066e-01
3.478173277089958715e-01
3.937373181798777266e-01
3.399016847825531151e-01
3.702545654399714836e-01
3.603621543828112173e-01
3.375426961972151640e-01
3.713406146940413377e-01
2.963434341030194985e-01
3.354614576737496856e-01
3.064181944936082425e-01
3.510984395067829889e-01
3.264392960725804316e-01
2.443341518098642584e-01
2.792717352833568589e-01
2.987271397578845633e-01
2.995225090182948580e-01
2.558015032303856962e-01
2.735916175432768216e-01
3.066764745881623844e-01
2.904342112249533869e-01
2.622636609560679011e-01
2.629621646392833467e-01
2.480589269639676409e-01
2.670386806909361699e-01
2.445630103491454321e-01
2.687786967228006918e-01
2.847563817196669400e-01
2.259480335232827153e-01
1.945565027056775365e-01
2.330361333805135715e-01
2.228008245957606992e-01
2.693526950842579648e-01
2.194938517070029182e-01
2.095256508683024099e-01
2.450949817632733785e-01
2.579329661152484632e-01
1.960373761904340428e-01
2.261134729206530358e-01
1.840872669625537306e-01
1.594945525007824827e-01
2.027243707296291775e-01
1.955434379000959011e-01
2.081815708377511009e-01
1.711478786191798496e-01
1.746131704115806704e-01
2.019593311858865481e-01
2.109582035967677571e-01
1.733511335896838479e-01
1.560093548175854605e-01
1.737701696690887032e-01
1.693205570831069762e-01
1.561969147489120358e-01
1.816266192158439152e-01
1.504478293409083067e-01
1.262966778854717198e-01
1.693166068762609333e-01
1.707734129413471802e-01
1.513119918609492631e-01
1.489828842599784653e-01
1.503598558030608268e-01
1.353928681434843073e-01
1.390135921891776094e-01
1.432716253438494902e-01
1.483637367970213616e-01
1.138631284994638948e-01
1.434936720856779535e-01
1.096296534064612055e-01
1.228731470195442155e-01
1.377111598027016270e-01
1.067143634367496291e-01
1.258876494319784434e-01
1.149845802121744615e-01
1.125778393462228272e-01
1.202189933419127166e-01
1.124309526893384759e-01
9.736634683696554493e-02
1.070939414839144899e-01
9.487978384700440637e-02
1.000695630065972230e-01
1.155038809822129947e-01
9.409098575366153794e-02
8.739988134201483183e-02
1.008822477029539116e-01
1.112718364921682357e-01
9.287474821703665950e-02
1.007879681386142506e-01
8.651211360005148232e-02
8.357524733518052751e-02
1.019779359291373422e-01
1.002613929962107436e-01
7.324228413004846283e-02
9.432172194939415777e-02
8.862078375305988687e-02
8.477674757769944336e-02
8.865392392984063064e-02
7.385055325972335327e-02
7.037893674722113524e-02
7.428835129573943541e-02
7.696016256786739063e-02
8.516714867733725380e-02
7.411273725190939410e-02
8.230150239950587143e-02
7.079078257255171092e-02
7.569944283690829834e-02
6.615215703559575167e-02
6.739693560132462014e-02
6.382749242464880179e-02
6.279536000722425737e-02
6.608797173789088264e-02
6.010605275117646140e-02
5.615459569687252656e-02
6.317930446707285819e-02
5.480938899720622093e-02
6.498739203928444175e-02
6.155338358969735663e-02
5.429410418059608251e-02
7.231260662066678335e-02
5.987562342383030006e-02
6.143268102023694693e-02
4.963553723927862510e-02
5.341636533424561767e-02
5.570739857307335785e-02
4.957749213212898909e-02
5.178553492449000650e-02
5.878120379662527678e-02
5.644429005301147134e-02
5.165882551990907956e-02
6.343807909035246995e-02
4.265017587194790821e-02
4.745616902559367245e-02
4.476289387306169043e-02
3.940627132142058425e-02
5.589921957136467084e-02
4.514902600632624691e-02
4.861874850667141645e-02
4.772014207801002217e-02
5.230433382397342568e-02
4.246301593204782759e-02
4.416816311015218238e-02
4.418169615875987971e-02
4.157708625299641469e-02
4.820994730867752404e-02
5.330915019592089715e-02
4.496781226074764160e-02
4.305941849196639332e-02
3.582569397231805119e-02
4.111419294079241699e-02
4.008015834977592118e-02
3.700810200746727785e-02
3.643590311777379631e-02
4.189401719305872046e-02
3.789606436239140869e-02
3.931617749214698365e-02
3.964189872877912912e-02
3.874302866458179118e-02
3.574621415968388255e-02
3.553563894433740128e-02
4.025500398200864555e-02
3.921873040090183282e-02
3.345053066974706252e-02
3.405006364450462869e-02
3.593408678716461524e-02
3.604267148978347601e-02
3.872990551839320533e-02
3.356985609536027731e-02
3.853196133886089420e-02
3.234673100933402323e-02
3.646870659846612739e-02
3.522573622962577727e-02
3.231554655205022553e-02
3.258891482336134793e-02
3.068483288803568187e-02
3.554790521026476857e-02
3.472347785336051679e-02
3.351029683542917914e-02
3.702472434216762254e-02
3.431358300951682649e-02
3.173173356610282242e-02
3.596018446034063981e-02
3.151260358894233948e-02
3.264445858373127979e-02
3.452254325447655370e-02
3.050834542353664941e-02
3.393967517808997580e-02
3.000770077670019548e-02
3.534700601364416939e-02
3.569228926043224726e-02
3.352457585583615285e-02
3.168577496252079906e-02
3.252618419976391340e-02
3.119129356616169579e-02
3.482211834951957213e-02
3.490666576545110172e-02
3.235776736631442579e-02
2.717209242741855033e-02
2.884187334623877080e-02
3.265500740882294056e-02
2.841548692167905621e-02
3.122573733075196742e-02
2.772878794576539088e-02
3.020909129077737482e-02
3.190377043893138920e-02
3.057812517226360383e-02
3.012273441471607568e-02
2.985614584708736960e-02
3.274983125838224624e-02
2.832569713331813469e-02
2.580375056758152721e-02
2.892550675796857346e-02
2.515128668522506258e-02
2.719244924680916040e-02
3.263652937685413563e-02
3.113136072000687038e-02
2.870893917071264123e-02
2.882408388649669584e-02
2.737517922572011569e-02
3.195106236682137418e-02
3.067774318105636125e-02
3.240636903827658760e-02
3.322728859919579780e-02
2.620235482029031893e-02
3.067702665520988248e-02
2.775935621174594262e-02
3.047867858386866038e-02
2.806406231639093155e-02
3.222928385810790858e-02
2.794050291977113326e-02
3.307790711418707313e-02
3.108322225919532208e-02
2.715715246167563907e-02
3.025729930910672424e-02
2.954969766606016512e-02
2.811047453544205516e-02
2.769313282525731265e-02
3.256254639091456932e-02
2.471969277283845093e-02
2.742346549489499061e-02
2.644189289748577129e-02
2.579138539638968844e-02
2.913910317238274650e-02
2.805254750832450461e-02
2.748087902189347287e-02
3.012217089954762061e-02
3.076531267570451963e-02
2.643660610835419505e-02
2.665076030696363757e-02
2.590055173799675481e-02
2.911481227155316917e-02
2.773285100301452200e-02
2.537492691741704068e-02
2.436256452326256844e-02
2.979382718707198827e-02
2.675849830669280172e-02
2.686877723632755122e-02
2.864327348761417508e-02
3.084202316875624128e-02
2.909512869631579804e-02
2.828181834763059815e-02
2.545014265016400101e-02
2.443151737819790337e-02
2.650597901756465008e-02
2.573450678580439452e-02
3.077654718318062130e-02
2.980691264564881010e-02
2.672844080290572022e-02
2.950392057219458283e-02
2.773240800493863983e-02
2.590030814076018859e-02
2.491488392529020782e-02
2.711317145864283740e-02
2.727804745891563784e-02
2.485789786964849590e-02
2.434460680016430068e-02
2.618504389800972026e-02
2.730479597240944092e-02
2.749456994495041995e-02
2.513901047145718215e-02
2.410909689031697986e-02
2.620722389062831240e-02
2.518528979199038259e-02
2.845316835211307224e-02
2.422980742383581965e-02
2.228836034450741924e-02
2.641561264156764080e-02
2.447958264651797430e-02
2.553669642349745347e-02
2.482060591697922425e-02
2.465003869528124142e-02
2.666736197224851487e-02
2.261025209061798616e-02
2.407335668074704269e-02
2.718613284232777177e-02
2.397136402578114306e-02
2.406804720546837015e-02
2.301270309108637349e-02
2.466175476139121844e-02
2.395404661622791212e-02
2.203564241758891942e-02
2.392292487230778669e-02
2.534039525382554212e-02
2.576703769754341150e-02
2.603565087435224731e-02
2.596194680257195644e-02
2.574895563350556443e-02
2.412890729173507165e-02
2.268740364441677870e-02
2.568433120501772277e-02
2.364083225248243131e-02
2.306709159475314394e-02
2.468025459272302560e-02
2.589218182009106126e-02
2.375367956803689506e-02
2.275618409038125331e-02
2.033100824822700256e-02
2.373038907111616608e-02
2.153670515394131083e-02
2.271444553260645177e-02
2.437627939117455525e-02
2.398648494220144423e-02
2.083264151603028691e-02
2.113829528069924302e-02
2.397464138876386278e-02
2.347506920474169700e-02
2.302990135843945713e-02
2.560135300148281418e-02
2.505012614789655853e-02
2.384344409074541649e-02
2.253696596031716168e-02
2.298904551314219849e-02
2.362828467224121348e-02
2.289592147924901164e-02
2.241336214413721870e-02
2.111441279300596899e-02
2.582252702989395673e-02
2.165028691675982206e-02
1.969969549347598547e-02
2.320924301343423729e-02
2.293902481990233930e-02
2.056288055824929614e-02
2.353126864289047451e-02
2.067474963261129936e-02
2.230967679090064409e-02
2.132788129210003158e-02
2.254343052820183269e-02
2.362518382888362592e-02
2.062328584513923799e-02
2.158421701031732268e-02
2.132649502644664088e-02
1.990619606921039536e-02
2.189833409873741601e-02
2.524285356753880327e-02
2.217492532516675968e-02
2.233881140474532762e-02
2.083402881159982997e-02
2.001383821630562179e-02
2.060008281014409984e-02
1.794774450154179926e-02
2.126382034269841403e-02
2.110078233809162263e-02
2.129801308552788444e-02
2.128598824962633224e-02
2.160956539530663537e-02
2.250688572375680874e-02
2.037789494534782836e-02
2.187912347117468986e-02
2.239111702625145098e-02
1.935651001895822079e-02
1.880982165255902852e-02
2.151331599409338560e-02
2.112265489674836766e-02
1.989054203817239297e-02
1.982508544635358874e-02
2.100681804258629562e-02
2.165814781280031229e-02
2.022313841909770260e-02
2.157756608324671796e-02
1.971024250115876314e-02
1.884099759960901344e-02
1.884928334120411150e-02
1.851924622170789819e-02
1.835882718495922619e-02
2.185778645368150266e-02
1.749579308726244981e-02
2.040427720294906225e-02
1.991052580359192054e-02
2.016914677758619573e-02
1.897070532251187575e-02
1.976547150432353059e-02
1.942134981111089120e-02
1.742033037601025194e-02
2.003671415986708546e-02
2.055557678474062913e-02
1.925813196335107030e-02
2.112498256355869672e-02
1.994305234715419706e-02
1.853646640787366684e-02
1.957411149547005208e-02
2.018081564153431998e-02
1.997481289606103244e-02
2.090565226244931601e-02
1.858927088946208186e-02
2.120788186997615843e-02
2.002896398256754501e-02
2.050561579903928400e-02
1.829674063987968974e-02
1.788414955760261882e-02
1.874578112305023622e-02
1.949892518360164459e-02
1.979700824986138294e-02
1.708295794562523021e-02
1.745509956857808562e-02
1.982128008305990632e-02
1.953041097854108302e-02
1.930256380889616361e-02
1.807769919679792781e-02
1.804237975474239086e-02
1.948162928543540132e-02
1.761007271926051665e-02
1.818580553262131097e-02
2.009293748160853599e-02
1.801385286762754306e-02
1.737458364982258363e-02
1.702298598315190453e-02
1.868046951632168842e-02
2.139383092744052972e-02
1.956060425894967647e-02
1.779128524435966835e-02
2.013689969148549710e-02
2.006437639984779558e-02
1.993567848386708016e-02
1.758403690369942859e-02
1.796668924461292116e-02
1.715086159025025828e-02
1.833844501867788052e-02
1.894600766899980082e-02
1.992099598662405713e-02
1.875826335198490027e-02
1.734984798978772211e-02
1.794705417402730693e-02
2.045675080539086435e-02
1.707672241101081817e-02
1.907269992927235897e-02
1.821421900797282403e-02
1.919913024507423696e-02
2.063060577734282530e-02
1.747645194211450148e-02
1.841053616355090017e-02
1.935537676261632825e-02
1.882101168104144059e-02
1.904747169678598293e-02
1.830246108322901646e-02
1.974273113028962578e-02
1.725246884297680638e-02
1.843672447846453344e-02
1.914507531953685976e-02
1.700542493436864658e-02
1.664453333508297481e-02
2.030705272482667689e-02
1.854624349986462237e-02
1.877061770271349489e-02
1.853194998900845047e-02
1.834594656693985457e-02
1.893290629272998890e-02
1.880078971396396612e-02
1.584509278559589548e-02
1.887372303119803918e-02
2.019950910065605038e-02
1.916481896933186838e-02
1.747616456830795861e-02
1.717923732715540344e-02
1.930412089290535829e-02
1.944154903458761990e-02
1.852347847683243759e-02
1.779537968576512530e-02
1.758324541117342252e-02
1.903097035460081521e-02
1.771511799407927620e-02
1.957073917738173102e-02
1.838808152975128160e-02
1.642623028285676579e-02
2.111256276545803168e-02
1.608031123201249593e-02
1.894895160185502275e-02
1.931310479041623354e-02
1.797785634537253305e-02
1.699556963307150698e-02
1.985590716466414940e-02
1.700367200383565841e-02
1.886783717745992711e-02
1.869380371731074741e-02
1.955515247549855645e-02
1.800442355807210099e-02
1.863109470500451739e-02
1.774552662332824077e-02
1.693876676903562431e-02
1.791664767899886143e-02
1.876477536449783559e-02
1.721935732064982030e-02
1.915135029301632055e-02
1.793312115709666879e-02
1.851460144403295482e-02
1.671789153816257908e-02
1.745493786126224925e-02
1.904212872109773899e-02
1.677586447833620889e-02
1.715729107033822642e-02
1.784026345358591392e-02
1.922916468230623233e-02
1.857449448671893988e-02
1.697953461352452731e-02
1.814935079374460289e-02
1.936970990242935925e-02
2.014599990650977127e-02
1.856113774619573900e-02
1.783515734899435504e-02
1.887562459113215768e-02
1.988353619782872589e-02
1.738170872862446203e-02
1.849569955394354467e-02
1.876370299282919402e-02
1.746693666506933182e-02
1.723798104048265833e-02
1.761033425345832903e-02
1.876158975773627863e-02
1.852320903423257739e-02
1.705300072802751893e-02
1.899464881461374391e-02
1.712842495321439604e-02
1.776336825587746318e-02
1.885438748675280149e-02
1.828858573267292884e-02
1.829951332481498036e-02
2.040687093365665256e-02
1.787600752626020834e-02
1.861280659546071803e-02
1.804725966258809156e-02
1.831082028801641129e-02
1.868664592886472645e-02
1.750882898372861304e-02
1.903833384088135516e-02
1.720489910850920776e-02
1.738980856887957852e-02
1.827440103448412304e-02
1.857054319504823636e-02
1.852609229437452917e-02
1.776800964749834788e-02
1.767405803194965763e-02
1.862598350406428557e-02
1.699300669033436406e-02
1.831048488956696016e-02
1.830116058831467510e-02
1.701245597675898544e-02
1.833169714045832996e-02
1.753745769802895690e-02
1.941817660385124905e-02
1.821607420137076258e-02
1.827037614375365965e-02
1.834228200236458217e-02
1.752320002381437328e-02
1.837646529447658703e-02
1.789558781129283946e-02
1.651741505125125034e-02
1.799117147630930474e-02
1.810893911153315869e-02
1.743075415288290048e-02
1.824244718733577728e-02
1.818260831641398123e-02
1.826699617085155922e-02
1.779723901671319969e-02
1.690251746187101597e-02
1.887145604088590750e-02
1.686703052799921193e-02
1.860483239291850152e-02
1.881759509456919222e-02
1.580315118406141681e-02
1.840151575684125657e-02
1.659240062276193944e-02
1.771449260269399376e-02
1.857151670803643823e-02
1.662834022193541636e-02
2.032173962310797333e-02
1.829134472351314974e-02
1.760261644299089892e-02
1.722165815920871298e-02
1.673391079653418351e-02
1.849395928128801450e-02
1.732195253394725951e-02
1.758256982322628850e-02
2.024944759693006816e-02
1.897684118022642877e-02
1.852191992771924992e-02
1.766130426975754536e-02
1.820521317529045710e-02
1.694189729200378317e-02
1.751357275782677164e-02
1.721265839536806688e-02
1.887997104221783573e-02
1.795059673150297894e-02
1.794681565170008763e-02
1.721684846460209625e-02
1.858160497780669482e-02
1.898268711734743194e-02
1.653576107077715796e-02
1.831083088777808732e-02
1.701761288851598095e-02
1.838683459160798950e-02
1.824953623438582001e-02
1.733160453521585473e-02
1.887222292329258921e-02
1.687109374876507792e-02
1.917806572491532677e-02
1.769622883094634086e-02
1.574490292123332733e-02
2.117046251169138818e-02
1.849213906697944748e-02
1.699496914839447939e-02
1.704534114014222626e-02
1.690738810632698083e-02
1.918715318765944547e-02
1.858066621798968795e-02
1.759172181799076307e-02
1.705986684249933411e-02
1.863064119199570740e-02
1.779370271794581890e-02
1.717937372067264781e-02
1.578028271788416148e-02
1.803511815534974277e-02
1.716938682829386581e-02
1.717117302465273956e-02
1.742788833424232728e-02
1.680220482670738077e-02
1.872212632917254205e-02
1.670410346594030163e-02
1.847105165650999442e-02
1.601456186913458382e-02
1.615518064132532780e-02
1.942441058120158992e-02
1.805183906545211950e-02
1.699744555773649926e-02
1.823592178880564449e-02
1.841787069553537173e-02
1.967694050446485224e-02
1.674747410430108691e-02
1.625698640991793398e-02
1.715454727506150745e-02
1.801207728614006090e-02
1.888869877496778329e-02
1.819132171652346197e-02
1.727502392374295065e-02
1.707550947721631768e-02
1.671878067652917549e-02
1.794150541052222381e-02
1.880554060298713498e-02
1.761991165328945230e-02
1.695356903661006734e-02
1.777560716349953912e-02
1.761544162684660492e-02
1.682555835165282926e-02
1.771279189377099328e-02
1.908633713389229491e-02
1.609647080911130734e-02
1.742482114726876322e-02
1.693270092844533642e-02
1.632983263463202994e-02
1.806923940837724604e-02
1.840062110969648695e-02
1.699850293148722630e-02
1.928114282843810048e-02
1.808608208207582169e-02
1.691366613065328067e-02
1.697667748693834286e-02
1.651243082385060387e-02
1.766781089710467781e-02
1.810388569456849658e-02
1.705932343702550036e-02
1.865715091888036151e-02
1.622012352985330308e-02
1.787644307614672315e-02
1.842916553843477676e-02
1.750105316193951294e-02
1.961390433030293923e-02
1.627290355439549308e-02
1.761511483266501102e-02
1.769478748974139329e-02
1.852559990771445592e-02
1.797360988785982536e-02
1.708185138985625004e-02
1.761905556138818052e-02
1.785617725943068612e-02
1.575379530103759515e-02
1.818954257512768111e-02
1.595397078487147471e-02
1.761740173756145070e-02
1.732363537329169659e-02
1.779842151890694696e-02
1.830354276631317861e-02
1.687242641457815939e-02
1.816885894471552756e-02
1.729902366563037044e-02
1.699348043497946742e-02
1.907412286925327244e-02
1.773320595236044586e-02
1.845721985965384157e-02
1.646826012397841973e-02
1.787068656058523816e-02
1.685013320473483997e-02
1.592819324931758762e-02
1.727611226235011357e-02
1.748884478351942287e-02
1.828156606527745268e-02
1.828357729708815493e-02
1.767907245103349581e-02
1.709405989497975870e-02
1.794515128883794261e-02
1.982092016243787100e-02
1.728721315578206352e-02
1.838116474765290331e-02
1.615580022221056733e-02
1.850707718020965301e-02
1.708134416669938524e-02
1.730417222002179206e-02
1.761255601564677004e-02
1.793901090318530608e-02
1.835999455317726889e-02
1.709752344413429867e-02
1.739350733806330554e-02
1.901140569649461404e-02
1.664892770534548774e-02
1.691246754625367124e-02
1.678506336879670782e-02
1.748158750212535847e-02
1.878545998102729847e-02
1.740088883789882301e-02
1.662885791887971573e-02
1.733168760842228318e-02
1.727643606366033660e-02
1.831081382984123263e-02
1.650302632881983991e-02
1.813269180415841286e-02
1.633273806399184250e-02
1.844087121827826109e-02
1.852300539905295945e-02
1.767929564971374226e-02
1.805103809603149367e-02
1.787157783500557123e-02
1.744401005319667214e-02
1.593552827712406070e-02
1.664872216526822393e-02
1.886568374778785015e-02
1.805549157077232861e-02
1.784861928652069218e-02
1.824043700883946212e-02
1.729623256175262178e-02
1.754769140522764032e-02
1.752085737194809117e-02
1.845066940606832767e-02
1.916513692469775862e-02
1.869731657791622731e-02
1.774367619873637794e-02
1.684455397005437532e-02
1.633816695260943350e-02
1.906205974540118100e-02
1.731140104579926772e-02
1.797569237264134631e-02
1.902630407573408650e-02
1.734785695768494007e-02
1.825672403293367857e-02
1.781829896495698562e-02
1.733185446034990820e-02
1.701107409210343008e-02
1.956610277024605632e-02
1.697908352992104006e-02
1.758245308278796187e-02
1.687081677338189353e-02
1.826873694026606015e-02
1.821594543276933847e-02
1.803108909100161611e-02
1.693422286207880989e-02
1.759979579054895757e-02
1.795796735935013821e-02
1.814659664846854717e-02
1.800304325773368838e-02
1.649430250449030258e-02
1.603663119183143179e-02
1.683765228450939677e-02
1.858035962814440917e-02
1.741908269679315335e-02
1.768189124256369302e-02
1.847552252457372937e-02
1.789766669721565978e-02
1.662160997271818624e-02
1.676457233007422332e-02
1.747102460445725328e-02
1.791691675926362221e-02
1.634624201044388575e-02
1.899427387477329449e-02
1.840047416579758746e-02
1.869820953012077402e-02
1.842540255391369314e-02
1.778507769210247585e-02
1.827382294120867556e-02
1.729720887073481553e-02
1.858538799987616633e-02
1.762351608990367358e-02
1.731621993005099877e-02
1.743822456957003914e-02
1.766658130907817342e-02
1.814271274002881781e-02
1.741793453869544192e-02
1.673990108017983647e-02
1.889502493647431808e-02
1.705941911598543581e-02
1.595459746772598039e-02
1.827424814655388002e-02
1.657932611934023401e-02
1.837384543784370897e-02
1.739898908827886351e-02
1.761047298642890585e-02
1.759437375007952969e-02
1.712968575531434792e-02
1.840571413156978295e-02
1.687504763382996140e-02
1.799245386426718760e-02
1.817673077854304806e-02
1.674436044057498948e-02
1.726690633339711053e-02
1.719033058841426542e-02
1.597048022574834233e-02
1.748389875691924722e-02
1.735232789264402192e-02
1.537004899368452776e-02
1.652783721334508474e-02
1.796151134673324226e-02
1.810139947374565794e-02
1.691667137302617016e-02
1.647628252020679959e-02
1.723745867374187196e-02
1.780299627095931897e-02
1.661019055469387107e-02
1.607672068774441618e-02
1.679718043358738311e-02
1.742705611319443626e-02
1.738091010917285073e-02
1.737031737464248340e-02
1.888001036649221073e-02
1.875081011974531753e-02
1.699032987273988576e-02
1.846942126936932174e-02
1.749227234527922850e-02
1.870826535800955773e-02
1.719552252847602117e-02
1.626701922313525395e-02
1.698987633593707081e-02
1.693528544717631465e-02
1.737320228497478067e-02
1.733400355373481555e-02
1.781976452803129066e-02
1.700909544706008525e-02
1.737631525067545937e-02
1.718242499984851818e-02
1.681608231848829432e-02
1.747666247319007785e-02
1.706724212257831538e-02
1.640022655265899187e-02
1.910909445104209958e-02
1.706340626047962369e-02
1.794712346864878877e-02
1.860104675317397760e-02
1.857357653842461528e-02
1.847968798759451123e-02
1.746990344009306112e-02
1.763853302703051809e-02
1.740588518022822065e-02
1.725526942879608908e-02
1.778028059796707069e-02
1.822372370185949483e-02
1.647635590502888325e-02
1.801706100387535925e-02
1.762945950358254382e-02
1.741368361239906126e-02
1.958905014244238796e-02
1.751991033677195372e-02
1.738585453805081490e-02
1.638619259018902347e-02
1.751116513629288191e-02
1.720103587510018670e-02
1.657887413551950226e-02
1.744672422569177456e-02
1.702771892989273644e-02
1.743274092965777997e-02
1.835939733648750752e-02
1.587973365699318559e-02
1.787530598866481427e-02
1.601972800605268657e-02
1.824900870915241793e-02
1.773665188167996079e-02
1.659696616453147644e-02
1.737301267698029839e-02
1.767625391966592269e-02
1.597443849089156750e-02
1.742563332145465396e-02
1.718912164562150582e-02
1.770032661668970164e-02
1.752375543373988279e-02
1.782154391280499003e-02
1.841793106961059703e-02
1.680033969908843738e-02
1.686387016162278069e-02
1.787892323737514874e-02
1.720714261945945067e-02
1.627127189194729415e-02
1.604868943792068028e-02
1.725525613361231225e-02
1.683313884883465283e-02
1.683614858358749300e-02
1.801870479457274438e-02
1.683274596504661172e-02
1.662243875166519169e-02
1.721023707372252437e-02
1.794523287667981401e-02
1.865594120771775846e-02
1.750906083125767024e-02
1.672550231130837464e-02
1.682190084559952864e-02
1.661720245975022159e-02
1.668636601310142728e-02
1.650188769101058883e-02
1.596728355197585270e-02
1.771556054276785322e-02
1.804429542629739508e-02
1.772102897528634799e-02
1.728089778866782195e-02
1.738818106242328090e-02
1.745323402534567844e-02
1.788737653013042217e-02
1.795522128842257439e-02
1.716968441809989601e-02
1.645351086278760283e-02
1.688639715566379179e-02
1.779204690829961494e-02
1.656829263361978000e-02
1.796230485205387375e-02
1.753419052927514266e-02
1.709393502059208120e-02
1.841291892898216584e-02
1.682136169653720634e-02
1.628099380285912001e-02
1.802678987221693202e-02
1.655307659025700637e-02
1.707368266169542043e-02
1.663997833417400068e-02
1.786339915926769134e-02
1.609778523570426847e-02
1.634403111115805690e-02
1.697700186826387250e-02
1.606096723939708093e-02
1.719559431619425288e-02
1.787005310054931920e-02
1.785082934287350251e-02
1.810741164663477384e-02
1.767924130742816111e-02
1.811668092640011593e-02
1.642851064803059480e-02
1.685815969861158281e-02
1.711982663461031687e-02
1.673101030529450597e-02
1.758184686320296217e-02
1.640660780271647676e-02
1.759909656851573259e-02
1.626743541723132958e-02
1.663103887214840981e-02
1.767670026289041088e-02
1.739161756045942350e-02
1.638114939540265963e-02
1.678523886265975359e-02
1.650541356810090662e-02
1.511978951608002400e-02
1.665459149313461978e-02
1.630123726923147012e-02
1.733241785590047823e-02
1.693218093665725330e-02
1.602283464142294916e-02
1.706422280190108762e-02
1.653342578198090454e-02
1.690959369401923498e-02
1.607856632827907653e-02
1.629732990024240769e-02
1.666884175797828799e-02
1.577353654529130636e-02
1.760148819039308171e-02
1.575563480349586112e-02
1.660316594192068340e-02
1.785298723903951459e-02
1.572566411435309675e-02
1.804473148117706136e-02
1.722215582212069038e-02
1.646721479739075497e-02
1.778112980404097238e-02
1.646735468932014959e-02
1.579682633570693093e-02
1.719462310367576852e-02
1.661023208348290717e-02
1.760789422495950482e-02
1.689587226593160241e-02
1.728685538722176535e-02
1.753064009867259104e-02
1.727418424593920102e-02
1.664894713281655017e-02
1.495226668584509998e-02
1.568364062668935188e-02
1.693363500866466170e-02
1.670969988314552693e-02
1.665470635153997250e-02
1.913348139493932509e-02
1.724986020669141626e-02
1.653960567660871933e-02
1.642596721848621141e-02
1.717280920907314837e-02
1.787940536790572077e-02
1.650167986152943286e-02
1.697092881494287331e-02
1.722264990177235430e-02
1.678331549418420054e-02
1.540049036924912365e-02
1.708973398648765130e-02
1.744775437970037812e-02
1.782839161121477570e-02
1.572152996842880388e-02
1.688322755034470796e-02
1.615886617750340870e-02
1.587333143199939206e-02
1.674824586168530138e-02
1.592987643190069483e-02
1.777813871948174737e-02
1.685939311378422886e-02
1.601450268815114361e-02
1.717645025717005544e-02
1.723410476134172586e-02
1.670949681503057505e-02
1.764800342547774917e-02
1.719585594244422283e-02
1.780396189194136808e-02
1.525606084686188108e-02
1.705918200499568355e-02
1.698786568408277090e-02
1.700629523588246400e-02
1.802072314213111481e-02
1.602036302493473410e-02
1.706048081673529684e-02
1.733459539981605999e-02
1.628794807559204305e-02
1.672345257604245308e-02
1.702766343270480792e-02
1.601366691412096921e-02
1.701498683333313444e-02
1.605849105678443939e-02
1.670825338055893089e-02
1.724657733194233031e-02
1.634594306746688444e-02
1.628469587388374148e-02
1.646615816370020080e-02
1.685609547678010647e-02
1.738423779157258903e-02
1.538554626542990890e-02
1.746182558068312338e-02
1.661035926964478035e-02
1.654176278786574639e-02
1.592466522826731581e-02
1.662508782015555478e-02
1.665479703035853062e-02
1.587956455106778048e-02
1.649964176839970043e-02
1.819045924443801754e-02
1.669625270398864339e-02
1.636926359528583300e-02
1.679420315150331744e-02
1.675861636308775826e-02
1.643507601173221228e-02
1.623321280029060495e-02
1.679555601216322497e-02
1.757334123539529280e-02
1.692860667992141313e-02
1.572186280042529860e-02
1.631122224698262554e-02
1.625099680059239812e-02
1.758720913813992606e-02
1.658866682853915239e-02
1.630104844642360148e-02
1.640474920193075309e-02
1.543678537906201763e-02
1.700484584502294852e-02
1.564440764479496648e-02
1.654956169863534832e-02
1.649005464745047916e-02
1.769657783760837308e-02
1.801835149132989186e-02
1.606112963190663850e-02
1.650373649926062392e-02
1.724278302525058745e-02
1.629926369992788088e-02
1.680173151775741711e-02
1.633747450197660378e-02
1.681072603133490842e-02
1.777437757597144855e-02
1.691015323390991296e-02
1.650568621969349808e-02
1.621948763076620781e-02
1.621200191129584453e-02
1.542949474770286336e-02
1.733223171194701179e-02
1.602777920871817363e-02
1.653645263847133146e-02
1.544841094502099298e-02
1.614028839347598360e-02
1.675344454578133607e-02
1.532290615868780667e-02
1.602597645227122822e-02
1.582705815303570365e-02
1.597739269633683887e-02
1.625676869873503988e-02
1.640080136231960445e-02
1.728257384425420720e-02
1.639830785429038928e-02
1.593523845606869063e-02
1.680680351616411355e-02
1.657861314688679685e-02
1.706057418722326316e-02
1.604950399584062840e-02
1.688678390890537701e-02
1.777831369676477133e-02
1.533012825760585694e-02
1.581508564476382175e-02
1.566651119364020905e-02
1.633432536067879262e-02
1.658021969639255841e-02
1.669211841150719175e-02
1.661538533014255553e-02
1.516492834616556609e-02
1.660654685616878151e-02
1.593645340439223471e-02
1.566087766113639576e-02
1.624733910557973893e-02
1.639715208998688764e-02
1.710152055499873300e-02
1.683914295069694617e-02
1.648655954084263936e-02
1.607722663840169611e-02
1.460927679270930535e-02
1.590529939615949878e-02
1.752618325469650767e-02
1.673515938640449119e-02
1.537059977285515702e-02
1.571815014255044732e-02
1.525654032553203608e-02
1.600785023801254425e-02
1.676180483524671028e-02
1.650946598366604193e-02
1.658657303720023277e-02
1.580627858620566734e-02
1.692797055426491920e-02
1.590328187714216968e-02
1.696189975216151266e-02
1.650890788682917235e-02
1.765370903334878214e-02
1.570690288000365503e-02
1.619445930110361212e-02
1.666955064156899757e-02
1.634884044768194350e-02
1.586113923962970823e-02
1.701364832158002924e-02
1.563211254053775701e-02
1.569884788813018586e-02
1.749444779280259071e-02
1.555797540057058531e-02
1.598491276601082464e-02
1.625391771108430222e-02
1.680221941517907186e-02
1.529574280660487250e-02
1.569711725471931163e-02
1.662862817910484153e-02
1.752584620077219518e-02
1.677656807222468321e-02
1.707417631866594773e-02
1.577921545591020810e-02
1.624786483955679983e-02
1.666733065550280585e-02
1.582424539832170615e-02
1.625705239019646642e-02
1.643250800582151533e-02
1.590211342195238867e-02
1.679463827397980127e-02
1.518439616268562643e-02
1.662394512037789970e-02
1.586504365866737987e-02
1.660414500384562245e-02
1.653828470629991471e-02
1.494009217125698806e-02
1.698359954857222437e-02
1.606400334371585817e-02
1.562041372110748935e-02
1.570539315136113001e-02
1.643640530523967497e-02
1.667658919607170609e-02
1.529732343863571264e-02
1.646452861008602248e-02
1.661135609651777020e-02
1.624931557672191357e-02
1.578172016264746402e-02
1.658849794403077435e-02
1.686959383051896480e-02
1.537527295849947309e-02
1.568226198317705655e-02
1.643773716260951354e-02
1.633452967533854244e-02
1.591838881728579319e-02
1.669665995394681302e-02
1.614668762095449600e-02
1.633476835931703397e-02
1.660398704625665536e-02
1.654806573717319471e-02
1.662749426094903976e-02
1.736980849605254326e-02
1.661316153345568716e-02
1.702151754182972682e-02
1.679159800216923487e-02
1.589174284685979446e-02
1.568569526061840136e-02
1.530398803865710457e-02
1.769471275680820424e-02
1.667773474159619379e-02
1.583977303681226995e-02
1.713078676370008088e-02
1.621856683352198777e-02
1.654843587987008674e-02
1.636254760334732161e-02
1.633014405911233091e-02
1.642392450434223758e-02
1.533331486932148525e-02
1.633550403748492558e-02
1.694511376681971659e-02
1.583087605154919614e-02
1.640207279043297967e-02
1.575242669370252244e-02
1.649925556775189150e-02
1.629366925735974830e-02
1.584991872304865670e-02
1.656446682247447733e-02
1.590878576533787461e-02
1.588810283307368759e-02
1.648474545517791129e-02
1.580457232032081438e-02
1.596645850225844251e-02
1.580418040696932383e-02
1.562579973473883499e-02
1.660969089853051722e-02
1.649406495429816058e-02
1.666632554009584224e-02
1.618089893275702698e-02
1.625018025377934772e-02
1.652463449045023930e-02
1.624101287234890403e-02
1.657613354540027339e-02
1.623692641732818465e-02
1.594673966527684547e-02
1.734742371862045551e-02
1.641236168965963527e-02
1.651390546130013584e-02
1.657695544090313430e-02
1.649572922608000952e-02
1.757435991882240478e-02
1.549027204134401786e-02
1.533622699360568699e-02
1.651154551481748625e-02
1.517237665923440275e-02
1.666634595635136523e-02
1.608760352740125701e-02
1.654038490868513581e-02
1.698308604311108555e-02
1.726175398528887947e-02
1.582400643519803890e-02
1.659750175667671843e-02
1.665621328540310003e-02
1.696909509520955206e-02
1.735963947213052527e-02
1.707480813336729325e-02
1.610060315959626481e-02
1.646631193560576731e-02
1.697927085411232717e-02
1.614253501721678308e-02
1.718561224373733876e-02
1.581327696701758864e-02
1.676448503632387010e-02
1.743741284643619827e-02
1.746265787703689398e-02
1.604756331275427814e-02
1.865645569240390392e-02
1.809961273909689930e-02
1.976861565717155655e-02
2.011510704774292779e-02
