3.082236976108351882e+02
5.974463528332054238e+02
2.240635590309454528e+03
5.559712170266971043e+02
1.686738998579869758e+03
3.554685778129871778e+02
3.372056879479171698e+02
5.402254972308971048e+01
2.123768473812563684e+02
1.722319705730739656e+02
1.146241377684783487e+02
1.825049696726968023e+02
3.531288305628979174e+01
5.041426707207916280e+01
7.057210134070021468e+01
7.722803930120988980e+01
3.642717681371111382e+01
7.142611788578489040e+01
3.049240956089196786e+01
4.658026491945368264e+01
2.393996086738844653e+01
3.930934340629064394e+01
2.386440971280301682e+01
2.297528077895317367e+01
2.590136160000163201e+01
2.183640460105004522e+01
2.401407936651845176e+01
1.748966060873218709e+01
2.268250112378056471e+01
1.449202445457720678e+01
1.879758684143109448e+01
1.766455955865784588e+01
1.496046881966407760e+01
8.859208211903464303e+00
1.212332851240701181e+01
1.008305446361558566e+01
9.780098193971708653e+00
8.919092693686392792e+00
1.093601353871017956e+01
9.907231240997639077e+00
8.794068311479414035e+00
9.445142287743435006e+00
9.092178901551697834e+00
7.077271007173703943e+00
6.809246831645318743e+00
1.009687973737439215e+01
4.454244846080556819e+00
8.068536715844558671e+00
9.575947024475770064e+00
5.162968174938445287e+00
8.981029571422075364e+00
6.734517624810028025e+00
5.837853488296786963e+00
5.092526951436653349e+00
7.131245584814723593e+00
5.050582976707443272e+00
4.557643918437052299e+00
5.157372016934115067e+00
6.920624689562530740e+00
4.625740326366648780e+00
4.873058052383770544e+00
3.393560313023686437e+00
4.599351474879955326e+00
5.824378536595349765e+00
3.510537566401668919e+00
3.607057344604465587e+00
3.443754377778917686e+00
3.252997478354125782e+00
3.662992933393069972e+00
3.367922617500113347e+00
2.844949159453019849e+00
4.600741662510708707e+00
3.980385453500779214e+00
3.881002322928818860e+00
2.460240304842109094e+00
2.275128926079510006e+00
2.621975310912889601e+00
2.306480760171012445e+00
3.633196378466612586e+00
3.058600980344347242e+00
3.232357621821966287e+00
3.324852737493600330e+00
2.414137688543099181e+00
1.866930184343593924e+00
2.724967037843266215e+00
2.557449778080306491e+00
1.938880856477041448e+00
3.056015837047543648e+00
2.094618440607527443e+00
1.919993008079477370e+00
2.122625136765344145e+00
2.236581010593144292e+00
1.847062995874024560e+00
1.929117883876890982e+00
1.461917756967877402e+00
1.562405798170090510e+00
1.822965191086524550e+00
2.181224316394484219e+00
2.157022981002743478e+00
1.465860725635374617e+00
1.922513732348030802e+00
1.647139072056985398e+00
1.950189506002641959e+00
1.156924068571787867e+00
1.499816604296337230e+00
1.615304152891504863e+00
1.612278384279039578e+00
1.639403203287857602e+00
1.690903336308062110e+00
1.010463007388531453e+00
1.428901894541682038e+00
1.458403472753209584e+00
1.179504738155551680e+00
1.260427226742801166e+00
1.496344325470812642e+00
1.780021560912128153e+00
1.682985964676384727e+00
1.290908472241106608e+00
1.045790525574743723e+00
1.264965870118146762e+00
1.213894297039434633e+00
1.346527450599216191e+00
9.864404429549241682e-01
1.093873603815030959e+00
1.432381818651948802e+00
9.675340969189498708e-01
9.761247150148690821e-01
9.655400250612451440e-01
1.130604783929401114e+00
1.085070175259294167e+00
1.014552847231920740e+00
1.049505043157775930e+00
9.588822727542848368e-01
9.238625456223131804e-01
1.051331270359894932e+00
8.558898976216506860e-01
1.032119004221156988e+00
1.002406748764686384e+00
9.831236267874454704e-01
1.102351993846901523e+00
1.024930715994650132e+00
9.630692412235072331e-01
7.829209402121120043e-01
9.219230872012043054e-01
7.546766148295689369e-01
6.900756121587393599e-01
7.393217092303279170e-01
8.017516307784889884e-01
8.310124556199157686e-01
6.941971017716841441e-01
7.104383089109598259e-01
9.127064377892935010e-01
7.584833001846518208e-01
8.244282110158541732e-01
7.563850556156556104e-01
6.234625714248043238e-01
6.461263827742275145e-01
7.850382952369360234e-01
7.476425293826033380e-01
6.142404775212653156e-01
5.441977810223885825e-01
6.274346782084533336e-01
6.436630952960040730e-01
5.274146429122723578e-01
6.339680463955972289e-01
5.143684217134308900e-01
5.820356665069658098e-01
5.051756228957899886e-01
5.447769454909073827e-01
5.033534510611523682e-01
5.154537931145620755e-01
5.527422544339389843e-01
5.606098042964329231e-01
4.632463195226154684e-01
6.516703338231324416e-01
4.336816675365496310e-01
4.399671430080192014e-01
5.382062402350626940e-01
5.078791088868667147e-01
5.434918004666101643e-01
5.029458338046594035e-01
3.992763993688162594e-01
4.926218310041927118e-01
5.382420143790845879e-01
4.657330799589045056e-01
3.698497092909674988e-01
3.697897332438137563e-01
5.042224798136568653e-01
4.193232202354615357e-01
3.662460717324418358e-01
4.790929251376174758e-01
4.303636368795890066e-01
4.020979570323457986e-01
2.967325576250859354e-01
3.402070994481652955e-01
3.693174337444085631e-01
3.773510260768210278e-01
3.006730600396085307e-01
2.770221270196215335e-01
2.966644223208955156e-01
3.835725736234918970e-01
3.645466511112039898e-01
3.836599005032597098e-01
3.802120610104987586e-01
3.179854197955052642e-01
2.035966626090951748e-01
2.734766681631425334e-01
2.682911054613019708e-01
3.049675126648048740e-01
2.777732707255227695e-01
2.895201090913663844e-01
3.554674246030769535e-01
2.973064117872138978e-01
3.015794636887174640e-01
2.258264152922719592e-01
2.516570194205691169e-01
2.705502089546646949e-01
2.231083926542119511e-01
2.791325575803901282e-01
2.624829614896888597e-01
2.506048107045183437e-01
2.046444893755282324e-01
2.374612292902070487e-01
2.817415077610190832e-01
1.999653197227160561e-01
2.059366641042024437e-01
2.098122863109042890e-01
1.867294691736580969e-01
1.786445609754456487e-01
2.044925890535782553e-01
1.957280287246134232e-01
2.367421500678247304e-01
1.806572424186014547e-01
1.798900475234828655e-01
2.231714979323634884e-01
1.698548125711675238e-01
2.123942590660090890e-01
2.092044729172714557e-01
1.920358944516118715e-01
1.981902272908285523e-01
1.555155582086472088e-01
1.974566137842592162e-01
1.741178539437311101e-01
1.579496472202747137e-01
1.439792982205103378e-01
1.722928334315787791e-01
1.552380921967785044e-01
1.356000812368086117e-01
1.492363789567987820e-01
1.723581672973387158e-01
1.487505693780332150e-01
1.231200731414176658e-01
1.338892646554157850e-01
1.478120698988359127e-01
1.424644260351457525e-01
1.168491331534625560e-01
1.516739228172985232e-01
1.390062355695009244e-01
1.336580263874542207e-01
1.250859406796676343e-01
1.282006545773745620e-01
1.328402263528765115e-01
1.214839247243464926e-01
1.247404877113352933e-01
1.407720888919797020e-01
1.018440929218421276e-01
1.125478408055359397e-01
1.005073402685752598e-01
1.192266504230761054e-01
1.187449069716035449e-01
1.081396573035736802e-01
1.087120042478064430e-01
9.691309389654223505e-02
9.960502328789869186e-02
9.053356969369986962e-02
8.864583715477804271e-02
9.304525690056864029e-02
8.544217076916013620e-02
7.899344125391712101e-02
1.001449790089239678e-01
9.076821182767874641e-02
8.868493791292908490e-02
9.665611578825396288e-02
7.499542229755283562e-02
8.323957626402404830e-02
8.361609516618376259e-02
8.105605368547502687e-02
8.188814217621954994e-02
9.124307005046330965e-02
7.403638336655009311e-02
7.835635865022015645e-02
7.267417851968793752e-02
6.891064669016069844e-02
7.064455542972734869e-02
6.647592081611820858e-02
7.258693675090868713e-02
6.663169040191221915e-02
5.893364408797995696e-02
6.279028331001504371e-02
6.794191418859939213e-02
6.458689478251174176e-02
6.143576238238390025e-02
6.990075812075223494e-02
6.482479707403350500e-02
5.403739583794903850e-02
5.558961483789376379e-02
6.269098317269476695e-02
5.809793514321595631e-02
6.081236731830073905e-02
6.381342853151179828e-02
5.061106127537577659e-02
5.366170449563090888e-02
5.825483459163332406e-02
5.465579051657428605e-02
6.358356211095507471e-02
5.083813748430620477e-02
4.840179078583559114e-02
4.957599954046817969e-02
5.680007488390324127e-02
5.160428364335221257e-02
5.348172048478525009e-02
4.467815141700262616e-02
4.020738217673108100e-02
4.419712169701878884e-02
4.944247471776674202e-02
4.725944069817458737e-02
4.353208919758360523e-02
3.844619769488389488e-02
4.647230613402120181e-02
4.102316381057971584e-02
4.225309502865146755e-02
3.412793389025226692e-02
3.774601223966828761e-02
4.560815365200108357e-02
4.217543239565021973e-02
3.183025491001389984e-02
3.730380003867515143e-02
3.880828472486996805e-02
3.999359919101477118e-02
3.518647268779201420e-02
3.817030647790164988e-02
3.659203609733349682e-02
3.079884250752551456e-02
3.394474579365995559e-02
3.320350265264306044e-02
3.684577458909842063e-02
3.206938334236186100e-02
3.041440261723581118e-02
3.675784890477912931e-02
3.037595097207486036e-02
3.649254159894759625e-02
3.771128885038714518e-02
3.521346448100093340e-02
2.872036139044381944e-02
3.280320303658969955e-02
3.144966271083519255e-02
2.913589263874498403e-02
3.158831511933167524e-02
2.883110391883375936e-02
3.073186041271715532e-02
3.732987168844991571e-02
3.047015896083132488e-02
2.898721857924821399e-02
2.497143798775317697e-02
3.300874150554734821e-02
2.782905323046520885e-02
2.908195660745769781e-02
2.597996296129073332e-02
3.012650533058107080e-02
2.562480884158274685e-02
3.241362095169892515e-02
2.514587750061890101e-02
2.475400085458908522e-02
2.343662283018551132e-02
2.507499980340702206e-02
2.468846066613300527e-02
3.131849146240392456e-02
2.693701847857996046e-02
2.231012348812309518e-02
2.548720404335562753e-02
2.080230507512495150e-02
2.684945785404763141e-02
2.608060891304410378e-02
2.292229320074735954e-02
2.560230925849256781e-02
2.453749509278246865e-02
2.438606559834692947e-02
2.325195394494301501e-02
2.339590652679138932e-02
2.630534351334690504e-02
2.672505747293391423e-02
2.362646670808445093e-02
2.552691966038659124e-02
2.283336578772846015e-02
2.359069324367749423e-02
2.542493686749716306e-02
2.021982809846024562e-02
2.298540929405655520e-02
2.355585762230009983e-02
2.610557231647184229e-02
2.533328837848651538e-02
2.476470646801883987e-02
2.171366505688223508e-02
2.470322184994915710e-02
2.413372860331341324e-02
2.692835181199258743e-02
2.265956032756259036e-02
2.427477895706982303e-02
2.149889773771417045e-02
2.030855454658834006e-02
2.166835680339194298e-02
2.211245998555266823e-02
2.143601112656869784e-02
2.371981970010964696e-02
2.403258582228813209e-02
2.360478865263612724e-02
2.513428531609105884e-02
1.995810365016694593e-02
2.227112316246670359e-02
2.269599630504849641e-02
2.057218175068895386e-02
2.091055899628346121e-02
2.007486550746943182e-02
1.908896561303530595e-02
2.326553640634239709e-02
2.338340282752164948e-02
2.038441105810285051e-02
1.970630397177271925e-02
2.136630694701087754e-02
1.826440112317350567e-02
1.952912525812311451e-02
1.996620752943632088e-02
2.155189182577484791e-02
2.073985896837582388e-02
1.981965099466281161e-02
2.319938449464170258e-02
1.785240758962822194e-02
1.872065014396648297e-02
1.715560621976764885e-02
1.942052459185398400e-02
2.310522531927251128e-02
1.795120184648828221e-02
2.049051855268359257e-02
1.987457727211689937e-02
2.027925884118797137e-02
2.092944904097033751e-02
1.697105019656271890e-02
1.919087606658180858e-02
1.963532503800465706e-02
2.195577129144542575e-02
2.076555682575293230e-02
2.283810988446987461e-02
1.772835870903878563e-02
1.807245373572010511e-02
2.402019135969903421e-02
1.998216962510037525e-02
2.089265773242708624e-02
2.375245147272651153e-02
1.983491527983067756e-02
1.652199473609344826e-02
1.831296546370459952e-02
1.846356232653001764e-02
1.888480077923809786e-02
2.100283340233114956e-02
2.041420734671527820e-02
2.078061141255283656e-02
1.830384612428395327e-02
1.704983123837221920e-02
2.000597563486225527e-02
2.095711474406325089e-02
1.848220223176247692e-02
1.860115189210787348e-02
1.972783028812989670e-02
2.096404216214368954e-02
1.962420272774333813e-02
2.014887657551875377e-02
2.144777183850466937e-02
1.664554655199548816e-02
1.668732595583819964e-02
1.716697318257096039e-02
1.839808192060180675e-02
1.784267573182395789e-02
1.643050470388175699e-02
1.835394615346984046e-02
2.044650273830168202e-02
1.724648236835636672e-02
1.914010134173346755e-02
1.902346372350568332e-02
1.952144847058319074e-02
1.453627270166713351e-02
1.592866243424869224e-02
1.836181244477775101e-02
1.685209522345644875e-02
1.777807281620033888e-02
1.967194571776258519e-02
1.870980800238889255e-02
1.784517099441001314e-02
1.823935413580307641e-02
1.505604913413173714e-02
1.820251516725882729e-02
1.846827630785117733e-02
1.740659395270364659e-02
1.636999910848390555e-02
1.688034260703603212e-02
1.746641576747777480e-02
1.702515631960694470e-02
1.742205506493487224e-02
1.816656770323477749e-02
1.767124384107261401e-02
1.703382483305048573e-02
1.696369442394726409e-02
1.534289026234196031e-02
1.897096394466403491e-02
1.887314881590137702e-02
1.708842687872800040e-02
1.983668442577071062e-02
1.706287039465044508e-02
1.578713835603455864e-02
1.694086066208687347e-02
1.682551911336293421e-02
1.677451330641864177e-02
1.967317440327744429e-02
1.548947722406250789e-02
1.701682220241021795e-02
1.691786061599179214e-02
1.552512662864377613e-02
1.816295296172803359e-02
1.932002091855829565e-02
1.765650767269509938e-02
1.659980113489911702e-02
1.647797019115419814e-02
1.693580511242835651e-02
1.715373413198644989e-02
1.487226697234278645e-02
1.541546007407909070e-02
1.599155973248750709e-02
1.522599259520802766e-02
1.640910268775351566e-02
1.572175396178052131e-02
1.693074951327439362e-02
1.605726814776111885e-02
1.634774770918187917e-02
1.596130890229852800e-02
1.327275044673231763e-02
1.795219777036177744e-02
1.732967898563299303e-02
1.540185773045906967e-02
1.638334286891617378e-02
1.513800586929555173e-02
1.594905986335957288e-02
1.671196188455596754e-02
1.516796875377504801e-02
1.485407316101075050e-02
1.613085527474467790e-02
1.599731288687396280e-02
1.542989271047867129e-02
1.530540060078242927e-02
1.536803178891511627e-02
1.474629295934624940e-02
1.551758740357235197e-02
1.752164372313265786e-02
1.601229963759144212e-02
1.443983004086079290e-02
1.552819074652687752e-02
1.341674738653886138e-02
1.604778055756712202e-02
1.634372268790027297e-02
1.416910243583280847e-02
1.522957190039584199e-02
1.531186263428580691e-02
1.559688406743775166e-02
1.463785372720748275e-02
1.428184150486322586e-02
1.632553055372106682e-02
1.359888503605606938e-02
1.293490670695022007e-02
1.444715924624471841e-02
1.515719921278704113e-02
1.550176529288363469e-02
1.600436031203541359e-02
1.502167828227353279e-02
1.455334840834223223e-02
1.316394462293521764e-02
1.322258356541609024e-02
1.435303901048264226e-02
1.394289340407879607e-02
1.373727424375789478e-02
1.328721128734947077e-02
1.168857155908862785e-02
1.343859484741847035e-02
1.328336349681261824e-02
1.393392333085198553e-02
1.304873809718444175e-02
1.327024378199454825e-02
1.274382584878204321e-02
1.463837769504374407e-02
1.276220856343598595e-02
1.334645413322855211e-02
1.331306496474465861e-02
1.563952273126953049e-02
1.370055344500811095e-02
1.363025729872353528e-02
1.286222211618366640e-02
1.367537579513921839e-02
1.213486420786999420e-02
1.305092258438244820e-02
1.292301324039015972e-02
1.161168167581388619e-02
1.383995759343049220e-02
1.257670554260041998e-02
1.265463935042483896e-02
1.217452337756344712e-02
1.176536083840944852e-02
1.228093664184006645e-02
1.508752222540637664e-02
1.341795034242825556e-02
1.188192238981862318e-02
1.128907895552216933e-02
1.166477838149245980e-02
1.288153917313068254e-02
1.279354638367928045e-02
1.159413034498756739e-02
1.241376513813465844e-02
1.212988187334754914e-02
1.159711166838489800e-02
1.048300624251995855e-02
1.104197825413607420e-02
1.198004677790241550e-02
1.240490944684724192e-02
1.247515754754271490e-02
1.151939328224096948e-02
1.164303115332610862e-02
1.085738888818872649e-02
1.208538384215061996e-02
1.207636925243196421e-02
1.200694573548682399e-02
1.101330655047050820e-02
1.326864264043033266e-02
1.263871674421628358e-02
1.073364080736850801e-02
1.111679998616120837e-02
1.122340076435341186e-02
1.174340119981833949e-02
1.212348800788046015e-02
1.148278986961383599e-02
1.173805454014694404e-02
1.067231848743091863e-02
1.095980093527014129e-02
1.092931262477445445e-02
1.187227743440283714e-02
1.188034443838608886e-02
1.175101961079130265e-02
1.129715991126120471e-02
1.061322315629556305e-02
1.073666812380160568e-02
9.936929991640931423e-03
1.205398989801246233e-02
9.779066775118305799e-03
1.131771487571480925e-02
1.082003284195773123e-02
9.886081194322172624e-03
1.086185018838624339e-02
1.121903735716532798e-02
1.210482720303364054e-02
1.252163396412728572e-02
1.102009784702614494e-02
9.744740591905623472e-03
1.047957880335047623e-02
1.035720515588756455e-02
1.182962779811087134e-02
1.111514836736310179e-02
1.076131945784706938e-02
1.042357365053080132e-02
1.058889013085923848e-02
1.056836744435315535e-02
1.088313341363512064e-02
1.083241352798057500e-02
1.064729987005573128e-02
1.047102990796784303e-02
1.061610151167698135e-02
1.106310134577049957e-02
9.373354888699477264e-03
1.080256383282738632e-02
1.026840351181079920e-02
1.136006435541058769e-02
1.110226241388564961e-02
1.003204396079333295e-02
1.034365368279935131e-02
1.047823027901462895e-02
1.202972522440309486e-02
1.075870230327882413e-02
1.051885740504806578e-02
1.119203083654792159e-02
1.054592059033908347e-02
9.838466885267719078e-03
1.077420820893097535e-02
1.147044485941057720e-02
1.073801875037919823e-02
1.014874803348640719e-02
1.106912829681679609e-02
1.149489396725337023e-02
9.923652546724399948e-03
1.018206249000997050e-02
1.108224587184010630e-02
1.106116084397986560e-02
1.068675413887138631e-02
9.951699839797403108e-03
1.047148520768926595e-02
8.962600933160501382e-03
1.045606570643864766e-02
9.966279492698957784e-03
1.169448881474739049e-02
1.037511409066455698e-02
9.344478588502085417e-03
9.354017261864029653e-03
1.176438138755417015e-02
1.048916512313684615e-02
1.076268976175167279e-02
1.093878097874053865e-02
1.073604137295599247e-02
1.071233180497058179e-02
1.029954831618599270e-02
1.063883775508758962e-02
1.047782530446045475e-02
1.078449654342478886e-02
9.670254209677346321e-03
1.011856706018809254e-02
1.201805985287114631e-02
1.073084363353359397e-02
1.097789663233015786e-02
1.052202170413955168e-02
9.278547965828038910e-03
1.123892387975830576e-02
1.037045943412474684e-02
1.181892739548523301e-02
1.030975592704670360e-02
9.878009335965021523e-03
1.030351702080244472e-02
1.052936841589430413e-02
1.038132840704472128e-02
1.029100470511263785e-02
1.101298174159389201e-02
9.868940156440089706e-03
1.014765525457211534e-02
1.067328655180113661e-02
1.087825802434456111e-02
1.021303691366120744e-02
9.586337920638411322e-03
1.041595507907128182e-02
1.125105675823680207e-02
9.359790295103807486e-03
9.091674369476639497e-03
1.149950250125031902e-02
1.061444543426500950e-02
9.745287875994478391e-03
1.020803487316876423e-02
1.072759571153438472e-02
1.095169205488790744e-02
1.042255075641100766e-02
1.029362666353434222e-02
1.189004447448212959e-02
1.056238830061066378e-02
9.539206786298685611e-03
1.110438281357983663e-02
1.055996176274097594e-02
1.062343932489617782e-02
1.050676742762893419e-02
1.026309939783573259e-02
1.157200051431614939e-02
1.132138229935097939e-02
1.131394642175279075e-02
9.893844375608551803e-03
1.060368810843927492e-02
1.032908643625769438e-02
1.146249357535066710e-02
1.174607407775593061e-02
1.145653052506059345e-02
1.100431667047744970e-02
9.427516340070033266e-03
1.076423504932611311e-02
1.141333406728015781e-02
1.004717647765352578e-02
1.125091237485516087e-02
1.014908482108432645e-02
9.360567392763861558e-03
9.950422809038740948e-03
1.162718742567411465e-02
1.087035643485176860e-02
1.100450730107591611e-02
1.002876662099716140e-02
1.022365006105484773e-02
1.100914144770969577e-02
9.905380064007734964e-03
1.112208592450541871e-02
1.040003570138310109e-02
1.038677591259705608e-02
1.067434751268284999e-02
1.068949496699763725e-02
1.008661904619796712e-02
1.047325961952815833e-02
1.082164996863218751e-02
1.030840948284300618e-02
1.029750042779227145e-02
1.052226515520388560e-02
1.084810263630248475e-02
1.023860896775738091e-02
1.173647473631355374e-02
9.595844647626354529e-03
9.903665106132454252e-03
1.057503007910784096e-02
8.963119970000325148e-03
1.014000215557369321e-02
1.004900721382510562e-02
9.882947984585662565e-03
1.050209901571073738e-02
1.007187855262059971e-02
1.051836808122752834e-02
1.069163596403814934e-02
1.067595537221901168e-02
1.042817786620118745e-02
9.904072595725805367e-03
1.111746621458970484e-02
1.008849915952785177e-02
1.029925628016387269e-02
1.041657245565162301e-02
1.029798175699219061e-02
1.086025502982684680e-02
1.105555036358660780e-02
9.697334628344324650e-03
1.012924954581388183e-02
9.909986333467773328e-03
1.091300604012546485e-02
1.003564394995645759e-02
9.829028698071035075e-03
9.857684914144730637e-03
1.044697569855130778e-02
1.008102352423212271e-02
1.108911985904892025e-02
1.058384786799360794e-02
9.783978541297463916e-03
1.036636824067578046e-02
1.036507389773291994e-02
1.040429781831872687e-02
9.726769009553553821e-03
1.030665630490580457e-02
1.038045556138478959e-02
9.759517665642866019e-03
1.037089272613496600e-02
1.024314634691885981e-02
9.861374133122656135e-03
9.358623290436169848e-03
9.505360009972941768e-03
9.825215008264265998e-03
1.005066977489187975e-02
1.061338299344417521e-02
9.459569999508416274e-03
9.442070064518637285e-03
9.503093747623803794e-03
1.104692934799498920e-02
9.909969008772299970e-03
1.012118444121618867e-02
1.043701089040679347e-02
9.803927051675688509e-03
8.964272590823321382e-03
1.058281464147285515e-02
9.998272681718663180e-03
1.031275301866591346e-02
1.041695968049251818e-02
8.993137742550803837e-03
9.547989818089526459e-03
9.780023894951458963e-03
9.307865574165220812e-03
9.619718535542571419e-03
8.893361780144878187e-03
9.410292269346354904e-03
1.006873072010905888e-02
9.402238633464876302e-03
9.734371937669633254e-03
8.949208712759540787e-03
1.042282831737046354e-02
9.922054795287077109e-03
9.338701581080563474e-03
1.040692909431950239e-02
9.914203404277725784e-03
8.761588268792601733e-03
9.472891917716823318e-03
9.203233573337790338e-03
1.028223169244392790e-02
9.515487144353984919e-03
9.133798575980272422e-03
8.597054974056033555e-03
9.615040959169623980e-03
8.813499166918380839e-03
9.821007406706463300e-03
1.024169474275704941e-02
9.366430743917806070e-03
9.190977769375899276e-03
9.428884307475631985e-03
1.007045793824597885e-02
8.897000739988114582e-03
9.200384030047277853e-03
9.425830164363380170e-03
9.492869817817280176e-03
8.791833826549773703e-03
9.403719970709798620e-03
8.824822981880723824e-03
9.327222987337688634e-03
9.454738961662269639e-03
9.171171397374087292e-03
9.330488604394823748e-03
8.788979279732454797e-03
9.157927692221982593e-03
8.903977197744711650e-03
9.902604325065707605e-03
9.100067129279999778e-03
8.744076677449065527e-03
9.193745827513203489e-03
9.817342911540271819e-03
8.983940696442064763e-03
8.747900657017672332e-03
9.370310832746416713e-03
9.361875147672987091e-03
8.891484615101745426e-03
8.221851332590046288e-03
8.937982406761779339e-03
9.314743038080646603e-03
8.876838990296776616e-03
8.950756238876008200e-03
9.131134324368175501e-03
9.238127748939558431e-03
9.575891985136010531e-03
9.296472424613767827e-03
8.502938818857797357e-03
8.505405083857065993e-03
8.473352088875276897e-03
9.227631078458701369e-03
9.429276163065613420e-03
9.465437628564606770e-03
8.581592144066670785e-03
8.293837493771976516e-03
8.532591216911321330e-03
9.549516700538161415e-03
8.919582919293667783e-03
8.017865536908317173e-03
9.315465483581026121e-03
8.189953419763421755e-03
9.037342283414963665e-03
9.063617791343290750e-03
8.719795214656995974e-03
1.006260011317797361e-02
8.375584547785851555e-03
8.405987651512472625e-03
9.286919770591012258e-03
8.214345598047035138e-03
9.602062048200649819e-03
8.579610787391927368e-03
8.821806159142964177e-03
9.339341457592811868e-03
9.137104526469416732e-03
8.797951430932999389e-03
8.839981354181314713e-03
8.684069245837937670e-03
9.295412970213740370e-03
8.470720988165168774e-03
8.446835734274628707e-03
8.925573082562112542e-03
9.027841250081788602e-03
8.888512355781506141e-03
9.784203396872139316e-03
8.877260472189299478e-03
9.008261679582957662e-03
8.511353481559387132e-03
8.983495109931087866e-03
9.568215689748667610e-03
8.533732656048590923e-03
8.240350125019519495e-03
8.699005013405708073e-03
8.629526647233610667e-03
9.615306194124907668e-03
8.359777521530225783e-03
8.916421522303253494e-03
1.006612406704589062e-02
8.492143817003057829e-03
8.214571541432215407e-03
8.506261200083357205e-03
8.316554326411250767e-03
8.692123993021768497e-03
8.279747707714899332e-03
8.351765907462850233e-03
8.947357103122851804e-03
9.110267709084752738e-03
8.721283477762204611e-03
8.786111949117703795e-03
9.051077314393737860e-03
9.551941310846403729e-03
8.161689515110259752e-03
7.806869247666462994e-03
8.697634690346888256e-03
8.662499384645498332e-03
9.233489098420120250e-03
9.505301825274347846e-03
8.873593366862332979e-03
8.072010740768024301e-03
8.549732411519470401e-03
9.028185766648723007e-03
8.517773486508069258e-03
8.736468428397949765e-03
8.769595329056328881e-03
8.911600645916138708e-03
8.338894515288422515e-03
8.227345264137052999e-03
8.918844287824535463e-03
8.502119284384775100e-03
9.269091838749110232e-03
8.962106011375097978e-03
8.746876057844117300e-03
7.750020007839614200e-03
8.201556431113969647e-03
8.986194608640071801e-03
9.057407388231243986e-03
8.267765731991142883e-03
9.141031254062209621e-03
8.747171750335664894e-03
9.326747910516262896e-03
8.283557019469135058e-03
8.963690202956736339e-03
8.583561493502353534e-03
9.091184097113806997e-03
8.634585080946065999e-03
8.329891749008945870e-03
9.266457241010949558e-03
8.489859926463210610e-03
8.301510902066613906e-03
8.997466565547814280e-03
9.040246971557445652e-03
8.996404850529321831e-03
9.005768075768886757e-03
8.733908244981880564e-03
8.482008858313350164e-03
8.996428792814844047e-03
9.206521295657504184e-03
8.756688230955446059e-03
9.220277137443310886e-03
8.864174785294920075e-03
9.034153422986459722e-03
9.060113735052955850e-03
9.339167205258028237e-03
9.238419270666722860e-03
9.164126268249396523e-03
8.454113622690251004e-03
8.645397714623930321e-03
8.571284775310904214e-03
8.345063212746294326e-03
8.669539417147943336e-03
8.916959557807638964e-03
8.453333580516702792e-03
8.463937669191351140e-03
8.453686554951229254e-03
9.075499033091651707e-03
9.358609167681806312e-03
9.052068307579085385e-03
8.916915953597006131e-03
8.305881643534050035e-03
9.105217362153703378e-03
9.072698423814693977e-03
9.043190756907733968e-03
8.714259825257439016e-03
8.594448022669795920e-03
8.944936517218581018e-03
8.276851911966021796e-03
9.210171131054942575e-03
8.795860888106656755e-03
9.539985200081368966e-03
8.634013359300406545e-03
9.198010643121090624e-03
8.782219878169057400e-03
8.997229120981975123e-03
8.365243665030828654e-03
8.291931454269504606e-03
8.438731565625575554e-03
9.333733051708878806e-03
8.373549132370046444e-03
8.783278152299673139e-03
8.721091422148875144e-03
8.540909412195766409e-03
8.695515555455921725e-03
8.237783714728448559e-03
8.590173001101977443e-03
9.075709019213415094e-03
8.900627953186779004e-03
9.078211203088881742e-03
9.122782424124850978e-03
8.348310029151623235e-03
8.982736189483512060e-03
8.724293257236006086e-03
9.423861646619818844e-03
9.280584837176005311e-03
8.017219639796957509e-03
9.059035844744146165e-03
9.194751765925894896e-03
8.462021461995726523e-03
9.057442993793875935e-03
8.792516432513445418e-03
8.274756376968729968e-03
8.998887479782526760e-03
9.203851369410412722e-03
8.838514506107781124e-03
9.217793203732022739e-03
8.394500623415686313e-03
8.157806752146324475e-03
8.170765593737082041e-03
9.192962796579775067e-03
8.656432531342577938e-03
8.794449671202918956e-03
8.705817382623801809e-03
8.745610682614236853e-03
8.541796112024187607e-03
9.329349221754820037e-03
9.077046952384038025e-03
8.367111962749520723e-03
8.130168542995528866e-03
8.816109795770875335e-03
9.079720691272974084e-03
8.871241388773628070e-03
8.829367792038435997e-03
8.582859028930252265e-03
9.067195065026451353e-03
8.446640837990872924e-03
8.977802041085454487e-03
8.508099302758267979e-03
8.575878200494185810e-03
8.477121732325553286e-03
9.026029645787660843e-03
8.345628320340236009e-03
8.486440101071400857e-03
7.940332446676986664e-03
8.658355548593673484e-03
8.406676832717117562e-03
8.894509336464124019e-03
9.031626970523081235e-03
9.003816103561452372e-03
8.005963326025636664e-03
8.314042985832581154e-03
8.463158503449216483e-03
9.218562664060656747e-03
8.182892393155236435e-03
8.127607350139556472e-03
8.720989243930334436e-03
8.274291866212330621e-03
8.855476785620248689e-03
8.648996971127701633e-03
8.651384243741917085e-03
9.028685990122121280e-03
7.974383491639291596e-03
8.473429030650384344e-03
8.962034094841411433e-03
8.518915088055283719e-03
8.568843674518688766e-03
8.717298328809216026e-03
8.049652966325298448e-03
8.136946600551402814e-03
8.791802388017574271e-03
9.166734300878109920e-03
8.141785560762905202e-03
8.775113224404071030e-03
9.040946738587709447e-03
7.554634781570744063e-03
8.257414257473123798e-03
8.365883120224307246e-03
8.702214519193843950e-03
9.362455730863446582e-03
8.297307120911511999e-03
8.442210654492807512e-03
8.509004763707722629e-03
9.139759423672021849e-03
8.052063712461945272e-03
8.558429541797455201e-03
7.972681743624913941e-03
8.412143296954822241e-03
8.516692293363953975e-03
8.322600000165139913e-03
8.094025810482583308e-03
9.036597749933894877e-03
8.109329783321914467e-03
8.589149937879337476e-03
8.130810846840580766e-03
8.389471823998911545e-03
8.730423204037687096e-03
8.186715022301817302e-03
7.725110474411906770e-03
8.634177424190600872e-03
8.766618621766801567e-03
8.645389087832197964e-03
8.459493024924305896e-03
8.277383448120989237e-03
7.448228719998221947e-03
7.813143157533361180e-03
8.554990408866954346e-03
8.333485995908046853e-03
8.286556272883554772e-03
8.048892318910327165e-03
9.011647170630061529e-03
8.478331051998388643e-03
8.061127016956435784e-03
7.879859218429334858e-03
8.505097562309471212e-03
8.320676403928346440e-03
8.062987078802404464e-03
8.342478946339011020e-03
7.944143005549650013e-03
7.964093796124225785e-03
8.104022104954053049e-03
8.082995233533157159e-03
7.864327396620624314e-03
8.553039361170598764e-03
8.608408258446232850e-03
8.079347957741333033e-03
8.405008063862576956e-03
7.719911714011535968e-03
8.432829584064877385e-03
8.373123184278623288e-03
8.340896018476566184e-03
7.880927709747713103e-03
8.518452703205347393e-03
7.454232751517885988e-03
7.824477767663163760e-03
7.785210630657584188e-03
7.863451871471733787e-03
7.885640671161032317e-03
8.305260672139861203e-03
7.696487668578094049e-03
7.827097332407906630e-03
7.947163961094978052e-03
8.152321821285807291e-03
8.056420867477704154e-03
7.897255092457868345e-03
7.852239193495967953e-03
8.193864643190882854e-03
8.242623394007834309e-03
8.355180787011563803e-03
7.401640048515987363e-03
7.518512227793777529e-03
8.508109064886682643e-03
8.651282807807450861e-03
7.954740697381322903e-03
7.677916180137608730e-03
8.405826787648429041e-03
8.398140824247526254e-03
7.526003099770588352e-03
7.969780149035527936e-03
7.805943212285805337e-03
7.956415307796492822e-03
7.969987976354205375e-03
8.041754078558952662e-03
8.257471614419179332e-03
7.532445420734056561e-03
8.139445840450421424e-03
8.502597984050805011e-03
7.897918884458288158e-03
8.207568788730161199e-03
8.245370501916187561e-03
8.495188826304164720e-03
8.063264924439674658e-03
7.995421450264600730e-03
8.031199508527707073e-03
7.581058848336008973e-03
7.740320481192328357e-03
8.107488087624101919e-03
7.637204329099645840e-03
8.059162339147598816e-03
8.468558237738876490e-03
7.884747535923388242e-03
8.157167126325836834e-03
7.861154173676747001e-03
8.078446708267496279e-03
7.737292213961194896e-03
7.318149352341570338e-03
8.105480971556706590e-03
7.960289618930214972e-03
8.124089149308287225e-03
8.031435450793442468e-03
8.053980775300876097e-03
8.287417502028956648e-03
8.212009753762071138e-03
7.949748459686462043e-03
7.595667416461755229e-03
7.490952979285075281e-03
7.752665940215492865e-03
7.326848538969713866e-03
7.488061024495088966e-03
8.365724376887215610e-03
8.025016870126872731e-03
7.620637345520620345e-03
7.733455830143551313e-03
8.155729369611888421e-03
7.845725865337898133e-03
7.633502479687914732e-03
7.679575261475081287e-03
8.106532547570100000e-03
8.236349844488384184e-03
7.518923106807961186e-03
7.738927609556607926e-03
8.649643108348894355e-03
8.144532814675965043e-03
8.494436726336547505e-03
7.834923343440594254e-03
7.503213870698066494e-03
8.189799846720342488e-03
8.131180975029515465e-03
7.943584538437166442e-03
7.703593645473709971e-03
7.641931120147767847e-03
7.871599355184626459e-03
8.331990745895662132e-03
8.365851482595561273e-03
7.500340663444796802e-03
6.950940652122815887e-03
7.691760579177414972e-03
7.740807656072982990e-03
7.654952985734289790e-03
8.452984387411767789e-03
7.692576895117809316e-03
7.602620473050295154e-03
7.691132556320787010e-03
8.291072374120909624e-03
8.074183623482960107e-03
7.807362277128953448e-03
7.398731651553147777e-03
7.828381384540223156e-03
7.954535042955410487e-03
7.998341292796093752e-03
7.853722822393521819e-03
7.550317420199037857e-03
8.195279433023339166e-03
8.049404047112324045e-03
8.363274724914035452e-03
7.902420354683251796e-03
7.429299286653551909e-03
7.904957166996816331e-03
7.671552554779953632e-03
7.558241917458219036e-03
8.047031633160756092e-03
8.079345823075449740e-03
7.756041547228689423e-03
8.023392963715052922e-03
7.815207858890458117e-03
7.477788946252490396e-03
7.705362369317405105e-03
7.798515801645353185e-03
7.800271086161260532e-03
7.432980260129270177e-03
8.222349527263108498e-03
7.540999201650249069e-03
7.550863153158699805e-03
8.506797532096870007e-03
8.036146502870079866e-03
7.768057207333640794e-03
8.461352856963049243e-03
8.007812453046898177e-03
8.296048768564063397e-03
8.173812476456685655e-03
8.009033466466941933e-03
7.785915033291071312e-03
7.865374515432959832e-03
8.007003903088229582e-03
7.826208048386448790e-03
7.092885109528598159e-03
8.453394756954989500e-03
7.431712210540324798e-03
7.117251209202691414e-03
8.370594125650493780e-03
7.313615672728828246e-03
7.754521513003813371e-03
8.263132158703194105e-03
8.020426862969092657e-03
7.589725676774469222e-03
8.313551089140766570e-03
7.996833206111726711e-03
8.232144800926101749e-03
7.569863064371224089e-03
7.670960117932719251e-03
7.932221408765151652e-03
7.702451529209524209e-03
8.565690996380978528e-03
8.158927737733644853e-03
8.283534927727567027e-03
8.065971722811308975e-03
8.449675682417371117e-03
8.700559832602776725e-03
8.077339032067063634e-03
7.961902957566942274e-03
7.345928303080949927e-03
7.595608043896047608e-03
7.914508822181171022e-03
7.582539777081101842e-03
7.703889166417580460e-03
8.122074108119044927e-03
8.102934566909926126e-03
7.463552820220589398e-03
7.630329641975461437e-03
7.899625414760341052e-03
7.579385597630218865e-03
7.912442236788001099e-03
7.999312250110031386e-03
7.574144675510490962e-03
8.033496703383043863e-03
7.621808915742989132e-03
7.406298135430678352e-03
7.842943094517022470e-03
8.469560454088571541e-03
8.109862533908484064e-03
7.443417247496248237e-03
7.739737617311191753e-03
7.767991757239510811e-03
8.060142028116459856e-03
8.145473269577967884e-03
7.926944374687588252e-03
7.861868582439599309e-03
7.997678476389763827e-03
8.157360447953504803e-03
7.446119804945904377e-03
8.243960604057742891e-03
7.477453664662071266e-03
7.923372127014962490e-03
7.538810797528387904e-03
7.733812200792722358e-03
7.587437298653147179e-03
7.734602626602369094e-03
7.578042266896438221e-03
7.737856280903334869e-03
7.730550205913188505e-03
7.713296177771096149e-03
7.653806077130505953e-03
7.852994116693538806e-03
8.376071306072973080e-03
7.939290395990087831e-03
7.274796864033470679e-03
8.123472308626958696e-03
7.869334455859867614e-03
8.100416483805569431e-03
8.121437244572787817e-03
7.436514264123975267e-03
7.425572639182830871e-03
7.639049516825637161e-03
7.419369006704154036e-03
7.324385088038664129e-03
8.039230530543501133e-03
7.733555889642125189e-03
7.990664491882166695e-03
7.920841397048430238e-03
8.261580577278189799e-03
7.783818342591763625e-03
7.833222954797531765e-03
8.197133179680763868e-03
7.927362885749151405e-03
7.984734060355502122e-03
7.504005178373730940e-03
7.500000692181976389e-03
7.978083690177030507e-03
7.781498197825927922e-03
7.195065404322794483e-03
8.026282614448610950e-03
7.769151550606217919e-03
7.881762590073988425e-03
7.960690085955138273e-03
8.333647781613570324e-03
7.612420114063344657e-03
7.992756841568002951e-03
7.467251042519308657e-03
8.033796124411319087e-03
7.785824321466626105e-03
7.755314994650906041e-03
7.710370008247944239e-03
7.543324695071804489e-03
7.926055407552735910e-03
8.012391400034844444e-03
7.826337816331220554e-03
7.709912207634127095e-03
7.787302056748705847e-03
7.977785762965049904e-03
7.392894765294396979e-03
7.514669151036512153e-03
7.861545179534284306e-03
7.164803569268836034e-03
7.556734382267941107e-03
7.628107975191817346e-03
7.703569547874130133e-03
7.594644895418809633e-03
7.627120414040710825e-03
7.134709571014468711e-03
7.325283643602703391e-03
7.793604712866638966e-03
7.501939788486388164e-03
7.682824040596481462e-03
7.383274926391875971e-03
7.190514319472859038e-03
8.087781768903000781e-03
7.749010260503617561e-03
7.872629384692920659e-03
7.945382869069404080e-03
7.327900162630070907e-03
7.810038472611482117e-03
7.705643113796152056e-03
7.425661577296791167e-03
7.627819494203194085e-03
7.757311048640108675e-03
8.204936050934709055e-03
7.819280368426049718e-03
7.326261689914787337e-03
7.846700879876411169e-03
8.002099232898679873e-03
7.570398333955533250e-03
7.486060596216849439e-03
7.529536848779963716e-03
8.019845421087684958e-03
7.876684753571144837e-03
8.044157634095938647e-03
8.152892941174149158e-03
8.508410876961094993e-03
7.626341832051825032e-03
8.066869775595113257e-03
7.657551268672627837e-03
7.639240059507382795e-03
8.199272150068156323e-03
7.781263050068053071e-03
7.593559419286444699e-03
7.426098463408604793e-03
8.253959266456827037e-03
7.990348670803365527e-03
8.096365084145948354e-03
9.080073930187081144e-03
8.972786193755501183e-03
9.746693259125889866e-03
1.009151605593206456e-02
