5.510271379335600983e+01
1.179140133660010292e+02
2.125366576108176275e+02
2.224525791308016096e+02
1.239203979426985711e+02
9.832240880422052953e+01
5.462704682108508791e+01
5.575927346046105271e+01
2.641429755871754637e+01
5.161462842692979081e+01
1.976969210472176286e+01
3.164535716656417463e+01
2.595695829510426478e+01
2.953832798447456298e+01
2.041959023929728900e+01
2.736591532341916988e+01
1.474978132970899658e+01
1.932160272069195628e+01
6.987242924687866008e+00
8.360918877887780098e+00
7.017675140105206211e+00
1.063104121389285339e+01
8.284616474833210731e+00
5.628930446515754582e+00
8.912912539890124108e+00
9.210200803223749233e+00
8.125967814005017331e+00
9.288460499526884462e+00
7.097642266291365409e+00
6.900314157947462945e+00
1.045439848451449549e+01
5.437831853230842505e+00
6.320033449671645265e+00
3.718566320223407384e+00
5.048351339549544292e+00
6.056949394084513827e+00
5.149585175399119308e+00
6.192318154853775347e+00
6.381927543334518838e+00
4.959156564434644032e+00
5.206398923613031471e+00
5.475200927600826439e+00
4.374673180477538281e+00
3.486038758391305947e+00
3.320464990354305090e+00
4.843533195485044018e+00
2.033420895987764876e+00
4.317618596928679331e+00
4.568279456673499439e+00
2.540164762566544443e+00
3.650177373108217438e+00
2.409953625786910969e+00
2.656194319750778465e+00
3.135113421693115576e+00
2.991736587945924786e+00
2.757332224419152933e+00
3.228739112809864586e+00
2.478666551311512922e+00
3.342197338343776192e+00
2.699365921671340818e+00
3.345806779402026532e+00
1.926421628077172876e+00
1.972016775848951520e+00
2.774677424364865086e+00
2.128117266625422221e+00
2.365548404454838938e+00
2.621940529739943848e+00
2.848948871987261544e+00
1.894664484483097988e+00
2.226638755246909795e+00
1.577177971069019247e+00
2.969778349114198246e+00
2.388754595509862799e+00
2.114378119743274720e+00
1.803977900926308164e+00
1.647731296399281398e+00
1.583084598927660291e+00
1.501019071896947388e+00
2.066751747608245982e+00
1.940247229289537190e+00
2.403063168158807272e+00
1.788575564355588066e+00
1.260450559718304442e+00
1.759175998386390827e+00
2.063375601368574674e+00
1.656733492582283418e+00
1.302559879992165603e+00
2.196509052033587039e+00
1.472544714508319252e+00
1.663636208339243749e+00
1.753406311832917064e+00
1.793532534658242694e+00
1.384691407940275010e+00
1.261005268053849493e+00
1.358170556565221565e+00
1.439375950399774284e+00
1.119908520541831098e+00
1.736807258460968395e+00
1.702328647632779912e+00
1.329122976164708314e+00
1.408576809477022129e+00
1.289395638364257524e+00
1.498760322463425609e+00
1.075402454431452881e+00
1.213523622135995295e+00
1.487842205383133498e+00
1.797463634786238496e+00
1.235592638705720114e+00
1.467774546816946302e+00
1.140085907703192847e+00
1.336897097553265912e+00
1.052934364128742750e+00
8.838658380282820026e-01
1.244715511731245394e+00
1.547091123952871294e+00
1.606463298359509739e+00
1.537671937930652044e+00
1.257530059816423851e+00
9.067585277534024879e-01
1.508125127972738566e+00
1.183472252781047951e+00
1.330561719273904986e+00
1.044317795820981054e+00
1.060670498874718426e+00
1.178603196607208581e+00
1.132273814687559499e+00
1.163164921080105829e+00
8.743390182779409159e-01
1.232785767409583677e+00
9.701478531520666415e-01
8.332038980042226761e-01
1.085806095763096391e+00
1.019091983572264271e+00
1.161785930236110653e+00
1.359138565263007248e+00
9.331579511533034665e-01
1.101384170562618170e+00
1.207990192633642268e+00
9.527340431816893052e-01
1.092446126640941984e+00
1.133358856857659358e+00
9.664032085280958029e-01
8.803663175497632443e-01
1.160710648748936924e+00
9.098255090267005629e-01
9.111824192418740420e-01
8.573810878359999776e-01
8.753974783539240079e-01
9.571943864617640241e-01
7.789747041213509471e-01
9.008426207841802036e-01
1.014994074169606186e+00
8.714105162160955542e-01
1.050032390398327076e+00
7.781359092532184052e-01
8.340888902229889323e-01
1.053907714013844199e+00
9.191602728423421409e-01
8.786868240463532320e-01
7.890176292857422613e-01
7.604400746410290290e-01
7.641160455719731015e-01
8.509821919238328425e-01
8.130880243352508474e-01
8.632677949517851834e-01
8.959363571664733517e-01
8.764346392034743083e-01
7.077989535868864923e-01
6.920730100615550828e-01
7.087290413499869324e-01
7.383350674241749845e-01
7.044456016028198819e-01
7.332215044271853666e-01
7.097192135747878439e-01
7.528668435811208814e-01
6.351841549682218924e-01
6.531532825462360581e-01
8.813921242871181061e-01
6.834878842168101709e-01
5.465345050820623607e-01
5.842399226264123335e-01
6.154588184809884899e-01
7.260348283957950288e-01
7.752089861749968946e-01
6.954669936293687016e-01
6.005228791148090606e-01
7.492612404766681999e-01
7.013976151306815510e-01
7.442769865623862779e-01
6.282921222259705285e-01
6.520364819583275295e-01
7.119346056253378352e-01
6.275572552454177222e-01
4.521055780694719917e-01
5.721441522040249250e-01
5.707734007964758716e-01
6.223949286065633135e-01
5.251922823546526509e-01
5.515748609550356063e-01
5.034506609136940591e-01
5.575325370708080763e-01
5.901155213382434095e-01
6.258520101568769700e-01
5.445127083527467882e-01
5.174105714060986960e-01
4.413684350430217007e-01
5.062611037334274755e-01
4.230164293610465531e-01
4.899165243654693414e-01
5.024680769277299897e-01
5.170886831068082223e-01
5.766982163962123265e-01
4.510914639056594067e-01
5.689089981568350440e-01
4.865941180773405428e-01
4.608594721347335499e-01
5.346654497440860299e-01
4.344309014548831116e-01
4.910220710904534269e-01
4.739684245065213242e-01
4.426457564288858726e-01
4.337351675627398873e-01
4.474535307139870244e-01
4.141370512755521149e-01
4.363626520573915535e-01
4.590582065930714495e-01
3.312489437901108280e-01
3.502675377571680682e-01
3.719077010197932021e-01
3.889229315482626848e-01
4.393798093842468666e-01
4.277971670082021949e-01
2.932185961620798476e-01
3.923891448750386202e-01
4.058563725817033174e-01
3.484166098518475252e-01
3.926118829386964215e-01
3.425148031922404246e-01
3.711312166523085820e-01
3.623424968437778393e-01
3.387971516374405634e-01
3.702365160042453973e-01
2.938858744598865091e-01
3.344282383213204035e-01
3.090709110693007911e-01
3.537752440675960841e-01
3.240421415561446916e-01
2.425068391350533314e-01
2.779911592519880847e-01
2.970731888554457578e-01
2.989990543567579429e-01
2.554918140419882300e-01
2.781976205637343158e-01
3.084112467063491181e-01
2.927558885598627314e-01
2.632959126761327817e-01
2.653316663981283297e-01
2.472048155374825806e-01
2.670099044169714775e-01
2.470212945496106371e-01
2.712347927737182030e-01
2.838503741849495166e-01
2.251562517707790811e-01
1.972487864940797864e-01
2.357526298244672081e-01
2.220596162601627677e-01
2.692147697567763842e-01
2.208014074373212121e-01
2.126306935251865982e-01
2.490262312787608623e-01
2.618731535859706305e-01
1.946221118585952647e-01
2.277735855471639814e-01
1.825927642274034479e-01
1.596044228565071665e-01
2.048242280636900225e-01
1.983524524834922032e-01
2.093729926528510865e-01
1.750691819064300603e-01
1.743159987351346751e-01
2.002841695026230662e-01
2.126255373428557194e-01
1.739833022226373593e-01
1.572456225716807043e-01
1.752098868774247253e-01
1.659687003752989276e-01
1.557744202030923453e-01
1.843638902432099269e-01
1.525084795168188401e-01
1.263705841062930935e-01
1.712192276623459020e-01
1.700177126928544280e-01
1.510973029415931257e-01
1.510528863385688925e-01
1.506037574030599235e-01
1.334087120594372733e-01
1.412929284749812886e-01
1.437135378833258870e-01
1.505678713295479643e-01
1.138264122418011781e-01
1.435789164047430733e-01
1.105535813436367282e-01
1.226937919569276308e-01
1.405269015335768035e-01
1.089678159275146024e-01
1.259191119190388175e-01
1.183017922816235190e-01
1.115504955207590604e-01
1.209863642259370459e-01
1.117467312548440922e-01
9.587034572666694454e-02
1.049080847055688798e-01
9.447738353678125645e-02
9.915822552405192947e-02
1.179062999472506867e-01
9.455281009901113365e-02
8.801798940391453163e-02
1.025707298350264363e-01
1.118714169049250806e-01
9.443820589402225629e-02
9.862326987612328455e-02
8.588287271677803869e-02
8.508267652818612969e-02
1.033534643866888675e-01
1.002486628169233646e-01
7.509940920444999057e-02
9.467372803262909253e-02
8.975106315649140909e-02
8.505464621854361140e-02
8.751325320434100163e-02
7.355701096509682790e-02
7.050662004421294482e-02
7.523572083971187541e-02
7.680438286803834003e-02
8.486623166335485746e-02
7.555088852591521076e-02
8.279573327020565976e-02
7.102229033406094738e-02
7.658709886167162917e-02
6.740036670167211252e-02
6.727612791331297193e-02
6.385567916204737404e-02
6.282238805611714549e-02
6.663482816065363634e-02
5.977279010051939762e-02
5.595053488080050513e-02
6.301560524786392614e-02
5.462530566394926262e-02
6.500952802253254226e-02
6.032520288900476008e-02
5.481953364901738512e-02
7.136476861444644715e-02
5.878982494376445989e-02
6.074514161173649035e-02
5.066574452061224643e-02
5.345839286701064424e-02
5.687962011566451842e-02
4.980146551719026593e-02
5.187853006944292272e-02
5.844606890954800321e-02
5.669244759468790307e-02
5.396002833833833667e-02
6.398967422974934094e-02
4.384408543094406308e-02
4.784607455506923596e-02
4.600355620809867124e-02
4.121372563895323721e-02
5.595068913029473123e-02
4.462533796792755164e-02
4.700090405583222386e-02
4.826524996259060757e-02
5.190830856522454101e-02
4.354702285874408746e-02
4.487653056172435234e-02
4.457191993946601344e-02
4.317410234007246217e-02
4.733412536864079617e-02
5.314967851588799086e-02
4.548271301393356364e-02
4.329319033465933025e-02
3.674853638345240703e-02
4.094926350981492602e-02
3.995269806194729628e-02
3.738474769639665851e-02
3.660912286491836698e-02
4.211073479714839279e-02
3.896690818535663431e-02
3.908672761273718904e-02
4.013288309407830184e-02
3.881103957258266041e-02
3.628516260248386416e-02
3.641152741936478504e-02
4.008889402634791682e-02
3.971516422399825469e-02
3.480356792178521813e-02
3.425570142945114777e-02
3.628748134834438449e-02
3.658590736700544077e-02
3.917356928677492856e-02
3.354735411233168013e-02
3.880142639633355622e-02
3.310738664016180111e-02
3.825401463666475155e-02
3.638292162805660535e-02
3.174403269816498258e-02
3.447366378268287845e-02
2.977555205614091163e-02
3.552710244915693871e-02
3.543888359937188981e-02
3.326752493047036019e-02
3.734603639061272184e-02
3.349980807627934293e-02
3.237592550481186576e-02
3.657772552511535935e-02
3.293559825863628249e-02
3.223657027081687498e-02
3.427776771314344079e-02
3.008594533806889515e-02
3.464578602043977967e-02
3.017040868431100989e-02
3.428317362674871555e-02
3.477981520177757940e-02
3.456821706174793146e-02
3.251541606266369899e-02
3.306152744044836556e-02
3.121425572762932116e-02
3.507846461325567211e-02
3.483852346868437921e-02
3.230198999946792826e-02
2.784312350302445283e-02
3.025452909518767247e-02
3.373849225174846422e-02
2.881579054438044435e-02
3.280494365090413922e-02
2.818214777720816008e-02
3.104873520974398698e-02
3.243357646756143964e-02
3.118494195420649234e-02
2.954913520537005844e-02
2.956057541968476129e-02
3.349033503958188246e-02
2.923151587318639430e-02
2.592082127391115084e-02
2.910880191238375200e-02
2.549343916045110695e-02
2.725744358945718371e-02
3.376610654028829733e-02
3.155372275522498604e-02
2.954126951263897835e-02
2.800163136286210053e-02
2.795853942101282283e-02
3.317703823764163451e-02
3.150610195328725632e-02
3.349244165598436879e-02
3.371432526110041544e-02
2.685997424968935773e-02
3.065010382951392429e-02
2.732928001528982243e-02
3.075905945957764509e-02
2.856162432678218191e-02
3.202226943052382396e-02
2.859301645492004149e-02
3.234657755272662277e-02
3.247040231562877549e-02
2.682788487784425191e-02
3.004678703047838559e-02
3.011393305895522857e-02
2.871797094641426185e-02
2.852857811251034020e-02
3.283314481371990556e-02
2.489883750497259157e-02
2.789439088542330566e-02
2.606559871070209672e-02
2.660312852923051377e-02
2.930785555208589854e-02
2.795453368041734762e-02
2.720382719166081903e-02
3.011612910549910788e-02
3.129813558510263077e-02
2.724095248487699156e-02
2.695384089422729959e-02
2.635809184903268113e-02
2.948599304947685865e-02
2.806175398397927137e-02
2.726576203509266383e-02
2.508515406311397078e-02
3.002425421828611163e-02
2.700189334638779595e-02
2.763999802222817312e-02
2.911762006687786120e-02
3.218341736013566323e-02
2.927016816528100682e-02
2.851598075500470439e-02
2.579624964284407337e-02
2.419396293770544396e-02
2.712611054741934091e-02
2.606138943185650966e-02
3.071649417704870252e-02
2.969338283607303799e-02
2.730967370041147840e-02
2.973410714899958618e-02
2.853343777687383093e-02
2.612531990085937075e-02
2.483350942330456168e-02
2.714992475406105901e-02
2.876366933568431233e-02
2.598379427007730530e-02
2.530927555338887552e-02
2.724767665387754084e-02
2.806064774966330125e-02
2.778888933178275816e-02
2.490610790828005905e-02
2.435073722339892513e-02
2.591843191266865812e-02
2.476981880216041348e-02
2.783970319736812568e-02
2.505391833576027863e-02
2.239604203415706749e-02
2.615882288745456294e-02
2.396298163885412363e-02
2.660967693375931170e-02
2.526643282949473865e-02
2.435814866021310601e-02
2.711677346379307019e-02
2.292614083602174946e-02
2.513666402809121292e-02
2.721938367812627019e-02
2.391631870381964384e-02
2.534366759120951565e-02
2.330149735518175641e-02
2.502641321996085938e-02
2.429800616980750880e-02
2.226277455085063153e-02
2.387302586768275114e-02
2.505327348660420228e-02
2.631207795685297848e-02
2.604303550263797201e-02
2.638939933389940901e-02
2.615791224335279122e-02
2.408103870338465860e-02
2.301662399262653994e-02
2.601227977744114891e-02
2.424029814909612127e-02
2.355554322045151985e-02
2.517902248753416464e-02
2.642110152733893186e-02
2.440974037489826096e-02
2.238071021953989825e-02
2.090904473820598408e-02
2.402807474788325875e-02
2.150143510803049357e-02
2.318753895884176700e-02
2.502494840255634762e-02
2.416785390201090650e-02
2.094852718851770990e-02
2.170897298361716687e-02
2.333832916134607333e-02
2.309318120354177106e-02
2.268216847212944226e-02
2.655153866857793907e-02
2.589617033861709924e-02
2.384804243963828743e-02
2.345252657922169276e-02
2.284434788240967754e-02
2.370690311589418106e-02
2.319154779903975436e-02
2.248374406428381433e-02
2.165302962485369034e-02
2.558134376532734261e-02
2.206771346196344935e-02
2.014525094911004746e-02
2.357586420449569661e-02
2.334372801145632656e-02
2.057652645738367730e-02
2.388965432887946161e-02
2.161350349905498403e-02
2.281485948498336233e-02
2.243449798052068317e-02
2.317505187460664265e-02
2.414689459851291839e-02
2.040830572573884560e-02
2.153647000165275979e-02
2.164993687710327699e-02
2.003014583162986834e-02
2.201747780957047373e-02
2.539420585321341961e-02
2.282642018349014326e-02
2.218484979260439138e-02
2.056705771657919499e-02
2.047279243117654940e-02
2.073891954438889310e-02
1.917164689478340067e-02
2.071235161202459110e-02
2.116575882531034764e-02
2.171120814709518246e-02
2.149695852866372048e-02
2.119722651639806624e-02
2.346904640344781023e-02
2.134678202984654355e-02
2.241957230051998262e-02
2.283511365663111123e-02
1.932446571467366647e-02
1.906552825817151367e-02
2.096504499569930291e-02
2.150804396332510818e-02
2.052374113209897918e-02
2.011556553031762160e-02
2.106746629568997595e-02
2.164314659745108713e-02
1.996282891155626293e-02
2.181232991221226242e-02
1.935868098135992699e-02
1.934748848463724302e-02
1.934242369907748088e-02
1.887539598863080884e-02
1.863739009203724262e-02
2.277101679355360286e-02
1.769439177720095666e-02
2.048023099360450280e-02
2.042709205136000739e-02
2.063075451794323112e-02
1.921312002324499987e-02
2.034708344427680130e-02
1.977444941198001210e-02
1.813951716682328866e-02
2.063788428654959872e-02
2.111828352045293927e-02
1.948720971544476432e-02
2.139524378978086699e-02
1.998926841659617176e-02
1.922184300716242925e-02
2.020095929408326565e-02
2.115431787145067438e-02
2.053749489460390820e-02
2.090529630772118216e-02
1.870248536218700394e-02
2.066186076980359998e-02
2.026271107314819853e-02
2.141598052136250638e-02
1.841430611576394885e-02
1.722724008125889675e-02
1.895168430735644921e-02
1.946092196777243419e-02
1.960112647174268308e-02
1.690460383846074943e-02
1.801201787933019716e-02
1.989029726633309222e-02
1.971849324074260654e-02
1.980736656231256443e-02
1.894747254258894592e-02
1.798979107624101501e-02
1.979469208349577888e-02
1.849024632734705062e-02
1.837881288635810628e-02
2.071598205605761078e-02
1.808867336749535315e-02
1.778360239128334852e-02
1.798644331217147743e-02
1.893169104829773783e-02
2.088554218693595976e-02
2.004294169577264598e-02
1.822487883844728374e-02
2.038995499555143823e-02
2.045893594949706185e-02
1.990352468336531802e-02
1.787381645412815245e-02
1.851436694429814400e-02
1.755761713971654148e-02
1.846805841426558958e-02
1.992957221656566774e-02
2.010462219757445240e-02
1.852091759462616560e-02
1.804233841624740611e-02
1.815896944893585080e-02
2.096502899746562412e-02
1.712710123529219072e-02
1.941730929392522162e-02
1.855625932187277352e-02
1.906218133094955344e-02
2.071967342442778207e-02
1.772391614373136637e-02
1.931261270717742756e-02
1.984060092851592030e-02
1.886401159032030303e-02
1.945223690912501260e-02
1.891058836003695412e-02
1.998801700791711863e-02
1.759141676205252733e-02
1.843030858850927892e-02
1.953286309272032895e-02
1.753958493116550624e-02
1.677919921237707238e-02
2.064725437851457068e-02
1.837472471966398319e-02
1.841513841054206319e-02
1.904533746915814535e-02
1.868877695729927874e-02
1.970876530799381063e-02
1.910199977746928832e-02
1.636660266920616363e-02
1.939988037853679001e-02
2.074247911252519519e-02
1.947162628010901120e-02
1.798725172308276998e-02
1.751003270527530520e-02
1.981361745841904790e-02
1.956022486345180417e-02
1.859927093911442619e-02
1.793245396364403360e-02
1.807920109437139919e-02
1.954063851955574471e-02
1.754460736377003172e-02
1.990254308478031989e-02
1.826962128862211904e-02
1.682339017251460386e-02
2.103949979222209318e-02
1.642902499839053732e-02
1.961370451146732946e-02
1.942338258364492351e-02
1.757562401253327106e-02
1.739868542985990862e-02
2.037137047153080721e-02
1.773938899584541484e-02
1.881999332383420612e-02
1.953216055594306569e-02
2.035080085523109997e-02
1.774045498604829435e-02
1.857759231041281739e-02
1.800587980309712940e-02
1.745735834570792330e-02
1.799920176640510197e-02
1.932076904917048171e-02
1.735315115320198998e-02
1.958081074671229327e-02
1.805452779816066680e-02
1.904323780722471521e-02
1.709637156771706343e-02
1.763648112758501446e-02
1.925024091148212768e-02
1.741073822800981094e-02
1.829123930221850450e-02
1.777737761011031689e-02
1.966390058155679729e-02
1.851802795885233374e-02
1.711167741329287437e-02
1.878801827253113316e-02
1.971478105452824370e-02
2.063587784736384614e-02
1.982458609071709524e-02
1.776847010654978437e-02
1.930783068255205112e-02
1.996375349003527006e-02
1.773513165763247051e-02
1.838829996387273888e-02
1.846184728278906645e-02
1.804837350997271980e-02
1.835671074345456011e-02
1.811420830781027003e-02
1.863435901689888818e-02
1.884102564261699170e-02
1.743790913745652330e-02
1.976145758781014741e-02
1.769532602297095233e-02
1.760063121811016040e-02
1.914683190118879677e-02
1.870095251795727762e-02
1.912329336313320360e-02
2.075315829133944981e-02
1.778383532423816887e-02
1.889604045389506673e-02
1.800446391666481183e-02
1.881437085834499617e-02
1.930234323814472575e-02
1.785903356287204397e-02
1.964995508051529255e-02
1.729243462585876648e-02
1.721571531463647955e-02
1.834670982871329514e-02
1.851986473037873365e-02
1.929698692580684993e-02
1.803946249516893280e-02
1.812517548947259818e-02
1.913088710389486413e-02
1.753378999279302936e-02
1.860151344340489621e-02
1.866675683478233663e-02
1.765069436496986485e-02
1.877717159382233728e-02
1.780258503945144136e-02
1.973744569294213352e-02
1.867347160928226751e-02
1.905482324758448615e-02
1.814293803456295054e-02
1.814644174307849037e-02
1.834416573032208314e-02
1.815831791712161497e-02
1.680916429932453188e-02
1.793212713562631136e-02
1.780351719836424304e-02
1.753541345506840626e-02
1.781672032461559599e-02
1.863334192617622717e-02
1.860785564279756818e-02
1.799006580160702334e-02
1.731169135486627236e-02
1.897662775620846329e-02
1.685224094696755395e-02
1.915811755528343957e-02
1.896894885966479358e-02
1.597123393197734734e-02
1.863701483674375103e-02
1.707404785591679075e-02
1.826265369482242204e-02
1.918588625789244967e-02
1.644337217632474771e-02
2.012932930187805516e-02
1.835625160236883241e-02
1.701198453481204270e-02
1.760141555412063699e-02
1.759207620959407983e-02
1.906602851902820459e-02
1.758546762766228719e-02
1.772126483698265378e-02
2.004411460876405482e-02
1.905479810799411144e-02
1.810550142555180861e-02
1.755975714288781492e-02
1.851090212001832089e-02
1.773864403386339259e-02
1.732670768844970718e-02
1.747002263563332547e-02
1.909164634828755883e-02
1.845490251741575827e-02
1.787186443070627739e-02
1.762795223052178104e-02
1.875271320644136819e-02
1.878974978285503569e-02
1.745860204175490871e-02
1.856538192261523307e-02
1.732559128038927906e-02
1.903967332703954130e-02
1.845025518304253126e-02
1.767107569810568921e-02
1.916249012782251376e-02
1.669455675423821284e-02
1.948754133399522442e-02
1.779117802693968090e-02
1.651878268778062681e-02
2.192788695083030051e-02
1.899549985026683513e-02
1.763715501028002494e-02
1.749092628916393971e-02
1.733929830922895099e-02
1.903213778141880919e-02
1.926840590798594918e-02
1.781726696411798511e-02
1.755962884054335787e-02
1.875027928705777849e-02
1.807443154609862310e-02
1.685032571171718105e-02
1.639351837365893294e-02
1.814876452663558709e-02
1.755779197446788800e-02
1.738850153346014477e-02
1.796751396838614998e-02
1.704047545410758077e-02
1.859529439153326247e-02
1.666871050179417543e-02
1.880960839358824382e-02
1.627936563487765789e-02
1.598834722468260236e-02
1.976666663945210803e-02
1.883094999153871185e-02
1.744670024826608379e-02
1.889133733640501259e-02
1.837613100010248787e-02
1.993043517936805148e-02
1.728991069293824359e-02
1.656510323984756311e-02
1.740628589967353756e-02
1.826452219012466432e-02
1.927392667521775002e-02
1.874639678448952740e-02
1.764184714913674332e-02
1.775274082829331537e-02
1.641944934292055222e-02
1.804065705658193519e-02
1.934051724739156014e-02
1.759882767612295021e-02
1.647937545814772906e-02
1.796999315352160870e-02
1.826122084713579022e-02
1.783963989069178163e-02
1.799638714313344171e-02
1.975216461905469900e-02
1.687571638118601572e-02
1.759902845304840702e-02
1.749154128990821136e-02
1.702460811690911097e-02
1.874822935044846012e-02
1.843828018260638621e-02
1.770661576137633544e-02
1.877148385795023369e-02
1.860241188323452297e-02
1.770508244389774888e-02
1.704986535527592065e-02
1.695595012017700465e-02
1.864836722107443556e-02
1.850671129272941917e-02
1.691381048023555059e-02
1.841971842222727904e-02
1.672553724322945953e-02
1.785188356074815866e-02
1.863208706085782429e-02
1.773684707629791593e-02
1.958325722010468423e-02
1.653030275991506162e-02
1.766649773292483863e-02
1.835028476609171233e-02
1.870292921809058387e-02
1.851965304101762383e-02
1.751909197817173164e-02
1.766958765991372138e-02
1.799315133567401873e-02
1.574350344214922939e-02
1.860928542372749378e-02
1.649915179062590165e-02
1.807585803334589222e-02
1.763495290251336847e-02
1.841955855438159873e-02
1.815595238233272748e-02
1.730856388581394553e-02
1.867539159828827955e-02
1.749941316904341654e-02
1.748389946575020643e-02
1.894878530599775068e-02
1.747819790698513023e-02
1.887495304160013987e-02
1.633338395750164734e-02
1.781795395182275005e-02
1.721962603981257167e-02
1.650125155786103665e-02
1.796065243158220456e-02
1.781403326314554350e-02
1.806330423625521556e-02
1.899322173357564925e-02
1.806642390517443006e-02
1.736957114753465148e-02
1.918506076350704609e-02
1.987345989064405460e-02
1.758258108446691600e-02
1.853169822507831285e-02
1.645940568141788379e-02
1.901663149916514584e-02
1.703158814192528084e-02
1.749794587657216641e-02
1.787768301464640400e-02
1.814730246147261417e-02
1.882586330033609104e-02
1.732919258616723995e-02
1.694280902675378633e-02
1.962469596084954679e-02
1.677499654645412883e-02
1.720290491924488310e-02
1.700501020340499866e-02
1.763632581089581708e-02
1.964271191409916115e-02
1.737075013397032519e-02
1.688113679082222859e-02
1.809368266258381749e-02
1.723836776149760205e-02
1.886055603296791713e-02
1.663560348301353076e-02
1.839861354690084869e-02
1.684600857773170535e-02
1.869800351451849849e-02
1.843059326046820115e-02
1.783148128894996090e-02
1.832641596478401871e-02
1.829124246548831725e-02
1.829280692696411831e-02
1.673955654584493788e-02
1.703440242524051004e-02
1.986851722349646313e-02
1.866266244667540847e-02
1.823217216861687529e-02
1.872405649253316984e-02
1.773229697604151306e-02
1.759952842882141905e-02
1.739760370164662728e-02
1.852511054443549757e-02
1.939809049629515059e-02
1.929771140622169728e-02
1.785464814719545448e-02
1.706634473172340474e-02
1.684620514324850979e-02
1.964271540875369218e-02
1.717637204835362544e-02
1.831372839655055415e-02
1.968428589290480493e-02
1.787706961944113618e-02
1.867236621281534448e-02
1.796616838928287094e-02
1.729315675174966996e-02
1.773838890347603087e-02
2.012663636835228947e-02
1.756654879596406330e-02
1.789817677721909639e-02
1.702056282796882494e-02
1.904692642601835129e-02
1.841112227096441609e-02
1.816709880220359133e-02
1.768537461470688979e-02
1.794748414726720850e-02
1.808749781923908381e-02
1.819684920184466009e-02
1.824741614173857468e-02
1.658157980515127111e-02
1.657231817396661103e-02
1.731422008630235931e-02
1.891574530163216833e-02
1.701027100736484526e-02
1.811943483912514460e-02
1.880114502156279496e-02
1.846062483864900280e-02
1.687272080816558731e-02
1.749221189725210998e-02
1.802652519636779166e-02
1.781799963051152250e-02
1.663929946834926885e-02
1.912449017356639136e-02
1.910640628224167040e-02
1.880061434231150574e-02
1.893074778511791637e-02
1.827313714611670734e-02
1.850350319126233337e-02
1.777936972794564099e-02
1.901362152545560402e-02
1.772013140277239884e-02
1.752552977836837125e-02
1.770618423694459223e-02
1.778834640232340725e-02
1.832309370576405347e-02
1.770403514527056632e-02
1.675500189399330500e-02
1.932624515639892737e-02
1.693712561060164296e-02
1.620051760346155265e-02
1.830068489398490802e-02
1.708678332735137292e-02
1.900295786154455532e-02
1.810258530730645896e-02
1.789956736011558483e-02
1.819851707330283341e-02
1.731653807086607280e-02
1.886362556594372089e-02
1.742779164037875153e-02
1.821482300416069414e-02
1.831739093697859477e-02
1.710823466750243174e-02
1.739969076522807426e-02
1.716255052030419767e-02
1.635535098405862045e-02
1.748779208170131091e-02
1.746349532927133838e-02
1.570481875884260914e-02
1.653134490845833970e-02
1.794906516218693765e-02
1.822350687333778793e-02
1.740215005210010366e-02
1.723980013286688373e-02
1.776890263058147207e-02
1.808080287319202561e-02
1.668665565894493497e-02
1.625174408428117084e-02
1.710143608338204196e-02
1.782103472757610302e-02
1.789336461852401861e-02
1.765706870916889173e-02
1.901929837353646610e-02
1.928405061610009158e-02
1.764326571085402320e-02
1.867086891868366752e-02
1.783625096563161427e-02
1.923675814410907500e-02
1.720724008436461117e-02
1.644608353964537723e-02
1.730166539937541895e-02
1.718375185209078740e-02
1.779307662694662451e-02
1.770150076514419996e-02
1.861955532091883955e-02
1.725845869004932753e-02
1.794857139811514499e-02
1.776573268301596953e-02
1.702554460457637517e-02
1.803080429506557017e-02
1.737713155231401102e-02
1.692699143101339398e-02
1.944591669254568805e-02
1.775546451381434729e-02
1.819522360692696697e-02
1.804232304304779350e-02
1.906791426548489973e-02
1.879239491085939878e-02
1.780707566915516391e-02
1.804262787466381218e-02
1.749171119373189517e-02
1.739202694486768203e-02
1.851062665876608906e-02
1.862933850407016978e-02
1.702689378578252019e-02
1.748667305281829606e-02
1.770479783524537415e-02
1.755449023493214217e-02
2.006686841200717303e-02
1.813593479023745472e-02
1.752625368336941519e-02
1.692248967015175243e-02
1.790616467874301884e-02
1.758368682500528399e-02
1.700500840421137125e-02
1.765434768760258677e-02
1.754697998766598793e-02
1.734605283145458643e-02
1.817478723196350524e-02
1.645147947400776856e-02
1.809528675836243050e-02
1.601675441272796749e-02
1.868188565385442770e-02
1.829145562154744706e-02
1.741188712657677773e-02
1.778974626954517302e-02
1.793653492452483914e-02
1.616939452091203933e-02
1.814155525436958460e-02
1.736088593324405446e-02
1.798212118673536003e-02
1.739838337875861812e-02
1.811535356151330878e-02
1.842525038230248893e-02
1.698210634957649651e-02
1.714340884893772454e-02
1.834937955725046699e-02
1.720323301300983113e-02
1.671238437551630235e-02
1.668327617044927658e-02
1.791718788539478982e-02
1.724380651922579125e-02
1.690816072339989748e-02
1.787989888255141907e-02
1.684494855001485505e-02
1.715225883473866716e-02
1.768649955043775229e-02
1.857665443002175579e-02
1.877036708509955201e-02
1.786268018089485349e-02
1.681552812754210161e-02
1.736027063131247508e-02
1.672264579810194690e-02
1.693998956219864779e-02
1.713471943794714694e-02
1.601939294366426167e-02
1.813062515094163510e-02
1.829505052585637601e-02
1.824723024887144052e-02
1.786766515453497989e-02
1.744887175811045410e-02
1.769465279656585316e-02
1.839057856725605927e-02
1.775570831611524014e-02
1.756569982318888917e-02
1.717980122729961812e-02
1.707230053489257673e-02
1.879234624231005193e-02
1.687126859161362097e-02
1.844778287215922269e-02
1.788325630302695785e-02
1.789035035393095677e-02
1.840082819051766169e-02
1.732273948495538854e-02
1.649474229542445894e-02
1.845655058895121631e-02
1.674794551463500147e-02
1.790925883717112491e-02
1.685979839830121715e-02
1.828854108974607359e-02
1.646168715515376052e-02
1.633098425832719275e-02
1.731939825970976732e-02
1.657703676138747376e-02
1.764931004703503004e-02
1.822150957907564886e-02
1.772042870115896063e-02
1.814948745435414693e-02
1.779881703107873483e-02
1.782766720180783276e-02
1.669810604105062546e-02
1.712432156650514278e-02
1.716830378397757664e-02
1.656241044161649301e-02
1.753567913972827255e-02
1.654023055141321669e-02
1.785722697646117268e-02
1.641583942810640948e-02
1.704587345446486116e-02
1.781480702181778217e-02
1.795776165890743473e-02
1.666076967482637769e-02
1.730001646844156818e-02
1.699471740709901368e-02
1.553987623969558217e-02
1.691759496820298414e-02
1.663382943288802332e-02
1.750699123469028409e-02
1.699999766817031008e-02
1.613333465600861813e-02
1.727022849708771332e-02
1.703675352339703575e-02
1.678649755051189393e-02
1.639367469603428273e-02
1.681929392128721223e-02
1.696531990016339475e-02
1.608573648302487336e-02
1.842498336844655693e-02
1.639824300160929241e-02
1.679063606640012959e-02
1.843968273477005274e-02
1.608141465328404018e-02
1.816234414416250179e-02
1.754684603999670175e-02
1.673989051873834774e-02
1.872415941551593480e-02
1.697238017204750690e-02
1.613465692708867735e-02
1.727275059840699400e-02
1.697435869283348345e-02
1.763740002266880880e-02
1.686170987325996684e-02
1.715521443463200943e-02
1.726847707005293650e-02
1.777296712747359134e-02
1.661343588656343656e-02
1.541683915818722536e-02
1.582552328461203986e-02
1.691295432275921259e-02
1.707053666268917858e-02
1.689429358009587184e-02
1.975670581453951510e-02
1.746356275609286038e-02
1.711414100698659471e-02
1.644516025628806749e-02
1.686661157054705415e-02
1.757079634186693370e-02
1.683102325976084876e-02
1.752595967358560464e-02
1.737493329315881879e-02
1.706143514144344703e-02
1.617365251182128344e-02
1.717469762240165024e-02
1.791728511437601715e-02
1.776606059463298540e-02
1.566869292920611278e-02
1.678590417614067229e-02
1.645061335842341529e-02
1.584591786820570627e-02
1.682894366844812570e-02
1.622900450099664868e-02
1.804527850384478674e-02
1.755420244566005539e-02
1.615537244937155850e-02
1.747087038247414903e-02
1.773764565400557519e-02
1.691148608429211830e-02
1.734778082543801669e-02
1.804171210480932930e-02
1.784457797025113326e-02
1.549834967875736436e-02
1.711695986197331321e-02
1.742776858965195200e-02
1.713635074787880561e-02
1.779136764468657039e-02
1.623848091851459730e-02
1.721241584271613473e-02
1.731844929935622696e-02
1.659513094512052658e-02
1.695110350683261269e-02
1.730252158517491326e-02
1.606973660744871052e-02
1.731285662127348898e-02
1.631397961186363543e-02
1.726612598852370409e-02
1.748433771294995859e-02
1.667791332848879773e-02
1.666888300458490776e-02
1.648032949065948369e-02
1.734736058887528451e-02
1.736650480387274056e-02
1.556738439286793618e-02
1.745711895782327619e-02
1.706759865440512364e-02
1.714765890527573597e-02
1.651090845879524260e-02
1.644369715724277800e-02
1.701711311768883128e-02
1.577075969764616184e-02
1.718789200083711138e-02
1.833402880062248372e-02
1.693916284192423932e-02
1.662391279564952307e-02
1.675253548686136268e-02
1.689509327748162787e-02
1.704517139199834136e-02
1.649209753525449074e-02
1.682732995939570028e-02
1.725077853076477721e-02
1.733533581629031692e-02
1.595172531092182988e-02
1.672992777527067265e-02
1.648416946016498241e-02
1.791304148139405070e-02
1.647869146300708076e-02
1.671277015860269180e-02
1.701587292207994151e-02
1.590950542026790815e-02
1.731707964063154692e-02
1.578660104681546550e-02
1.651164676732520126e-02
1.722190063066932758e-02
1.858899122076590818e-02
1.847624158157575719e-02
1.620139378537216110e-02
1.682212601082646794e-02
1.754784682427600745e-02
1.654541969351234348e-02
1.719227405293013294e-02
1.615123360138355502e-02
1.757527662510948233e-02
1.796026424115270900e-02
1.707583902646002752e-02
1.680301735322228818e-02
1.660004136962918431e-02
1.623601505704746692e-02
1.538644349459144557e-02
1.758951651469335686e-02
1.637643479229603655e-02
1.637862859644578090e-02
1.541445586389830064e-02
1.667374175620187429e-02
1.720118962778245317e-02
1.589479936443180530e-02
1.609809384954236089e-02
1.615658315053244976e-02
1.642511744134097715e-02
1.637323041032641077e-02
1.681274871688510919e-02
1.730548958488853720e-02
1.653132126778763741e-02
1.631682386574547644e-02
1.731374684108037687e-02
1.669165518917960223e-02
1.773724440042250688e-02
1.629095855373818499e-02
1.725079359130650067e-02
1.833486114432008457e-02
1.567270561894429717e-02
1.593929255969646352e-02
1.603219150369503132e-02
1.655101737127595909e-02
1.711471860234506717e-02
1.704015085564696691e-02
1.753011761480320618e-02
1.591080239991657028e-02
1.706948484471996347e-02
1.698328323283774047e-02
1.612778446478274272e-02
1.667020489605595610e-02
1.666798043175563362e-02
1.744681685434595203e-02
1.723203732232798935e-02
1.661134004500292027e-02
1.648974638598503517e-02
1.450275033708420432e-02
1.635232792059132523e-02
1.766174132553626971e-02
1.684135666909301540e-02
1.581271653575897634e-02
1.588884310852102175e-02
1.561543919621213167e-02
1.619262494548429424e-02
1.704433979904595303e-02
1.690026298822803336e-02
1.659304760932544393e-02
1.637916207763439116e-02
1.731424370847291574e-02
1.633699111956310457e-02
1.728627351491758557e-02
1.710872896435841270e-02
1.750238433739505564e-02
1.620198887987142275e-02
1.644330213044081779e-02
1.698567782941561369e-02
1.656556015586078956e-02
1.628892651249718229e-02
1.726086086963458943e-02
1.597446552220209426e-02
1.605264200666752308e-02
1.742343052167246581e-02
1.601217996227325205e-02
1.645871348214880334e-02
1.623205132653991745e-02
1.685486906039670302e-02
1.589088017712207701e-02
1.602634350939350846e-02
1.669978181615509871e-02
1.752108760099278795e-02
1.733999757629089630e-02
1.676463821537802282e-02
1.606343856218859709e-02
1.627858137630019617e-02
1.677087526126674541e-02
1.649415290213164520e-02
1.682923478091692682e-02
1.695560887439684708e-02
1.621197948613228162e-02
1.723641556599241065e-02
1.514190076993799337e-02
1.717790301995958738e-02
1.626812506041763404e-02
1.689527126379284858e-02
1.691956565539739707e-02
1.522043841310612676e-02
1.728247025970838444e-02
1.641079458876798514e-02
1.566212910995232188e-02
1.610523615573011477e-02
1.664964333307579133e-02
1.694405576587364529e-02
1.530355826199731629e-02
1.697338055428013887e-02
1.717840671934089264e-02
1.638992698063048564e-02
1.636631263113513465e-02
1.718735722311057201e-02
1.723225993075638146e-02
1.591900982607906412e-02
1.611535536115622086e-02
1.667475833039742256e-02
1.625636821413593489e-02
1.598821034357501142e-02
1.683374585766135578e-02
1.667804957409467839e-02
1.672543719633902415e-02
1.658746821693106790e-02
1.717308645276958631e-02
1.722159833847476673e-02
1.740835286686778435e-02
1.720518578497509665e-02
1.725520746003523717e-02
1.726692916778437698e-02
1.574290110840500384e-02
1.613182409648332080e-02
1.604725972427276451e-02
1.796886530107025606e-02
1.699804642748005065e-02
1.630887584131357829e-02
1.701428900262679650e-02
1.611747512204526889e-02
1.682228058222974207e-02
1.647569821611537255e-02
1.638706524741219417e-02
1.644026724270846937e-02
1.564877593897097754e-02
1.688380872027354929e-02
1.689154707691750343e-02
1.615301575892693839e-02
1.704243253080809511e-02
1.575184516838101789e-02
1.705130198784724979e-02
1.669673414011255477e-02
1.604166557185290887e-02
1.698669270173881751e-02
1.640255604805821235e-02
1.649458162825552868e-02
1.659415669799510148e-02
1.649811148161339780e-02
1.648805355705465492e-02
1.562289163964896387e-02
1.590507147284035347e-02
1.685807283743913712e-02
1.660741215031638282e-02
1.698562782350172135e-02
1.639119346091544305e-02
1.700879098667956724e-02
1.672109403327680377e-02
1.637559565974348874e-02
1.680047395370023317e-02
1.639099012678049694e-02
1.641568153755571663e-02
1.761348893712384039e-02
1.678590230113755424e-02
1.707594716311085226e-02
1.698317736013027143e-02
1.688719013100532795e-02
1.766833836010427844e-02
1.610456828892636513e-02
1.580121052258272665e-02
1.703867269104544779e-02
1.567921131419193134e-02
1.672366090742013686e-02
1.603035460285496400e-02
1.687070199724727618e-02
1.721190680410806736e-02
1.782022462654802436e-02
1.637633873796741010e-02
1.709582443176239225e-02
1.692681559494012972e-02
1.685643494875009585e-02
1.766780380106231299e-02
1.725324555489965786e-02
1.662693359638915680e-02
1.697790414582593665e-02
1.684834325800213875e-02
1.657747569399243073e-02
1.785822800115693249e-02
1.613683424701501876e-02
1.724211912998269494e-02
1.814742150384728026e-02
1.785780294023639816e-02
1.610729725156764477e-02
1.902998287000861113e-02
1.868223605887940272e-02
2.012292308820013559e-02
2.057617377881627158e-02
