3.432079615954036456e+01
1.184958231918758287e+02
2.361638245630400945e+02
2.431801387953716471e+02
1.676381007928151519e+02
1.129493030096720787e+02
6.006547036330962896e+01
4.756384153525016956e+01
2.957345662224757987e+01
5.733553377674773088e+01
2.152049321466224185e+01
3.979515345479266131e+01
2.626101408344612409e+01
2.900863269830489699e+01
2.057048895665602117e+01
3.019581625949120962e+01
1.637493516878125988e+01
2.237708788181431530e+01
7.173216579780799407e+00
1.014669143219794734e+01
6.889408613301850615e+00
1.141760542649092436e+01
8.594183543972304662e+00
6.145173971205029950e+00
9.614091484702251833e+00
9.641384910418711485e+00
8.408627764156694440e+00
9.349812790784085337e+00
7.776101951974466964e+00
6.950782093489986657e+00
1.017142692508970647e+01
6.092916261764197650e+00
6.591728191658662972e+00
3.802974561062931080e+00
5.277176778191802420e+00
6.117321220018271610e+00
5.108202111135475398e+00
6.063911030994276530e+00
6.359528150085175469e+00
4.893407764595574250e+00
5.231983935499277649e+00
5.641807247609909481e+00
4.756847757702290735e+00
3.528622819619749773e+00
3.099706116077773022e+00
5.049133628994380452e+00
2.122106995344052560e+00
4.502910191831027475e+00
4.605560298147473475e+00
2.662226224419693033e+00
3.998788833175938695e+00
2.646341331434748145e+00
2.590153743448384560e+00
3.050899560142611211e+00
3.215189867031912119e+00
2.809419810774707482e+00
3.040705640888021755e+00
2.602698587050184642e+00
3.395176449895768833e+00
2.667328896833775609e+00
3.253045441121507952e+00
1.820688198791668988e+00
2.003387482437844369e+00
2.909434076151625526e+00
2.154728326038593877e+00
2.352992397760617749e+00
2.384900883214452261e+00
2.800586289419607411e+00
1.934021148182705874e+00
2.117274879595716364e+00
1.539915345393960466e+00
2.893375105783283718e+00
2.414244815253746346e+00
2.088781959191529758e+00
1.677299061685473047e+00
1.582608177409633221e+00
1.580111489896533827e+00
1.509970420211479869e+00
2.010520112356773303e+00
1.917457254947698919e+00
2.329979549919044324e+00
1.815815400803455715e+00
1.234404245702697800e+00
1.662992831481592271e+00
1.937702506506154831e+00
1.598725388855840812e+00
1.272544372328278328e+00
2.179817432395098287e+00
1.407791474727942749e+00
1.550094613417688505e+00
1.504235758492554087e+00
1.677570551117757658e+00
1.377084834544095582e+00
1.206043177842658354e+00
1.242181543039416303e+00
1.376286041916022551e+00
1.122989894105153486e+00
1.659559288968764923e+00
1.597302189018149576e+00
1.247938700869255513e+00
1.313926431392435701e+00
1.208800193086632335e+00
1.421179225431211668e+00
9.832959092716568872e-01
1.111022023201725828e+00
1.405268768121400225e+00
1.604148330782042331e+00
1.149755712060252399e+00
1.391292057856202913e+00
1.010937237007270673e+00
1.222972464033319051e+00
9.992484972832681445e-01
8.141544887340602665e-01
1.126027183125698716e+00
1.384510152473531486e+00
1.565502616560920712e+00
1.412115028103732461e+00
1.123248365792511638e+00
8.646552692057717371e-01
1.372626346833423661e+00
1.009763338947693878e+00
1.255798637260884698e+00
9.069317196280536342e-01
9.092790322337788167e-01
1.075437022782724794e+00
9.400125572416783148e-01
1.006087923228160097e+00
7.949033993635056250e-01
1.081564281041326847e+00
8.846477864779873634e-01
7.305286894081527427e-01
9.563932760848281589e-01
9.258757311858440975e-01
1.007754427542288722e+00
1.172395984275906633e+00
7.646872696588388196e-01
1.017591542555252637e+00
1.041015316416379788e+00
8.189316994585321696e-01
9.729858821172143735e-01
9.899264800057221425e-01
8.977717000525741176e-01
8.080299956451529875e-01
9.132619707872816628e-01
7.598081889970320635e-01
7.736370234107845523e-01
7.434502544325725104e-01
7.411425140040143189e-01
8.242346989316207129e-01
6.591721195681815582e-01
7.594652508639685440e-01
8.600824355998066828e-01
7.085703867348422946e-01
8.934732916420359272e-01
6.959073257458604500e-01
6.637004493639173663e-01
8.408251784877355250e-01
7.947131688546342776e-01
7.606228185194656710e-01
6.736434339110729530e-01
6.539252826576550381e-01
6.281243955985832406e-01
7.319218222032057852e-01
6.734995679208425345e-01
7.247642900445661063e-01
7.461398234477840674e-01
7.064957670464583339e-01
5.564413466567892375e-01
5.520935575011665097e-01
5.794203081535475031e-01
5.896274904212605028e-01
6.072443215475518130e-01
5.881869768701962764e-01
5.845652484283377914e-01
6.331355497280500844e-01
5.328901163467369972e-01
5.000523721403647981e-01
6.981252052945868813e-01
5.268286790735801084e-01
4.095263476903985844e-01
5.115038459912091273e-01
4.906715334666469364e-01
5.448102832806916984e-01
6.107580854847466378e-01
5.660462629001375978e-01
4.567340799125932937e-01
5.584913535634339343e-01
5.607569227900404130e-01
5.746668685629705564e-01
4.951331460560213227e-01
5.305103770111170292e-01
5.362199037593522455e-01
4.923019626188199216e-01
3.520443907977632847e-01
4.359062109983835032e-01
4.333701662747734829e-01
4.612719081647776442e-01
3.871762335858152104e-01
3.987853638158984637e-01
3.754372721899617571e-01
4.152487222606850437e-01
4.424069092557751937e-01
4.585800480570708104e-01
4.213715155143137325e-01
4.058440907532985253e-01
3.237595923325936598e-01
3.698485976840429901e-01
3.097231130652906006e-01
3.656665898223661615e-01
3.774952033301953724e-01
3.703955275582777595e-01
4.310849574821730146e-01
3.285847445079114748e-01
3.887978676959927826e-01
3.571781494244787303e-01
3.389796187156696727e-01
3.608117538411396708e-01
3.083976460953891663e-01
3.219654578780307141e-01
3.626294503701783523e-01
3.279102806886188826e-01
2.995488625443207265e-01
3.434619194316441693e-01
2.868649385877080071e-01
2.976322316055154960e-01
3.217625002428762815e-01
2.284440870200056539e-01
2.583925607640498723e-01
2.574711951619886308e-01
2.817483085999950010e-01
2.969466581549225492e-01
2.862957607291101159e-01
2.027152066890920978e-01
2.839389217298585177e-01
2.992414071999262015e-01
2.292856630286420061e-01
2.606953133916190546e-01
2.399701213539775502e-01
2.603898097622375229e-01
2.337325214124797990e-01
2.292429381699952473e-01
2.404093213143222996e-01
1.920363537542087440e-01
2.164420558123731353e-01
2.036313043348113028e-01
2.258422101804383741e-01
2.141545972298919687e-01
1.685091371896114965e-01
1.987419068134957945e-01
1.771161077873174006e-01
1.930436478234842101e-01
1.695046025660696953e-01
1.770208332270727380e-01
2.087510984004724290e-01
1.915081659949434134e-01
1.745833867698035891e-01
1.824548396524097171e-01
1.574382774819068076e-01
1.672481501991575914e-01
1.608963673279647233e-01
1.778320439688786392e-01
1.765055340453278165e-01
1.587599614576985230e-01
1.281530134222688688e-01
1.566589498445208062e-01
1.349978645859415960e-01
1.536277529704672129e-01
1.394424401285629667e-01
1.304783761493391869e-01
1.330967600725864175e-01
1.508635995287429532e-01
1.289133710104107544e-01
1.339816267796128668e-01
1.055529077039810970e-01
9.587231998595947824e-02
1.150983277437929997e-01
1.163721290423501697e-01
1.241648127019863573e-01
1.105872959347520834e-01
1.037307656735335093e-01
1.162422508011847488e-01
1.219903566178620613e-01
9.832906670713352504e-02
9.204500258893619224e-02
9.499229392747393641e-02
9.217102700366952561e-02
9.006950348075996871e-02
9.917198281582241537e-02
9.273142948496695959e-02
7.686078752117785073e-02
9.973385843300140718e-02
9.495980357820654749e-02
8.497924215123819902e-02
9.872438565180849390e-02
8.994809105661215332e-02
7.585560130023880077e-02
8.735836286856037136e-02
8.233196861542133038e-02
8.899723151216799855e-02
6.486982639076112334e-02
7.439864666064606447e-02
6.369358271018185635e-02
7.353097942068138881e-02
7.970252388277622446e-02
6.583635428494764852e-02
6.345499842081947506e-02
6.559757928903718616e-02
6.911611665785451220e-02
6.455746713901697187e-02
6.327774019185485044e-02
5.437144371042772206e-02
5.645572511209288880e-02
5.523295263104736202e-02
6.112329837920786602e-02
6.540873773264553603e-02
5.554538724487349116e-02
4.838589142204576671e-02
5.477873784260061524e-02
6.507158816537668422e-02
4.444798679916911466e-02
5.783208629411507734e-02
4.737993646694555611e-02
4.739065390301484132e-02
5.172090746885968371e-02
5.121620708680565959e-02
4.513082662103980180e-02
5.785983571142636755e-02
4.766904457400238798e-02
4.042711248540968583e-02
5.071286085043047454e-02
4.390298511789039737e-02
3.973704524427905393e-02
3.541770839375806695e-02
3.505853099292686320e-02
4.349964362645809129e-02
3.955224017731037711e-02
4.482123451035757711e-02
4.104730595893953810e-02
3.621683820605092752e-02
3.844310005962072591e-02
3.740833974784687349e-02
3.282287850048793559e-02
3.564432622690386077e-02
3.443178248136239544e-02
3.599142612816633169e-02
3.209966222719965595e-02
3.153699683701041701e-02
3.335953147886960152e-02
3.197799571670001395e-02
3.150486723253199950e-02
2.900613519036441407e-02
3.099757692148226787e-02
3.606294813709517294e-02
3.016381529105438553e-02
2.498076883320514419e-02
2.822859303968580993e-02
2.616043769189825216e-02
3.137230680566229640e-02
2.544901784494907684e-02
2.779460541562260231e-02
2.849789623920849155e-02
2.683910732220488871e-02
2.892121115028668116e-02
2.389211470743514421e-02
2.449864417533753266e-02
2.210784427714597433e-02
2.599554380542781068e-02
2.729242511862852230e-02
2.502801437280519070e-02
2.818207559388922340e-02
2.677921743946066330e-02
2.512976870619077971e-02
2.171372299058202046e-02
2.295262516046228662e-02
2.413670058297275392e-02
2.164212929426657592e-02
2.156341295482617701e-02
2.180675859684724424e-02
2.068564951722847919e-02
2.351943071755671633e-02
2.436514718502603288e-02
2.416847259214948904e-02
1.890099337993285042e-02
2.026688208741793049e-02
2.158826433128424593e-02
2.116608299674353072e-02
2.164190784579620580e-02
2.520094146084452674e-02
2.236004974615586269e-02
2.196402298419031576e-02
1.923794419756228932e-02
2.173085952421333761e-02
2.420972592380219585e-02
2.119530513590766121e-02
1.828830867308478894e-02
1.918816544403900703e-02
2.100439651854181869e-02
1.886991107433397957e-02
2.128374432794272880e-02
2.104380385051509914e-02
1.800832616647539408e-02
2.044881077637018471e-02
2.292190292882378272e-02
1.630747070110844313e-02
1.992155624608363956e-02
1.699479489168768606e-02
1.846464810851139796e-02
2.014278627246796419e-02
1.920409352411308473e-02
2.029967085995890846e-02
1.599643648301649415e-02
1.916448546363235320e-02
1.727893740624356078e-02
1.866486777065523225e-02
1.665888059796132026e-02
1.896910921700917241e-02
1.820172826982779934e-02
1.962653195037606518e-02
1.790536301963064833e-02
1.717531704161246939e-02
1.470937689826504711e-02
1.836476212337011596e-02
1.945145202495588907e-02
1.562366197909575462e-02
1.889722447854402104e-02
1.583284112919851674e-02
1.776157018539019361e-02
1.897434825197134509e-02
1.781718198114951718e-02
1.628950810890041068e-02
1.690410353280237532e-02
1.676743960127268299e-02
1.728897144815525269e-02
1.603628092141925685e-02
1.624010942638193580e-02
1.710111965544535220e-02
1.758755203117909338e-02
1.626700733337547652e-02
1.633500504696300953e-02
1.883257540496885429e-02
1.657680306313609811e-02
1.790727030238223674e-02
1.618051203491712234e-02
1.319719696534298568e-02
1.517971942987784116e-02
1.648290929204591568e-02
1.531783660924458668e-02
1.652639331236444714e-02
1.583791530753047433e-02
1.415626788909272842e-02
1.505389646309365781e-02
1.790410179829923787e-02
1.648019388343732045e-02
1.696603463689949978e-02
1.878720538648613603e-02
1.612304376816656865e-02
1.707450921570360935e-02
1.559140771228799058e-02
1.634278111625874289e-02
1.670541178538156174e-02
1.433262569324159248e-02
1.389569275644908508e-02
1.827140542413382626e-02
1.608912782362382360e-02
1.632327311267295356e-02
1.557292980417114905e-02
1.478436324794809957e-02
1.702216431824249768e-02
1.468867591365519316e-02
1.707836195414697694e-02
1.527487246158434724e-02
1.452285436072693788e-02
1.364190156555120798e-02
1.648470428840541693e-02
1.546162359311791835e-02
1.523784914484238411e-02
1.608655087921720753e-02
1.577663787535429560e-02
1.394877665414771123e-02
1.528791665963590701e-02
1.369497581718966649e-02
1.436720608519453067e-02
1.589547580195857512e-02
1.536873114219692790e-02
1.479599334245108345e-02
1.513219079824183050e-02
1.465576236622548843e-02
1.605209230933024589e-02
1.468507202564011890e-02
1.779456702985039371e-02
1.539721994053734090e-02
1.679928247567619506e-02
1.379482200975330579e-02
1.581258644423587031e-02
1.539071735876717563e-02
1.560137352862984994e-02
1.436294512496228380e-02
1.470370869471728653e-02
1.339212496686377832e-02
1.663043313239087606e-02
1.285503865575665129e-02
1.645325643398935431e-02
1.482362353089763767e-02
1.427071743944402331e-02
1.397076935713326661e-02
1.452784538400206903e-02
1.594684906425342108e-02
1.349504071284540058e-02
1.332840572080271416e-02
1.556606494878534815e-02
1.687439182025033887e-02
1.439564413757771222e-02
1.321492902220221775e-02
1.362834810113642756e-02
1.538349867063956190e-02
1.236294938400204699e-02
1.499915480759437571e-02
1.509822641229933114e-02
1.520767561055168943e-02
1.620161530297829083e-02
1.343514758351945296e-02
1.466018154736790056e-02
1.587603555779990711e-02
1.368426232434519565e-02
1.360172353220689967e-02
1.453988009120232849e-02
1.507144538138532018e-02
1.544884613086656283e-02
1.335565238699978549e-02
1.488911308123269661e-02
1.320448135811177690e-02
1.349222637265176661e-02
1.353812916921352805e-02
1.358162402379958084e-02
1.458118480093224291e-02
1.468040465564346246e-02
1.355131997027755712e-02
1.307440609493972644e-02
1.363480202652948836e-02
1.399042942301202859e-02
1.388136706711351129e-02
1.213661094296058715e-02
1.297394566696541060e-02
1.333480889751448815e-02
1.352916862065102130e-02
1.377346128538984617e-02
1.607791198029378046e-02
1.246833110321858562e-02
1.244607649580349584e-02
1.445828247214370199e-02
1.329066518086038234e-02
1.400710729150811407e-02
1.430642513057818997e-02
1.265281314236618194e-02
1.433964719451835679e-02
1.290312756124878044e-02
1.350934709490561950e-02
1.471798237638917428e-02
1.453233507628217368e-02
1.430216075918691945e-02
1.154901352897838573e-02
1.538449761871753425e-02
1.295114482995810695e-02
1.451468703880787539e-02
1.351992943460763978e-02
1.266197652834525657e-02
1.352247387424953401e-02
1.434000054107507395e-02
1.205950479214713475e-02
1.222808755498564978e-02
1.330261301400905739e-02
1.476827120975876539e-02
1.351771802500676203e-02
1.427314010326376746e-02
1.386350360732772902e-02
1.172472746829186091e-02
1.225782016647321282e-02
1.434685559375779330e-02
1.282346541879003134e-02
1.230189245769057992e-02
1.186181094948589136e-02
1.250956359513584124e-02
1.453975938434735708e-02
1.267264327906529250e-02
1.327961604378981308e-02
1.430747163603671851e-02
1.284070002102888006e-02
1.329562481647122464e-02
1.182897992769629640e-02
1.387348029438545231e-02
1.240639450358485725e-02
1.452023639561025349e-02
1.351191323930936612e-02
1.358854508572429620e-02
1.387058078506471503e-02
1.351344831361429161e-02
1.263834411827531416e-02
1.319828638112688877e-02
1.436146607394306503e-02
1.333071884870916206e-02
1.264693024817382244e-02
1.463951198822800726e-02
1.310319187523101975e-02
1.222551698796155682e-02
1.230612877212420436e-02
1.142089706170150085e-02
1.351711086408654595e-02
1.296578439147356467e-02
1.235001399492574418e-02
1.382377501826621835e-02
1.135410876201151630e-02
1.318188551329808542e-02
1.392430993206354543e-02
1.225609960520066682e-02
1.302622542560594003e-02
1.168613374363494488e-02
1.255146962829220558e-02
1.350657645224305654e-02
1.296589558091231463e-02
1.343210614913850111e-02
1.329480762701421709e-02
1.223164141499553763e-02
1.317673760268717881e-02
1.286360600680865399e-02
1.299148581826492684e-02
1.228987488250534582e-02
1.243086490433039509e-02
1.169593089298097237e-02
1.322601311119032085e-02
1.263406595139673211e-02
1.158026372980073583e-02
1.386541719108824906e-02
1.433190856102783094e-02
1.231193075097123009e-02
1.335274358875079836e-02
1.186151489096047042e-02
1.223937905457223897e-02
1.249943371812844463e-02
1.286752326266056741e-02
1.247464331779324018e-02
1.219451561309681416e-02
1.319173291355137806e-02
1.301831637606566325e-02
1.227087443010064192e-02
1.215792432908208848e-02
1.186435880273213617e-02
1.198444837897136295e-02
1.256162704181841908e-02
1.271214835685762976e-02
1.396778131932751264e-02
1.195681349764504860e-02
1.371367022490019814e-02
1.071203588148395870e-02
1.298313548481422330e-02
1.299742020910930537e-02
1.339957664450453466e-02
1.366458983239275844e-02
1.250463630061471321e-02
1.341975350841685850e-02
1.191679584873402836e-02
1.209047715268017804e-02
1.429437833265432244e-02
1.269439388414457526e-02
1.300223968538073704e-02
1.217988081371166632e-02
1.265539058074164301e-02
1.264681160129393044e-02
1.231993321029193830e-02
1.450444250489569750e-02
1.392619477442857620e-02
1.145052212204130011e-02
1.370314827836231764e-02
1.305781612209791498e-02
1.313392234642620816e-02
1.302480493144187769e-02
1.277056132719007683e-02
1.334653581182455341e-02
1.213225096897161716e-02
1.183631038964186311e-02
1.267855567228110339e-02
1.283283092019770442e-02
1.167218601548583069e-02
1.153741771031854650e-02
1.274273397563380206e-02
1.292283811380725081e-02
1.315545230576330507e-02
1.312529912167366419e-02
1.207477205762087433e-02
1.210031494090832958e-02
1.204387030236813566e-02
1.209648080657558730e-02
1.422601058738280980e-02
1.326661659458272871e-02
1.169626486589308428e-02
1.275832761729334131e-02
1.140841925540225961e-02
1.320507220583311964e-02
1.291953873413534404e-02
1.287605937825976772e-02
1.295374103858628299e-02
1.259048576029073857e-02
1.252570725200615430e-02
1.317955364981998091e-02
1.242458676086641983e-02
1.276738796195037336e-02
1.116570746533470174e-02
1.354282776013066882e-02
1.148065031646594396e-02
1.197176201691579206e-02
1.263930928205134023e-02
1.274822946051328010e-02
1.252777462563822025e-02
1.233710383960686177e-02
1.315481630359143991e-02
1.237047261118162308e-02
1.078658819756333521e-02
1.340238628705599407e-02
1.242009488941719919e-02
1.370886547965170441e-02
1.224614128527117506e-02
1.269109527365528539e-02
1.275478718268390974e-02
1.177791185378441671e-02
1.300680757869506626e-02
1.230831127857143041e-02
1.260414426596131836e-02
1.346784832502957892e-02
1.139964524501423798e-02
1.259081048257246552e-02
1.154956747732210041e-02
1.188102098656398584e-02
1.303285494688202241e-02
1.186525503859618691e-02
1.204331954294682316e-02
1.263252846474802529e-02
1.249505817117276332e-02
1.352554723755521916e-02
1.283495907616431266e-02
1.430275993511457601e-02
1.270219055322176563e-02
1.317820329193121476e-02
1.335041883785221747e-02
1.217453698327778007e-02
1.251647107409124826e-02
1.416987640725444336e-02
1.250508720727115317e-02
1.330777389189631739e-02
1.218001216751659482e-02
1.336812357731300034e-02
1.102062268961639252e-02
1.216358855645983256e-02
1.328919493858822000e-02
1.358688740495530949e-02
1.313929053160222370e-02
1.238219390182210798e-02
1.110214671806831338e-02
1.252333516602566373e-02
1.307768171235562833e-02
1.301594652803045836e-02
1.140738996313936555e-02
1.183013255936644567e-02
1.270742926067211509e-02
1.187852554323545751e-02
1.229798989083776516e-02
1.277446653751723206e-02
1.175752258729300878e-02
1.389249511352907973e-02
1.091898685277556749e-02
1.286902069168199651e-02
1.245414826921366520e-02
1.231562945608067131e-02
1.209292186142500204e-02
1.282521722746386011e-02
1.412580687163982746e-02
1.251171884376980903e-02
1.144189818505715953e-02
1.352735130916016791e-02
1.225731209453011401e-02
1.254152705610967790e-02
1.195211196162988473e-02
1.251423729706424397e-02
1.333699519874602391e-02
1.292416019122858903e-02
1.229800015029916191e-02
1.253730931729396710e-02
1.271696984471705309e-02
1.308868391688898687e-02
1.272340096933141478e-02
1.329165700866322825e-02
1.257642990704586558e-02
1.063292900184044897e-02
1.283619617792845606e-02
1.234039870988925744e-02
1.171743806726176229e-02
1.205749156518108427e-02
1.324293424828556533e-02
1.321649240005920434e-02
1.160784233761117702e-02
1.312881468633216898e-02
1.322479026114103257e-02
1.276798000924112865e-02
1.300235931104380509e-02
1.119362229898786948e-02
1.475085191276377661e-02
1.112949198580440169e-02
1.168915082098168773e-02
1.281690312032687101e-02
1.260695073310256001e-02
1.225289337904342593e-02
1.294401676920426021e-02
1.254780197218760031e-02
1.243954054938162419e-02
1.283028123521704790e-02
1.303139083169393975e-02
1.153615966426422591e-02
1.304242156281619838e-02
1.232621073006413479e-02
1.071631231326905867e-02
1.268310726893732282e-02
1.278482272686293567e-02
1.370209041246153898e-02
1.245880123639671495e-02
1.107282184663404591e-02
1.396306795414283333e-02
1.164952869492792351e-02
1.187528274224596350e-02
1.354276203749088005e-02
1.033658460105821471e-02
1.353699732835876579e-02
1.196423150191564845e-02
1.201142133284276506e-02
1.260295013079476729e-02
1.290427734131836465e-02
1.319861093936739241e-02
1.218618498551098280e-02
1.234697012028744718e-02
1.288148532436270144e-02
1.319310805584227725e-02
1.281320105040861454e-02
1.146192000267155960e-02
1.310047403089948520e-02
1.180474362057090838e-02
1.240218486283480720e-02
1.284837281460549790e-02
1.270903369343784339e-02
1.263420848249569711e-02
1.298223677484166248e-02
1.291880839661084870e-02
1.248142828562371839e-02
1.269754120623405556e-02
1.271847022747292326e-02
1.298646987665245250e-02
1.192147539257422222e-02
1.289885747251202745e-02
1.068602682123122490e-02
1.314318898369431533e-02
1.335409112910785831e-02
1.161838408729426279e-02
1.317340554197210523e-02
1.146094732607871869e-02
1.376448039850597209e-02
1.150065114372573680e-02
1.267329840892402089e-02
1.284923565482640716e-02
1.245513013076022558e-02
1.177189468660033191e-02
1.284339436841090351e-02
1.250583278439646069e-02
1.186346926222598026e-02
1.243267709723587175e-02
1.266482091721803788e-02
1.208234620737395210e-02
1.253162996879337958e-02
1.317090138539855210e-02
1.312682985680819515e-02
1.338024479787083484e-02
1.300963401683944039e-02
1.173290666834575849e-02
1.250589158379792828e-02
1.279790259161916674e-02
1.231307394763426696e-02
1.271043357163187566e-02
1.304082238893448757e-02
1.309357588820531972e-02
1.211580332578039536e-02
1.258816505092979175e-02
1.263842621560882194e-02
1.192550986026316706e-02
1.391326152402118203e-02
1.251625049823482626e-02
1.239484683298686281e-02
1.282136831544378013e-02
1.177878474025126181e-02
1.282834765375383268e-02
1.202290459242711003e-02
1.203247304637922871e-02
1.351627993484299725e-02
1.223853890302886195e-02
1.195394833174276590e-02
1.255741583288085862e-02
1.303755291387768446e-02
1.234363127941931829e-02
1.315695576874247388e-02
1.445313345431970507e-02
1.249945165665216316e-02
1.190461001230432199e-02
1.150336680220268720e-02
1.254582931072496799e-02
1.286707203100504598e-02
1.215767432855183183e-02
1.275248677910505168e-02
1.194202246726307030e-02
1.314977667294421441e-02
1.357992683931565428e-02
1.253417504553831427e-02
1.306152024783708426e-02
1.182195180684720258e-02
1.220972354846617224e-02
1.157437262223239005e-02
1.226705653530024004e-02
1.285765064414417375e-02
1.204963216484649866e-02
1.267075375142082301e-02
1.269770745964274652e-02
1.176878203790456164e-02
1.315363622730387864e-02
1.171247568307207457e-02
1.180900107886705477e-02
1.324135113118872151e-02
1.333252777219445101e-02
1.216838011724522516e-02
1.259877819736796890e-02
1.331798865166592370e-02
1.312739259360954161e-02
1.172652681823831144e-02
1.213082551691213075e-02
1.144930490878686390e-02
1.233372128462420850e-02
1.276997452616261859e-02
1.259481994409499157e-02
1.274850150834596664e-02
1.246982913890957133e-02
1.319715377078228141e-02
1.307230544780227204e-02
1.094917795319796418e-02
1.173435121497007350e-02
1.294963966713335440e-02
1.269465415221074887e-02
1.229495095210763646e-02
1.190790503464001122e-02
1.324307821513465329e-02
1.269281084078363250e-02
1.202723360250977300e-02
1.365930624542453786e-02
1.264758448196602776e-02
1.233121314962548620e-02
1.293525285681627890e-02
1.245202960622933570e-02
1.320267752157225014e-02
1.182746079532233201e-02
1.354691942420542354e-02
1.253900631777950941e-02
1.282114104861213459e-02
1.249639598649853085e-02
1.300897405003311261e-02
1.286013979323929156e-02
1.163023033342747668e-02
1.266620785268847416e-02
1.307285435735356868e-02
1.310373244053899405e-02
1.196012059604951300e-02
1.230399586188920050e-02
1.352913842560504731e-02
1.379145883550773020e-02
1.296211172556282175e-02
1.308046431122372906e-02
1.224590761385012036e-02
1.288172545710487317e-02
1.200712352887020086e-02
1.228392805287021640e-02
1.258994296461591993e-02
1.240051441485887258e-02
1.127871236537528014e-02
1.290570705410257028e-02
1.147669789589328936e-02
1.138532646496781889e-02
1.267241093773831956e-02
1.263107385764334310e-02
1.187983387220378252e-02
1.199281670537812212e-02
1.279598941298274589e-02
1.264897408404626507e-02
1.150612335830150483e-02
1.261630818374789853e-02
1.198063663473916164e-02
1.251440356615156173e-02
1.223303263326722470e-02
1.221343326662665228e-02
1.254410852655057397e-02
1.290430149906537059e-02
1.278873345604884283e-02
1.360703186630674542e-02
1.120200921585900143e-02
1.237412595669668165e-02
1.177997560820501916e-02
1.326685361898819956e-02
1.177890356360783604e-02
1.168996645341887491e-02
1.320181402336235467e-02
1.220328023027540676e-02
1.202747260010212337e-02
1.144049489357926511e-02
1.191789559473143204e-02
1.284902774335606838e-02
1.262630864748173938e-02
1.242949000375025495e-02
1.270426108736510788e-02
1.319020182247237181e-02
1.265534355375636140e-02
1.233331256057905445e-02
1.293615538353837940e-02
1.215711301353758142e-02
1.346381167526023749e-02
1.210340210407814462e-02
1.240330744676910492e-02
1.168123691362968168e-02
1.235651744281430001e-02
1.165537395023574438e-02
1.176128506316337884e-02
1.250046595148744666e-02
1.199341289236109664e-02
1.218743179082754091e-02
1.327231420690823567e-02
1.203824073964935432e-02
1.216345488308868440e-02
1.248220677645410850e-02
1.212736685809669666e-02
1.196713696516806501e-02
1.378746628142933292e-02
1.185103304921446450e-02
1.289718467822508277e-02
1.266785506161032838e-02
1.233379690996335744e-02
1.265533366984212746e-02
1.188586329204298353e-02
1.258559145120255289e-02
1.271406457501190850e-02
1.270506407289389086e-02
1.287237638389430137e-02
1.249983905762248361e-02
1.280987043757622103e-02
1.202353313014906978e-02
1.240385516799732794e-02
1.324573182049237387e-02
1.174796044052247961e-02
1.147571850928432585e-02
1.256328932223278738e-02
1.203231649573647394e-02
1.202262155086816428e-02
1.244537719326749628e-02
1.271193976075585090e-02
1.167415579517564264e-02
1.254068650292100746e-02
1.351915451536245087e-02
1.294668366965157774e-02
1.238013855638862501e-02
1.207214907655783376e-02
1.346910656892391818e-02
1.221321053189622710e-02
1.199696234413237701e-02
1.268016222054482722e-02
1.323798379324444587e-02
1.200381303049118456e-02
1.317177237012986772e-02
1.164234251576008218e-02
1.264620427676011426e-02
1.278358618733533604e-02
1.313604094750349047e-02
1.199677065333448409e-02
1.201563363284514560e-02
1.190676924590091876e-02
1.239375037451547444e-02
1.215658035799140578e-02
1.198363705234362780e-02
1.172135792527334401e-02
1.299478361743919112e-02
1.201594579805337695e-02
1.230079570750073834e-02
1.303279227830131913e-02
1.254015676842105270e-02
1.353228688504358110e-02
1.289111935090903049e-02
1.292746224420465544e-02
1.213738366925420052e-02
1.300120898771362291e-02
1.256710410942796750e-02
1.262365253554524787e-02
1.310316738135108502e-02
1.217568301671261531e-02
1.230532883184862723e-02
1.281720989810049283e-02
1.283459855024073754e-02
1.131602070940227779e-02
1.302412665646475107e-02
1.303224651190483356e-02
1.288101433572096458e-02
1.269743614114009211e-02
1.307458256410696899e-02
1.274657328503580808e-02
1.203391966334231913e-02
1.320884142905617842e-02
1.205110699710233886e-02
1.259909707383109756e-02
1.250603993594258563e-02
1.216162871350595642e-02
1.337647481268656666e-02
1.143445868426951409e-02
1.237520606702056068e-02
1.240254846181845783e-02
1.261393988526611151e-02
1.265674666974522973e-02
1.168507359993175079e-02
1.284406345388498447e-02
1.311801192382844143e-02
1.101031661602210922e-02
1.221355155467758122e-02
1.159944601442405507e-02
1.227770750200935304e-02
1.218968954587398498e-02
1.208659611417000658e-02
1.262638010143715510e-02
1.283595478792238023e-02
1.257631811507800394e-02
1.215275757319341302e-02
1.266301789335152334e-02
1.284726964813803600e-02
1.159246781761594236e-02
1.119866784599895214e-02
1.247399332210128234e-02
1.190857443802066130e-02
1.364851546090442569e-02
1.097813878225862953e-02
1.320016146047713231e-02
1.147261906447937310e-02
1.218788226966389422e-02
1.230181884736434271e-02
1.103865108809666887e-02
1.316811507202808075e-02
1.241061223675505275e-02
1.226990243558491456e-02
1.244218541935377710e-02
1.152915118860329061e-02
1.295389359559977714e-02
1.209337820683587666e-02
1.161067469572436145e-02
1.255577366960030500e-02
1.187633562253432619e-02
1.241660827682191867e-02
1.223581519411471794e-02
1.133446148909653464e-02
1.294824111016728077e-02
1.238176171907684128e-02
1.302270206384903255e-02
1.293756539811025466e-02
1.178760634324468523e-02
1.247268704916067172e-02
1.217405813972527277e-02
1.169288985167141887e-02
1.212530665962268175e-02
1.188785416934554605e-02
1.230626550182365234e-02
1.142816643730944041e-02
1.178099359055280633e-02
1.159390662645778426e-02
1.202172670618187854e-02
1.266545021101139236e-02
1.164612415546176401e-02
1.225896856744271290e-02
1.178314238811087149e-02
1.171595487535398439e-02
1.180515602394531863e-02
1.193627214513128323e-02
1.249741259194520927e-02
1.247698987171421553e-02
1.183635737606021296e-02
1.344689478549995418e-02
1.120709323212836471e-02
1.184020848089155017e-02
1.324104395957171991e-02
1.200081489540813506e-02
1.264631296147755539e-02
1.153571719538109067e-02
1.215686758465528948e-02
1.242296635597549964e-02
1.183438169083279173e-02
1.200901691969704158e-02
1.219290026106700439e-02
1.237796016699626959e-02
1.230429072578372030e-02
1.279653310704559344e-02
1.318282657874184083e-02
1.146456814591243975e-02
1.286888591095820822e-02
1.235030172906608111e-02
1.161552379072875070e-02
1.293374923089482022e-02
1.251816620197993175e-02
1.314207218929491598e-02
1.231353328225562489e-02
1.151731532442216294e-02
1.229153020209835384e-02
1.215664966077571914e-02
1.313469793775574532e-02
1.184319191220516154e-02
1.229803895964686616e-02
1.241865308341492773e-02
1.204931502172125989e-02
1.219950675364763100e-02
1.057988863861897798e-02
1.167356236392398834e-02
1.214966187122528372e-02
1.101818135798546434e-02
1.142812373968194600e-02
1.190077007299960091e-02
1.254887342990330945e-02
1.123623864980249736e-02
1.195558177752581962e-02
1.254492254196013824e-02
1.154498373585770461e-02
1.174970488445957820e-02
1.174982909904487630e-02
1.130760243609657024e-02
1.213468542077359748e-02
1.235206052736055431e-02
1.207825318033619796e-02
1.244310319579201678e-02
1.208490112898385344e-02
1.179526482532368761e-02
1.203371130627807657e-02
1.176173500993405244e-02
1.239810161398071341e-02
1.229486485867648492e-02
1.203880088487274160e-02
1.276480551476116658e-02
1.245894744212715753e-02
1.282652836206617936e-02
1.165309419433649407e-02
1.247462114521250519e-02
1.262877535494244356e-02
1.156652151555208514e-02
1.189114905088026371e-02
1.177022842453397979e-02
1.226507509357971544e-02
1.175777828158689788e-02
1.111289372453400266e-02
1.184077720012059742e-02
1.222841938137783808e-02
1.222042244493339556e-02
1.227894979830941070e-02
1.231925450298018872e-02
1.190483412596064251e-02
1.229762078140657182e-02
1.220619487244180637e-02
1.112693302920668599e-02
1.109776472089940222e-02
1.268005439460218389e-02
1.189546634742980231e-02
1.235629429849736775e-02
1.152894499431737253e-02
1.174792208084979479e-02
1.269433337405007425e-02
1.202963530525026116e-02
1.177913871983415038e-02
1.182861053838293874e-02
1.187549028966077003e-02
1.169060949070414683e-02
1.191107301885156733e-02
1.274951838533668232e-02
1.168928502780222471e-02
1.243081703767254069e-02
1.291555049764486762e-02
1.259628991283229596e-02
1.282405671664748475e-02
1.195426988914621499e-02
1.118527973507320479e-02
1.273105676708806595e-02
1.115469000518460110e-02
1.190470691043280307e-02
1.129551669701330668e-02
1.088314837574877979e-02
1.219834297840077970e-02
1.178673484014488779e-02
1.178176695682982972e-02
1.138774767603240208e-02
1.228318186688186729e-02
1.184500789606779056e-02
1.211815562062468384e-02
1.278652496569352738e-02
1.214322662203461134e-02
1.239567373067789781e-02
1.168483682955373353e-02
1.143726888670151820e-02
1.200460760757388577e-02
1.133330382511429403e-02
1.253425620152834145e-02
1.186879183629409307e-02
1.133840088946975154e-02
1.137736706416720214e-02
1.136578718848291550e-02
1.204840333514094371e-02
1.204933386561083883e-02
1.202627897855384001e-02
1.204253473123141800e-02
1.139169471609426804e-02
1.228353832402343492e-02
1.167676498792486438e-02
1.142320932614231295e-02
1.121496846810485747e-02
1.157366938036744584e-02
1.210494364690960223e-02
1.207293145210828166e-02
1.141983885396124360e-02
1.240146461352654994e-02
1.178775761473976544e-02
1.104055646087779598e-02
1.115275265143566771e-02
1.154671942914314853e-02
1.146433159019919629e-02
1.134003126776626791e-02
1.211630177483696835e-02
1.173641940444916480e-02
1.085410823881379112e-02
1.165215469598059397e-02
1.069526120477521693e-02
1.101939904094396960e-02
1.156777348239919866e-02
1.137850938202745327e-02
1.154161232277913646e-02
1.205986975754194321e-02
1.153083484254515539e-02
1.185310699140325157e-02
1.187642373808821608e-02
1.233982356209360927e-02
1.184369713625734420e-02
1.175176342410167579e-02
1.188092730553134968e-02
1.120998995514256233e-02
1.245637086148516925e-02
1.178063527692291799e-02
1.223515674849690212e-02
1.163180366256217312e-02
1.095838661354355502e-02
1.153936603683919718e-02
1.196275281352772099e-02
1.158131472918875332e-02
1.196188237162107253e-02
1.159963773234254196e-02
1.194266838376450285e-02
1.177791459713297718e-02
1.086599167013393985e-02
1.131516458058220119e-02
1.161982614259573880e-02
1.142142129530585200e-02
1.176184859474975475e-02
1.268931600131719545e-02
1.092665971966830414e-02
1.178609544773870192e-02
1.267218326450160644e-02
1.074111114783116681e-02
1.191865058372796639e-02
1.176139856341597810e-02
1.164802070080075969e-02
1.136468164798774307e-02
1.107832073831375649e-02
1.135589586271679684e-02
1.134334141680010989e-02
1.086325196345572924e-02
1.183799620379362080e-02
1.198956991563583652e-02
1.135472665612084417e-02
1.103329398326037200e-02
1.121375026183180253e-02
1.087303184887454879e-02
1.166092628125624080e-02
1.226817424985189586e-02
1.178323145540180299e-02
1.211605065292350666e-02
1.150383678253860849e-02
1.101299000801221444e-02
1.187407814196313194e-02
1.131830663625265493e-02
1.134049376421604471e-02
1.183688502212130317e-02
1.185572354801722565e-02
1.154321339645944522e-02
1.215981081950828421e-02
1.154603843772239631e-02
1.204435553733276473e-02
1.242553122234990419e-02
1.116078152578907877e-02
1.106193415468795585e-02
1.195194115025561069e-02
1.238101154334716666e-02
1.205646337962220337e-02
1.240734402171220566e-02
1.210939129929367551e-02
1.111384404213667555e-02
1.172439178327797961e-02
1.153056329916063091e-02
1.217103734460993521e-02
1.123999905735682120e-02
1.168392416928127828e-02
1.135519868420667260e-02
1.124266576327347805e-02
1.176193602679925440e-02
1.120065813318412568e-02
1.133371109574649732e-02
1.208904721784314143e-02
1.158067087391628606e-02
1.121663802834086364e-02
1.154676454612688433e-02
1.231588398482217836e-02
1.109320738459745881e-02
1.104163917538785074e-02
1.214719671979768920e-02
1.130383967918491099e-02
1.153433993124316874e-02
1.170249226959889366e-02
1.184178558332139690e-02
1.186658746199223576e-02
1.177205572783011737e-02
1.079479422653131272e-02
1.212530133354607596e-02
1.116843558677136326e-02
1.140140698016702155e-02
1.103887952962468062e-02
1.165736856418071038e-02
1.192981155427339998e-02
1.078811324151961876e-02
1.222092501529444160e-02
1.176732043082323251e-02
1.168941680772675809e-02
1.174379211028200518e-02
1.077164085160600346e-02
1.178642358774266256e-02
1.176831355568411057e-02
1.210100420093202823e-02
1.164965202493449883e-02
1.212404869201152806e-02
1.232563116734615438e-02
1.065187819437062207e-02
1.182327127708661559e-02
1.171553857169278269e-02
1.120264918268033122e-02
1.178781027211833407e-02
1.165824121566003645e-02
1.190054227260582513e-02
1.214402782436277764e-02
1.152509147217231807e-02
1.176581324207854294e-02
1.135354861761020927e-02
1.236926269727847347e-02
1.236095151634851973e-02
1.043260141638686564e-02
1.203944039728541138e-02
1.137626714447234968e-02
1.211092794643309559e-02
1.249908539123216304e-02
1.182565312080636512e-02
1.125701448239484377e-02
1.119778179207155805e-02
1.238242940114819834e-02
1.144336913384934665e-02
1.110057160336638815e-02
1.191032252979933384e-02
1.213295502603031067e-02
1.111644250006011553e-02
1.138265343525751878e-02
1.225042043708986055e-02
1.194315518767731683e-02
1.137048803227194010e-02
1.164856616467328451e-02
1.130993517257445138e-02
1.121013860982786325e-02
1.159600786754215289e-02
1.185458885756070224e-02
1.090984565811204364e-02
1.128656802448541573e-02
1.161498501979712182e-02
1.142867396273835982e-02
1.131035389540096733e-02
1.228203786063093196e-02
1.184550611647465675e-02
1.146143311326327900e-02
1.137442344552633440e-02
1.146763194882967005e-02
1.124375340594028876e-02
1.111984559575502837e-02
1.131299688311540597e-02
1.141210753264922627e-02
1.093998356473097587e-02
1.206631643966580257e-02
1.176197867071487879e-02
1.157257637938955037e-02
1.226495835318732255e-02
1.188922641564670903e-02
1.199608991210191454e-02
1.162167180499876912e-02
1.146219454493058870e-02
1.125431663733713304e-02
1.106039210298899976e-02
1.143470899502414817e-02
1.203078450775897992e-02
1.236133668324984961e-02
1.184319979901913428e-02
1.156335632881302575e-02
1.118202145079289986e-02
1.209108328989533764e-02
1.154719428510976587e-02
1.222297212955144978e-02
1.193394030213333103e-02
1.216625696325787827e-02
1.147906340792232555e-02
1.194766422102440037e-02
1.174424891003368783e-02
1.146448817790745277e-02
1.127221262319148473e-02
1.234800338333611434e-02
1.217374609459576790e-02
1.266437098512935601e-02
1.364210364192035459e-02
1.451115272443069711e-02
1.413561445971810680e-02
1.431474583358776503e-02
