5.325438095786054760e+01
1.293640238571844066e+02
2.127798590370043996e+02
2.237012627961874500e+02
1.489436576385191131e+02
1.007611218252244782e+02
6.223133267506616306e+01
5.363437946569861481e+01
2.483407113774802610e+01
5.197912900549781767e+01
2.067445419050474342e+01
3.556106056719062991e+01
2.707911187559209409e+01
2.966636566607918368e+01
2.173685270350217635e+01
2.757624713171951925e+01
1.581380375753142786e+01
1.921230460495646852e+01
7.439982752401292920e+00
9.775165458079959180e+00
7.512390968652631784e+00
1.072030648957495025e+01
8.159967014406458219e+00
6.189015610360984354e+00
9.230128489050407836e+00
9.226433890259432502e+00
8.522017136427010087e+00
9.329252761826548834e+00
7.200668589930559804e+00
7.042804924164028257e+00
1.023997201525935097e+01
5.703986132700120670e+00
6.530562560168673869e+00
4.074679135641621208e+00
4.909319602658326787e+00
6.020446096658874424e+00
5.267167778752090079e+00
6.361172131081737291e+00
6.349145073153590779e+00
4.934328553342854917e+00
5.695330358997119369e+00
5.454944712498267734e+00
4.643068850016597970e+00
3.391970286181236194e+00
3.020895420027040590e+00
5.046917207554758811e+00
2.255978783154175105e+00
4.567903599733319275e+00
4.672308180583480741e+00
2.447829506412057210e+00
3.751381322766256687e+00
2.720872676658449674e+00
2.554079713963782083e+00
2.986446878494991353e+00
3.244385907999706387e+00
2.950219215064281642e+00
3.323235537433673947e+00
2.652214666701999679e+00
3.373463671763326399e+00
2.761367216131620506e+00
3.247899178800895292e+00
2.044066241049351529e+00
1.937759198439236386e+00
3.200302312907154167e+00
2.263838990150791375e+00
2.386450759096085950e+00
2.711482559967640427e+00
2.972634339483103183e+00
2.067766645063809250e+00
2.131529789847440348e+00
1.591728223075630666e+00
3.012281891577620385e+00
2.538385155783715152e+00
2.433500507297641668e+00
1.832736544384517163e+00
1.717150012035739914e+00
1.764156781131577034e+00
1.568381595315190946e+00
2.090591502746814712e+00
1.950214626558198550e+00
2.407574488430233028e+00
1.849541591068251334e+00
1.298095109669835656e+00
1.815613233287863393e+00
1.983512754178389459e+00
1.649137081058402066e+00
1.471105263683612385e+00
2.252152139283625676e+00
1.478176133620968891e+00
1.771546027941592438e+00
1.728707511402422625e+00
1.819869716977215779e+00
1.504929535004494223e+00
1.232227047712065149e+00
1.486547414154039792e+00
1.434653279371344015e+00
1.199621278801478619e+00
1.770317530417475194e+00
1.780882274941007370e+00
1.364530321519345613e+00
1.403061550588521555e+00
1.386093698294576404e+00
1.567247486690323877e+00
1.072082224391589733e+00
1.295798679242948781e+00
1.514110897998757199e+00
1.894396870840082903e+00
1.368961279534795406e+00
1.544224952867407685e+00
1.198348049719627717e+00
1.303897692427334665e+00
1.066422140150004694e+00
9.866055671211352296e-01
1.292753808932585846e+00
1.575093570547019706e+00
1.772500695365951451e+00
1.435382820300416640e+00
1.242820044583203387e+00
9.654947012749278690e-01
1.591614141890405509e+00
1.149964222432135141e+00
1.347474745183711686e+00
1.064927817809012245e+00
1.153762075737841730e+00
1.216694708171420780e+00
1.091079571147611338e+00
1.174764028444554409e+00
9.025216941778076984e-01
1.220008153005511575e+00
1.024371699416990911e+00
8.953504467836382874e-01
1.032734664524571411e+00
1.101950138594347317e+00
1.178570958351622844e+00
1.391088395767093422e+00
9.384490452108165126e-01
1.144910505800513345e+00
1.243242476235230987e+00
1.004047675178859178e+00
1.119516007964254767e+00
1.156609699080296094e+00
1.024697351198643247e+00
9.566504179433208410e-01
1.255726011557222410e+00
9.827222348296509313e-01
9.163187645449610841e-01
8.846750230887031607e-01
8.867562917838914816e-01
1.034449044472304458e+00
7.349014206617157097e-01
9.566230689568118173e-01
1.098826847361224823e+00
8.829219181401054550e-01
1.083787104678525459e+00
8.550903407223865438e-01
8.793145271326120449e-01
1.051327143605341519e+00
9.192133316260561182e-01
9.891910434057955559e-01
8.630458740044709698e-01
8.106690580191866502e-01
8.001920306886483036e-01
8.314305858643266101e-01
7.830656340426239703e-01
9.067337183460169037e-01
9.715999073891723459e-01
9.168364827569506215e-01
7.810253130603092009e-01
7.616298315819810538e-01
7.692156319097970263e-01
7.172014100871042519e-01
7.771812697385963586e-01
7.870836128243356988e-01
7.501191518513272705e-01
7.695683131906596586e-01
6.826778311646051201e-01
5.774815155695178781e-01
8.680337099143576873e-01
7.019913287152078629e-01
6.360039112738544720e-01
6.297595710579316775e-01
6.420145414273208395e-01
7.266855387184114612e-01
8.242542798292223916e-01
7.265944813164029181e-01
6.527122965206345606e-01
7.537795921621275319e-01
7.214140656912800820e-01
7.777877322939938942e-01
6.263350256361912560e-01
6.943485786772264357e-01
7.173472754326321033e-01
6.932176779010721379e-01
5.213500892595445135e-01
6.209095793157695109e-01
6.438718213619829545e-01
5.928285803616268890e-01
5.047140221893282597e-01
6.028680272298712062e-01
5.206068518758660835e-01
5.560927513489193341e-01
5.931165685558443812e-01
6.848580385864102560e-01
6.040467437654210014e-01
4.934615793015348362e-01
5.027517468504816289e-01
5.318614506264501829e-01
4.898397438843637985e-01
5.504374697108145309e-01
5.456095222495628283e-01
5.532522207950547610e-01
5.974178042548180523e-01
4.548184252411302531e-01
5.633212582409826696e-01
5.323019254913823328e-01
4.755067876259990167e-01
5.214666390620413816e-01
4.446908597216116532e-01
5.380079622702127473e-01
5.102524949882301097e-01
4.704210282016149658e-01
4.470067327394033341e-01
4.301343384576541973e-01
4.509399347917107947e-01
4.632606249744307125e-01
4.813614196820865665e-01
4.094459737404792521e-01
3.707488176991322604e-01
3.735882944872491729e-01
4.315373141831515547e-01
4.454520697295435983e-01
4.732751726386723590e-01
3.586615323285350931e-01
4.436483516677350303e-01
4.384200847938909407e-01
4.433208257395445107e-01
4.176372936430768901e-01
3.520337015395051394e-01
3.750680443316078416e-01
3.803741936313691507e-01
3.745580544479042984e-01
4.081457348552065545e-01
3.082984727084933096e-01
3.859507310740817321e-01
3.598249545327386612e-01
3.884284027818252771e-01
3.911464604393662947e-01
3.234601730767480143e-01
3.451755118698719982e-01
3.048724594453100512e-01
3.495871041833727988e-01
3.089359224785651059e-01
3.159258405158902328e-01
3.423373344420990727e-01
3.410368296723013670e-01
2.910626580355946680e-01
3.207647331346208941e-01
2.649908161264320494e-01
3.133718374537137197e-01
2.746885272973527692e-01
3.082443287126004905e-01
2.949222725523166777e-01
2.674231742204395967e-01
2.657874653169574608e-01
2.784798200743239804e-01
2.507111319614589995e-01
3.239329223200820840e-01
2.517880243197486712e-01
2.508769640570452930e-01
2.534715010006807767e-01
2.827006856454585826e-01
2.305894892951123598e-01
2.564608855571882673e-01
2.372373242203077159e-01
2.118579740973749737e-01
2.534022707253507090e-01
2.129563740789780224e-01
2.492125881347659055e-01
2.300042445225257970e-01
2.155524222949563029e-01
2.285673516454610477e-01
2.539116690317194669e-01
2.212744784721108471e-01
1.988552578441206142e-01
2.269473869191876436e-01
2.109226671488838856e-01
1.929740998900865701e-01
2.173840621941660889e-01
1.956859409656135085e-01
1.722404342410866485e-01
2.112552216807248584e-01
1.961850677778334273e-01
2.113996098174048544e-01
1.986542825056547557e-01
2.155738374103222943e-01
1.755683256755118105e-01
1.572729314695560654e-01
1.825987824716646390e-01
2.043100444057604770e-01
1.573892916854808532e-01
1.753731655466166106e-01
1.748305010082631672e-01
1.702520571511063896e-01
1.631282605782037598e-01
1.486997386670081134e-01
1.386606326259609279e-01
1.541773756394487771e-01
1.767140002642881014e-01
1.579272816279806146e-01
1.619232143377421218e-01
1.288814276539454462e-01
1.257198901304607541e-01
1.115642995948589733e-01
1.338660832424567182e-01
1.599081678123195904e-01
1.249464843239082440e-01
1.375721084117437765e-01
1.504690171636113294e-01
1.581547071229350843e-01
1.304074227540496511e-01
1.418676087265834662e-01
1.166726815937549483e-01
1.394819019663873783e-01
1.210325419742134673e-01
1.621212066560159815e-01
1.357137391623443046e-01
1.349507744544843901e-01
1.190366108167769388e-01
1.310993520548255076e-01
1.185643123625009926e-01
1.109108512697358911e-01
9.948376256525473527e-02
1.285869225972562369e-01
1.108519092270653650e-01
1.211421308756322063e-01
1.141277151760089204e-01
1.355959261140215477e-01
1.117224228921405993e-01
1.242183357058852522e-01
9.989325334806868628e-02
1.104366152269028040e-01
1.008744215202209277e-01
9.559494153247691250e-02
1.100810327534749167e-01
9.958586905213223650e-02
1.139331371122650760e-01
9.397382984844025733e-02
1.121644849950714506e-01
1.064829797378923776e-01
1.050743125700062536e-01
1.111048963276904666e-01
1.090466711433500657e-01
1.190872201340301001e-01
1.111415052570609574e-01
9.210027341483588426e-02
9.709731874702415277e-02
1.028977804233425913e-01
8.774004456986268796e-02
9.886466726816703354e-02
8.211565366643355790e-02
1.086192878332683659e-01
1.008867187013033212e-01
9.963207099540208334e-02
8.906174283086040755e-02
8.844794067463125631e-02
8.346927242404232616e-02
7.981441083397934622e-02
9.165197309013185800e-02
9.997858722142198562e-02
9.327713034211063126e-02
8.996142427228327743e-02
9.712234381397454042e-02
8.548831138333443103e-02
9.434220864507839033e-02
8.093120067779847882e-02
8.175445636843192698e-02
8.791590761117065722e-02
8.149242383822308256e-02
8.208706355549909295e-02
7.932507097335989021e-02
8.374583531329560238e-02
8.600532962686979754e-02
8.618140933387041791e-02
7.114704248707467982e-02
7.602829667038367434e-02
9.084424205569302524e-02
8.508406924226048773e-02
6.880727200747639716e-02
8.735019620457651346e-02
8.009748963063519078e-02
7.961518614408623351e-02
8.468178012552896039e-02
9.181162110647840546e-02
7.363158741351807923e-02
6.818943157457039994e-02
6.643868118080788199e-02
9.020474820764216861e-02
7.446018178931505804e-02
7.625161904252443501e-02
7.795438151113273650e-02
7.969510713628175091e-02
8.875432347236118791e-02
7.104091977205191644e-02
8.002136009843077713e-02
7.990493582596253086e-02
8.266893785100379310e-02
8.159576505835923477e-02
6.564062752161665959e-02
8.157285526042636070e-02
8.344879764678789225e-02
7.265816491139825972e-02
8.469230859596128813e-02
7.977470570092612401e-02
8.252795914030741642e-02
7.145317408806207971e-02
6.834958505892120562e-02
7.737665526769162139e-02
7.867082170973661859e-02
7.684790686577196162e-02
7.270710138411022594e-02
6.437588654412007561e-02
7.787425391577987299e-02
7.642022778928608817e-02
8.116433762414068664e-02
7.131012015297179263e-02
6.442650978283676055e-02
6.888780751394101010e-02
7.879434667939258508e-02
7.558259543432062355e-02
7.638620926769630615e-02
7.293691509670849338e-02
7.232565788700438814e-02
7.840061694766098377e-02
7.114174721715241234e-02
7.785356406758629777e-02
8.030623536819964103e-02
7.006863824439589494e-02
7.734191842578107268e-02
7.167229763885765714e-02
7.477777622579193095e-02
7.176312432937008434e-02
7.441830532432927581e-02
6.157840972766431137e-02
7.883522693402721104e-02
8.039608757376270898e-02
7.116983269058922701e-02
6.901799358081006641e-02
6.511416042747734945e-02
7.301837616128595276e-02
7.328710115331055208e-02
7.151680720641027944e-02
7.206560162923250634e-02
6.874872783522958941e-02
7.108116923398444253e-02
7.520994899332641981e-02
7.290042819355688208e-02
6.262664599759054651e-02
7.778863528893383006e-02
6.333338495826398851e-02
7.503888569331662595e-02
7.028050788877544808e-02
6.984706299076125224e-02
7.790050639539397581e-02
8.250087278966701521e-02
7.868467517305094416e-02
7.064311098330271210e-02
6.920809425840900031e-02
7.455689685305488812e-02
6.392711800836740899e-02
8.258962700204544594e-02
7.020440086169092708e-02
7.204124399246027155e-02
7.535840774236185480e-02
6.811757893694848909e-02
7.691055426337968515e-02
7.309726760632442866e-02
6.565955058346462092e-02
7.149374934687711958e-02
6.308808287151067284e-02
7.002700048659270260e-02
7.032619148074228943e-02
6.715281776509353373e-02
7.999233990104390180e-02
6.915370958344911612e-02
6.811089648229838589e-02
6.755419500627572738e-02
6.645895613443045247e-02
7.653178418323422494e-02
6.968450441170696841e-02
8.164118166890022010e-02
7.076051567081803606e-02
6.586424822878486629e-02
6.650205749574526759e-02
6.601646671497858609e-02
6.605246376121431950e-02
6.478463302864792550e-02
6.355501013015975309e-02
6.865177672813160825e-02
6.936332692975062664e-02
8.030792656909470362e-02
7.037093624323294272e-02
6.956346348876736585e-02
7.172128034002132890e-02
6.364858330037821699e-02
6.945645094415252296e-02
7.755248082631338580e-02
7.213494745033163791e-02
7.012375061439643509e-02
6.841947710128599980e-02
6.890614747496244530e-02
7.261024605168329982e-02
6.590445908606826220e-02
7.284587587727890667e-02
6.975840094558967419e-02
6.683025821028325264e-02
7.128822509647185501e-02
6.727392600720298599e-02
7.175369837196785006e-02
6.495006114339146874e-02
7.804086332954550398e-02
7.022372284224200067e-02
6.524789391849887543e-02
7.572477144100474289e-02
7.572482659125433224e-02
6.456109272742260874e-02
6.988204764802960489e-02
6.455307051187891831e-02
5.951514262546514500e-02
6.594088375752350795e-02
6.179109087151229973e-02
7.002592329397609727e-02
7.008861280127516580e-02
6.782760474375558457e-02
6.688263778850191132e-02
6.765971708851074851e-02
6.371250514052521907e-02
7.031687808812410456e-02
6.785527535323819526e-02
6.561484905296913195e-02
6.127380198391232241e-02
7.159120379404936008e-02
6.636164967234305101e-02
6.785895229683255869e-02
7.079484087785976876e-02
6.509385073211977624e-02
6.947010565961640738e-02
7.778647092756914294e-02
6.329405694971988738e-02
7.398759605095973912e-02
6.222365063382438721e-02
7.613842859894812132e-02
7.384813782363744417e-02
6.598604168912747259e-02
7.677214111489147341e-02
6.196670445629593599e-02
6.377400709516363453e-02
6.611253162218541646e-02
6.486002506516093391e-02
5.605290013793209902e-02
6.421000915326928460e-02
6.616470644336003293e-02
6.375447225576695576e-02
7.084295636574806931e-02
6.826200311448209213e-02
6.297859900448420090e-02
6.257900382801388772e-02
6.602748631119771672e-02
5.943557887247156307e-02
6.526110308469529331e-02
5.532164627462683726e-02
6.655806496538171912e-02
6.494878308364794572e-02
6.601699559881268886e-02
6.446555857381551513e-02
6.227363777231258862e-02
6.953400528447972739e-02
6.693908112494087459e-02
6.415061061126611786e-02
6.757931626429647398e-02
6.372786464350187197e-02
6.447062154793771482e-02
6.377946051210485467e-02
5.976108444801368769e-02
6.753096656880394622e-02
6.201336076709265677e-02
6.327129832060326975e-02
7.263023042342686697e-02
6.719080020957948762e-02
5.886721094194469206e-02
6.287473622334179002e-02
5.819137304527932653e-02
6.956362931835038954e-02
5.803811544723118387e-02
5.862860799105953924e-02
6.266296487695785511e-02
5.938769709072046210e-02
6.140066140072822365e-02
6.209760226855292470e-02
6.620156967654214353e-02
6.219214059649788573e-02
6.063249540401112470e-02
5.859987119919634474e-02
6.284618679267985064e-02
6.552152547362963264e-02
6.097998730439261467e-02
6.336114590254308954e-02
6.515641247354825305e-02
5.695115865218119966e-02
6.158100033058391820e-02
6.413414714183507392e-02
5.748937909660328804e-02
6.807631517120465992e-02
6.036944426770970290e-02
6.449329764958650069e-02
6.244434098041849041e-02
6.065262295725054598e-02
6.523947113256853281e-02
6.141482974489805707e-02
6.684693947838549200e-02
7.116286555642113709e-02
6.525935460517591491e-02
6.416676840255804148e-02
6.343442182686781505e-02
6.198886533456960529e-02
6.863826266921663199e-02
6.351458285157432493e-02
6.749956266901890878e-02
5.898017496650850844e-02
5.747422030730552772e-02
7.067731102793373132e-02
6.558230565330515349e-02
6.504252582049263598e-02
6.409166488359825664e-02
5.919109537280947686e-02
6.237459550938328351e-02
6.008520032183223281e-02
6.032416077639555368e-02
6.180628906985155546e-02
5.581384340131714805e-02
6.495769869985466849e-02
5.655193242788459501e-02
6.313787445689232614e-02
6.024996070454793212e-02
5.642350409885323742e-02
6.123516486878217979e-02
6.190548353343698629e-02
6.332053076640059563e-02
6.388569698053009338e-02
5.794969210839270857e-02
6.377462968240160679e-02
6.060860700106174281e-02
6.445713501243567622e-02
6.021042100346359061e-02
5.507585440858491638e-02
7.077000613038014754e-02
5.888230387618080541e-02
6.323448553480241763e-02
6.096709120304416585e-02
6.038125351447670708e-02
5.863424736234796458e-02
5.809706311451251493e-02
6.278489181184795931e-02
6.263324550436866200e-02
6.277935250711264015e-02
6.082570527018935080e-02
5.890270869013933958e-02
6.486272931157208155e-02
6.197093452471660879e-02
5.813775094064514704e-02
6.318371691687701963e-02
6.796482066003416145e-02
5.501405612407775370e-02
6.619989844502048582e-02
5.809142637785997404e-02
5.618741622493414467e-02
6.404416634556027443e-02
5.271011826427188240e-02
5.739748505569277487e-02
6.217059852868213332e-02
6.487883115541610846e-02
5.787394131571937245e-02
5.767652597878111798e-02
5.739003879787918372e-02
6.596184751185747708e-02
5.790712572526141022e-02
6.114800258270765981e-02
6.229596457807366761e-02
6.444799798684379410e-02
5.959900270302585790e-02
5.778498176047792978e-02
6.186286304872721381e-02
6.835478702266599427e-02
6.466895099737547670e-02
5.890973480731797468e-02
6.459642940458514004e-02
7.223736590154235249e-02
5.981971796825123061e-02
6.408433069402307003e-02
5.313691428592023924e-02
5.747628432647153285e-02
6.713412792796849549e-02
6.380923966660501101e-02
6.049800320909524964e-02
6.696870347812726443e-02
6.264221915527183604e-02
6.941922252998736220e-02
6.225872734245628537e-02
5.475335155157436823e-02
6.114985957217020790e-02
6.514426402369549729e-02
6.102954811072073410e-02
5.612492193959184306e-02
6.460128806776574417e-02
5.442594701904143739e-02
5.610388743226173147e-02
6.009066350828694975e-02
5.794057886518068357e-02
5.633842252598224992e-02
5.965176220030828785e-02
6.426284429534553921e-02
5.776944492741395432e-02
6.556283163825825377e-02
6.188314804420840670e-02
5.641705586171976566e-02
6.145121840221845488e-02
5.554448547885124793e-02
6.405359907539169562e-02
5.870672009581261175e-02
6.513140988991852898e-02
5.809734972338477521e-02
5.821851161384489215e-02
6.266066524618649214e-02
5.768876187149805240e-02
6.469450311982360979e-02
5.600622149287448615e-02
6.243784573364927898e-02
6.064093257707394574e-02
5.850404551210658388e-02
6.151801496648182099e-02
5.986332939742735476e-02
5.808646617513769927e-02
5.900466714611020402e-02
5.825051380613645996e-02
6.595182548903039121e-02
5.563307184780591497e-02
6.248064408500469263e-02
5.869910522586578583e-02
5.512024159401981288e-02
6.257658363770401966e-02
6.186024164469412778e-02
6.174162988997300427e-02
6.738290989394797592e-02
6.287861549925459481e-02
6.473910393909911021e-02
6.109737895438448890e-02
5.984174888217425048e-02
6.546824129011970250e-02
6.348860709419698600e-02
6.293008187506544948e-02
6.147625642191247713e-02
6.248070406359994278e-02
6.287058430302920609e-02
5.790006882545244149e-02
6.040363355930897238e-02
5.773012112417275077e-02
6.170368255174713684e-02
5.811395076259030096e-02
5.161099479140485169e-02
6.055771997577297922e-02
6.124664934401606586e-02
5.554912218370255256e-02
5.991630356022534937e-02
6.142638353537781953e-02
5.904736774106708608e-02
5.742202430684910375e-02
5.555676093259601100e-02
6.436156720422968325e-02
6.138283798706716671e-02
6.075683547578770993e-02
6.269408538716167434e-02
5.717764575187655324e-02
5.633169468021716891e-02
6.200093979630939139e-02
6.409667548436914775e-02
6.043722457721552310e-02
6.482816889758505341e-02
6.265049036611804179e-02
6.070064101183898081e-02
5.545348790656227239e-02
6.182574295915158752e-02
5.135425715233351424e-02
6.754751640352696374e-02
5.918955013209080407e-02
5.589278131379347980e-02
6.324195458353037980e-02
5.567813286943913004e-02
5.608129877287328785e-02
5.610103525774005201e-02
5.839715076642285757e-02
6.501906516494571076e-02
6.396718481724827932e-02
6.089874494603846750e-02
5.971541240484435492e-02
6.239451441433132434e-02
5.714757225670919621e-02
6.136642208344898763e-02
6.106632733786690470e-02
5.870699486425027397e-02
5.806200250451544476e-02
6.375843576944478786e-02
5.640115239327905816e-02
6.232223538490708203e-02
6.301326766319342854e-02
5.387211355437603044e-02
6.012013207716274121e-02
6.186095563662293711e-02
5.774338857602885622e-02
6.007541194950655888e-02
5.820321889364732382e-02
5.895266315282175762e-02
5.241204287627820174e-02
6.155301436344200183e-02
5.835392018617838183e-02
6.259637146672435148e-02
6.284974525910717869e-02
5.655619205314790093e-02
6.027538837079800260e-02
6.485228294367473278e-02
5.645796815208024150e-02
5.872052502719699724e-02
5.687925489586879296e-02
5.836510415285264125e-02
5.907749254587454923e-02
5.690811167669487108e-02
6.289019668489366499e-02
5.844259137931372139e-02
5.820133272936141300e-02
6.408822270471506433e-02
5.325684748537820590e-02
5.989250963001138683e-02
6.344622801672022971e-02
5.801746421085213212e-02
6.506102745524888764e-02
5.944193969894552565e-02
6.145443636269285609e-02
5.783697952164300327e-02
5.755186289977786557e-02
6.335724711042317603e-02
5.392140329377330399e-02
5.872957404611935800e-02
6.504321626627505848e-02
5.647330262356754088e-02
6.028302505905059477e-02
5.872908225738775884e-02
5.537622536840582088e-02
6.144117985439454671e-02
5.790041834973913559e-02
5.854562115892047308e-02
5.886202187383180601e-02
6.127224682091365893e-02
6.184932968553210481e-02
5.906303003678204516e-02
5.852929867664156266e-02
6.012843947040660136e-02
6.415983343028960895e-02
5.737946119527655153e-02
5.984873287658887958e-02
5.990981288826519036e-02
5.824844218131197682e-02
5.330062350779062041e-02
6.096801233201994130e-02
6.472092854448566190e-02
6.153034464638638956e-02
6.053435298563942385e-02
5.456450107279798428e-02
6.290099832924291035e-02
5.940105481120470238e-02
6.397579032634058416e-02
6.122288723677304229e-02
6.195213273116156882e-02
6.280118414959537376e-02
5.412383766070190394e-02
5.781738852161355524e-02
6.343383709148858740e-02
5.803169449150786391e-02
5.718886604911104649e-02
5.668418552163225627e-02
5.910731120254788390e-02
5.850755576133596925e-02
5.771597174706902256e-02
6.366741519369717439e-02
5.651282223988747522e-02
6.068618829985282515e-02
5.853626708725922362e-02
5.740945243381134072e-02
6.325557422252556239e-02
5.709423600657485831e-02
5.485315485923394907e-02
5.976545889832694108e-02
6.150959869953834952e-02
5.823947377104859990e-02
5.533463129258783114e-02
5.300789140500962449e-02
6.178399937805503089e-02
6.349529755020025257e-02
6.038826106685241113e-02
5.804660065169298111e-02
5.702101788018051898e-02
5.940452452504442482e-02
5.745921443470312223e-02
5.808137214169669521e-02
5.987255559575230257e-02
6.251631039252743272e-02
6.307546749092725336e-02
6.016969436137518945e-02
6.107778977124268122e-02
5.938271370344366112e-02
5.802562856096575572e-02
6.099195777631048754e-02
5.814649147304264132e-02
6.040143209034269656e-02
5.954295076272488052e-02
5.560777869384284089e-02
6.323499986487614299e-02
5.192522810491777274e-02
5.704724921752873240e-02
6.111345336235369380e-02
5.576002839696050928e-02
5.298917035210835846e-02
5.863296189351102639e-02
6.224084392366814600e-02
5.636477196810280033e-02
5.704575190047044692e-02
6.398245373111639822e-02
5.778699551835256992e-02
6.292869677372689430e-02
6.285505799484912559e-02
5.476014849475382973e-02
6.055278611520552301e-02
6.539710587298587507e-02
6.130962035049802167e-02
5.570506691804798932e-02
5.960773121914535871e-02
6.239374625754270931e-02
5.765398433203555023e-02
5.916941526530096473e-02
6.458812110937210693e-02
5.656390160457102495e-02
6.078782925028029110e-02
6.148444125571159852e-02
5.465797683377934812e-02
5.754545230173380849e-02
6.203840980027526542e-02
6.078220914192437874e-02
6.307276345744453061e-02
5.478326748082221198e-02
6.235898912351914986e-02
6.116844861841160691e-02
6.263626485520595866e-02
6.086048956912096242e-02
5.913888383044934444e-02
6.068646766820672001e-02
5.738129774951308826e-02
5.972972214978960331e-02
5.503484058572951504e-02
5.756542659520951649e-02
6.502681765942422421e-02
5.758115587643430899e-02
6.370595892769238822e-02
5.751253129777183365e-02
5.799275304625521599e-02
6.147783746880110950e-02
5.804925940207460860e-02
5.858274798237440156e-02
5.934657049004100904e-02
5.964248887301368263e-02
6.066777830207024241e-02
5.693220676007087339e-02
5.758348549459391119e-02
6.071739274881957082e-02
5.438898270331726098e-02
5.760309823305153482e-02
5.532264452850118447e-02
5.791793808607638427e-02
6.096988990098652778e-02
5.933213915247158299e-02
6.382138261228674503e-02
5.949691704385094010e-02
5.363605222798787514e-02
5.565358189403055850e-02
5.355280460127014724e-02
6.121717157636490797e-02
5.971358309987407492e-02
5.922457643333116362e-02
6.344919536433345220e-02
5.558397559145823730e-02
5.777910742353499496e-02
5.804833549389482039e-02
6.046689042765431704e-02
5.842854859776133725e-02
5.642583707248921554e-02
5.988623944372880453e-02
5.686447482429368011e-02
6.205411272391755245e-02
5.892224847270179089e-02
5.694995289866559146e-02
5.502718082892607554e-02
6.184420451281030795e-02
6.111069315018909098e-02
5.814909359140543049e-02
5.932672090432847267e-02
5.881109836208431307e-02
5.971951083332149163e-02
6.123922080278020735e-02
5.774377494931622057e-02
5.939441470847496574e-02
5.863228268837857027e-02
5.893650292958521608e-02
5.877855437780693526e-02
5.726289756166345196e-02
6.135805890156437181e-02
6.129193089103951442e-02
6.537633478105285556e-02
6.187759644313436946e-02
5.983595469791765792e-02
5.705750182353909461e-02
5.673756647989743745e-02
6.019887124792599326e-02
5.409533956390958492e-02
6.160137398944173781e-02
6.207304633885059320e-02
5.806549824834589951e-02
5.605206700301930411e-02
5.746861312190732624e-02
5.780255653051857151e-02
5.771094175074079069e-02
5.845845794301124387e-02
5.910290261134270445e-02
5.706589596710730239e-02
5.965709312745509640e-02
5.806212309212977624e-02
5.905199134693093349e-02
5.957008039765569751e-02
5.629193571448445899e-02
5.687144112588642803e-02
6.002249370520813809e-02
5.844100433162546793e-02
6.307055933095929989e-02
5.763528909473426137e-02
5.776527941153321993e-02
6.027268423449801127e-02
6.021930535187342004e-02
6.225143862650980853e-02
6.156377958865028727e-02
5.605934868311718972e-02
5.936054814323186296e-02
5.420408793958931409e-02
6.289332038801881408e-02
5.582381217760699899e-02
5.998793057603170331e-02
6.591034268709471122e-02
6.038893115151614671e-02
5.529963208083216869e-02
5.886120210368894767e-02
5.787924883821057159e-02
5.869849721696077799e-02
5.938405426034343293e-02
5.816843285340669856e-02
5.575101457068541017e-02
5.800414685310457952e-02
6.114264382971231621e-02
5.426758587181888804e-02
5.509760765301789653e-02
6.075324695092286509e-02
5.641585625528277442e-02
6.058522573816238488e-02
6.385862866743549637e-02
5.952767143399143035e-02
5.840313266783319496e-02
5.816798465488982883e-02
5.486923841558714182e-02
5.694509946969545516e-02
5.625181771875096409e-02
5.775650652218432962e-02
5.122129635149880178e-02
5.650296643173861183e-02
5.638065723586348221e-02
5.759369335551636077e-02
6.376476099682190646e-02
5.328661784770242354e-02
5.704310911419235158e-02
5.801248644241372571e-02
5.861969255369291198e-02
5.835823878148912319e-02
5.656291529895816905e-02
5.713581493583624188e-02
5.813346243942295322e-02
5.473542750483678665e-02
5.651723014620062269e-02
5.622919784135610444e-02
6.017525485378660138e-02
6.304607010158430613e-02
5.849220807798487243e-02
5.980251784089168909e-02
6.235264787921275531e-02
6.261265248789153748e-02
5.619688748628796915e-02
5.638168942650368526e-02
5.172754574260286786e-02
6.300651917649913170e-02
5.569701793900237730e-02
5.773894675162057066e-02
5.911474743110022717e-02
5.802712447377346427e-02
5.855409947951877719e-02
5.886879166408496428e-02
5.522453513066141739e-02
5.664230591319902031e-02
5.838722342705850166e-02
6.052773770741254333e-02
6.030325196405973698e-02
5.926603976482217734e-02
5.903545179571943746e-02
5.831456181258685284e-02
6.441114286583031479e-02
5.692774332164241696e-02
6.189593384246439012e-02
5.842184023630628970e-02
5.719542931642961764e-02
5.954207655982132752e-02
5.597109290103008394e-02
6.001795167391634628e-02
5.564675263363077357e-02
6.063950513503763018e-02
5.401531004947347087e-02
5.463097912434652925e-02
5.366148359582637722e-02
5.383303493044838683e-02
6.008952763879775449e-02
5.594439175243241802e-02
6.011605695549905592e-02
5.881855361339709959e-02
5.620507432639819390e-02
6.126994646527772481e-02
5.488831503856454741e-02
5.804167587927494543e-02
6.619900918458090922e-02
5.469310048324609735e-02
5.984001360838323708e-02
6.000165363897752568e-02
5.285668696776441022e-02
6.034273654683048466e-02
5.589263683772357355e-02
5.837041370706281401e-02
5.809801233935662362e-02
6.040481599209266556e-02
5.677309262762678110e-02
5.277433568544184772e-02
5.815456818329910876e-02
5.712641627895377605e-02
5.248025875900957926e-02
5.757897150203253323e-02
5.797670955250814467e-02
5.926593705660140876e-02
5.681478116763706565e-02
5.527766937888549392e-02
5.831048703934244709e-02
5.278942610410744529e-02
5.658583991225481225e-02
6.085095937485278383e-02
5.820737485049845561e-02
5.862536341997143241e-02
5.600001317894717084e-02
5.566168264557285611e-02
5.758345968040479157e-02
5.315250119393318678e-02
5.802462248915945392e-02
5.648398169981811573e-02
5.281776690809097952e-02
5.456222292477218294e-02
5.739190982691150245e-02
5.732273649858036363e-02
5.692526249761800661e-02
5.664559449747164077e-02
6.169883725841106281e-02
5.424719016466775928e-02
6.139843056516831182e-02
5.567779500165512263e-02
5.644144527190315258e-02
5.823410812916682971e-02
5.950970608160802144e-02
5.454259087768607156e-02
6.186795179820946816e-02
5.523604906369487810e-02
6.044679237270575434e-02
5.831327156079763041e-02
5.563651230546835802e-02
5.736629617480282217e-02
5.673538764213641172e-02
5.924844136541359413e-02
5.788898478479025805e-02
5.907789316690798681e-02
5.419948101953765696e-02
5.481313451087369004e-02
5.741027612746874009e-02
5.961094417616932123e-02
5.896948554315658425e-02
5.969191379482679388e-02
5.320728455080817043e-02
5.811244582058498753e-02
5.425469831303651735e-02
5.757517980060300467e-02
5.904569528905911219e-02
5.470085210441769097e-02
5.614893677184605580e-02
5.463470266669153558e-02
5.624253019731250552e-02
5.883367344515724739e-02
6.319397422870044745e-02
5.646412945157942842e-02
5.961183177540462647e-02
5.380989308182627939e-02
5.735237284272236280e-02
5.834969377131905832e-02
5.481960142767718092e-02
5.958107194703207710e-02
5.433825374263887009e-02
5.877375844335886584e-02
5.543342669905276104e-02
5.522235757237634740e-02
5.831612450485906818e-02
5.568989283426083181e-02
5.440567831951278327e-02
5.696872386921561504e-02
5.576173419068799347e-02
5.321691354502690319e-02
5.285154366744171384e-02
5.648494195217301089e-02
5.643918762808122075e-02
5.711074244447389425e-02
5.360686417320675162e-02
5.589731356754971264e-02
5.640043170181613386e-02
5.636015748306589385e-02
5.418185589617015990e-02
5.942145945457059930e-02
5.642003086800406741e-02
5.480608913740744187e-02
5.628857275640739705e-02
5.503837506596102186e-02
5.823425139368405140e-02
5.438610850097558291e-02
5.448933855854958680e-02
5.457136308758386845e-02
5.890011895656659113e-02
5.204079840062312418e-02
5.898437744644741826e-02
5.546759026751174604e-02
5.550731560586347202e-02
5.524299134619255897e-02
5.715848592832435682e-02
5.253201905202341260e-02
5.604504902288174467e-02
5.793594838810380704e-02
5.186102411989255284e-02
5.608935895369709240e-02
5.217716822075097599e-02
5.636115408589141562e-02
5.607529053847599282e-02
5.860943295627792093e-02
5.783355732608033706e-02
5.430727896588673914e-02
5.809030105163159180e-02
5.604398977358488604e-02
5.652038467071884148e-02
6.012489290390543584e-02
5.395434071997513847e-02
5.212043506611262200e-02
5.787637865615442162e-02
5.782877195511697960e-02
5.707411224394098870e-02
5.592391659088346428e-02
5.613596773142458946e-02
5.605953546666182091e-02
5.553170401236694892e-02
5.587225129829538617e-02
5.659988744940726985e-02
5.660762712089135312e-02
5.907129301674209076e-02
5.268131757988354924e-02
5.890589759233934991e-02
5.642761776139410684e-02
5.439241554792890315e-02
5.748722935075956109e-02
5.743788050764127295e-02
5.634453763361593065e-02
5.614912119303763771e-02
5.464190071159658740e-02
5.693979622720498485e-02
5.359457775775638977e-02
5.283333869106397046e-02
5.545796193554078379e-02
5.325659435773565098e-02
5.369561323921331897e-02
5.925765957781132381e-02
5.510153730947620065e-02
5.290456066094816751e-02
5.844978721255825876e-02
5.596235846757705718e-02
5.313522379075213270e-02
5.138334750062600181e-02
5.876766272333548008e-02
5.426522001451229704e-02
5.447686955912355716e-02
5.189742838155442933e-02
5.476660650086605242e-02
5.763996730256960854e-02
5.467579377300981619e-02
5.574181740708295668e-02
5.104503437990721981e-02
5.473056234182328145e-02
5.911737115133267051e-02
5.588832306237736386e-02
5.585368657261689795e-02
5.687971584182480861e-02
5.830586193750200708e-02
5.558411071237893269e-02
5.335813226054526848e-02
5.349212365152009041e-02
5.483431236146497911e-02
5.262004765846099719e-02
5.824575791962170734e-02
5.079795854364635432e-02
5.216526600480864140e-02
5.622103103638718957e-02
5.053481365875261977e-02
5.927055660425088746e-02
5.631340228241264040e-02
5.547515673507572020e-02
5.702024116397126641e-02
5.621782171431292940e-02
5.610585201526224752e-02
5.486137235129317363e-02
5.457867514543526116e-02
5.532507073944934600e-02
5.261898751596746915e-02
5.507456192859166294e-02
5.426204043553010253e-02
5.415915742806555466e-02
5.217591430659838242e-02
5.276767679702822067e-02
5.711439397360375259e-02
5.374885445786000554e-02
5.334153233914522285e-02
5.308997151775660117e-02
5.369215318425610284e-02
5.285319669932078690e-02
5.308929083418365696e-02
5.219342831665058080e-02
5.896203470921435735e-02
5.111214442167065497e-02
5.166190768762702473e-02
5.322852871556495169e-02
5.685166090075492729e-02
5.447282665342213781e-02
5.495718087740845970e-02
5.192823217318966872e-02
5.141500630000910704e-02
5.248509947973292733e-02
5.453292597467553765e-02
5.228067030209864602e-02
5.227645599373206137e-02
5.471024614424553623e-02
5.278711738075914789e-02
5.701933738538193797e-02
5.273096745586532130e-02
5.220110410894753666e-02
5.745445470192046128e-02
5.231197638149875928e-02
5.773261383319823470e-02
5.105509397117063974e-02
5.451562449507925401e-02
5.443039534497645660e-02
5.374982276566212663e-02
5.500367249653205504e-02
5.165333826052345007e-02
5.146479969024812112e-02
5.536646447276919597e-02
5.458432339886189893e-02
5.311761585229344412e-02
5.573908401585984246e-02
5.381545933210428456e-02
5.606988473211210050e-02
5.422550715258970394e-02
5.496471979172189160e-02
5.215217027485831436e-02
5.522789606241587657e-02
5.490472806836239894e-02
4.928146613979762086e-02
5.220981909823574352e-02
6.051704981003037942e-02
5.341526920490288766e-02
5.242063551147824185e-02
5.234714097145556910e-02
5.190957718346138339e-02
5.584280975141157205e-02
5.458608512056711826e-02
5.384617871212461077e-02
5.362891132685079776e-02
5.531022880387926471e-02
5.125804826685916721e-02
5.484320408939809960e-02
5.544534488185721977e-02
5.078298785230401374e-02
5.940727936151559557e-02
5.319197185657765364e-02
5.213537923873354935e-02
5.371746628315660771e-02
5.607654674575626025e-02
5.547953594246460979e-02
5.414797654835080271e-02
5.312565468261322421e-02
5.846248876008870721e-02
5.654795215361935884e-02
5.196643364314636193e-02
5.352989668658135469e-02
5.079740671454588408e-02
5.323586619198338726e-02
5.398870255363161924e-02
5.434600830594662341e-02
5.345859781579466452e-02
5.221611435893543096e-02
5.701548317629126506e-02
5.546472467140080992e-02
5.314270021060682470e-02
5.476830147101128393e-02
5.816365839035266688e-02
5.702997520431403455e-02
5.908319230778222991e-02
5.320344708929342775e-02
5.649798072309795277e-02
5.370170575115306572e-02
5.480569494227054833e-02
5.761518217936730663e-02
5.038240240517335988e-02
5.596649456403710726e-02
5.567486654270911023e-02
5.382011400080861235e-02
5.796718288359251070e-02
5.273464174406621713e-02
5.383487096585511805e-02
5.514051786037212077e-02
5.786278450822393560e-02
5.834235648767439192e-02
5.425655073284382096e-02
5.576719872676651202e-02
5.151085686507617806e-02
5.518250790067909944e-02
6.058907601344738769e-02
5.048500652348536510e-02
5.212797264836527278e-02
6.031342652883588118e-02
5.454485987948221731e-02
5.030112283265103512e-02
5.047116844327560053e-02
5.094603964445779121e-02
5.658440883028164475e-02
5.371291534801305584e-02
5.285937247051731430e-02
5.390247133573361493e-02
5.546437551253988185e-02
5.581175165038217145e-02
5.538578723153993882e-02
5.190379024149381626e-02
5.549603837678482310e-02
5.317731416540724676e-02
5.871728304374678603e-02
5.521315216101415485e-02
5.457391478504442645e-02
5.200318782235361509e-02
5.735401649593450946e-02
5.793707143098439372e-02
5.231397199831929606e-02
5.563600625950025635e-02
5.747860094485046645e-02
5.796710744961316997e-02
5.703533783895249620e-02
5.625164396452595611e-02
5.532490540533552270e-02
5.144256816962879120e-02
5.534251660126086880e-02
5.369327142945677644e-02
5.282089780178642752e-02
5.435231222077738927e-02
5.357046894976136286e-02
5.515075954564323257e-02
5.410374102126824791e-02
5.396217493272033316e-02
5.456230114710631379e-02
5.299182772866762453e-02
5.602727351987722704e-02
5.684116169961819787e-02
5.330740378935797108e-02
5.448421807455879062e-02
5.677050462841989192e-02
5.737482806201438246e-02
5.153224606099231914e-02
5.410090423488869010e-02
5.410786059786053953e-02
5.431288510652124146e-02
5.412773131403233323e-02
5.447920509310958531e-02
5.908142328673895299e-02
5.792214617361700346e-02
5.723306205882752046e-02
5.744464972029298538e-02
5.440534176374608316e-02
5.898746450463269314e-02
5.335430863708227889e-02
5.353410340476170981e-02
5.412723278932542875e-02
5.618990196781886715e-02
5.446063804266611935e-02
5.593481299495223907e-02
5.332097138816094262e-02
5.551995302765770635e-02
5.993399487549331411e-02
5.574799251051240634e-02
5.582945089158073554e-02
5.799757180870218631e-02
6.413151007677087012e-02
5.979325173544182415e-02
6.607245555286350713e-02
6.972679698456357711e-02
