6.144044145313325345e+01
1.157455676214492541e+02
2.129807964211038893e+02
2.298269025710275741e+02
1.235785247717981150e+02
9.626650254745703705e+01
5.414923428729183996e+01
5.524136939958705028e+01
2.593998982561661037e+01
5.286351602184799248e+01
2.105787705378849139e+01
3.063942570408940824e+01
2.605980190128822116e+01
2.920358142855315720e+01
2.069620993415121646e+01
2.752143644543619416e+01
1.459565614876460060e+01
1.970006097015049562e+01
7.572621897717358941e+00
8.811598152669638750e+00
6.985531117027310444e+00
1.087545593170901093e+01
8.048290962639574886e+00
5.366249726823640209e+00
9.016874480592482755e+00
9.274105032162863083e+00
8.006430797059543636e+00
9.197397817068926784e+00
6.840431909079979889e+00
6.888433278064551857e+00
1.013580215394880568e+01
4.946719660793714723e+00
6.391354129801687378e+00
3.914587059881072140e+00
4.832967030625876959e+00
6.206080396854233960e+00
5.252206726063012532e+00
6.201561086367125775e+00
6.353141797755954556e+00
4.917992697450152662e+00
5.159546565934234330e+00
5.548950258704039129e+00
4.700539058794755753e+00
3.456604324216931978e+00
3.139624008962961454e+00
4.826481491715416183e+00
2.230479012932760519e+00
4.381103867549682285e+00
4.567938598216175983e+00
2.579158259627693184e+00
3.668500630001159113e+00
2.419357814012609520e+00
2.535539441279232253e+00
2.986340023974371594e+00
3.085289734735291223e+00
2.841900264987058389e+00
3.227476867813310779e+00
2.633233025432020646e+00
3.330451850184328322e+00
2.629874326226867787e+00
3.294440327357704756e+00
1.898796932401831006e+00
1.843874678211099516e+00
2.765942966262478375e+00
2.181219376812770783e+00
2.281217048803076075e+00
2.703234075498518241e+00
2.867950610368397601e+00
1.913308194633177139e+00
2.221001981835969641e+00
1.653343020894848969e+00
2.929799245956146603e+00
2.439946021060543480e+00
2.082171348186123261e+00
1.791265699775517195e+00
1.676451619202477872e+00
1.639406753203873857e+00
1.558366718862955080e+00
2.021784046609673258e+00
2.039784813486345438e+00
2.365635043355891920e+00
1.819160442091783736e+00
1.266948605107987680e+00
1.768543023749210574e+00
1.967774120299623064e+00
1.644891229790626408e+00
1.395189122741836929e+00
2.178698321487788192e+00
1.425742324501745983e+00
1.640496665094948403e+00
1.700220544671158907e+00
1.798164427172684210e+00
1.440900333476362150e+00
1.323773472908222448e+00
1.304053868878134459e+00
1.478468006669417134e+00
1.196780909642862101e+00
1.685464695821233594e+00
1.601460328091566243e+00
1.333108312595878253e+00
1.344460747362806519e+00
1.263634998433565526e+00
1.478893906238725187e+00
1.082792425208896736e+00
1.193972854480583434e+00
1.540163335854898063e+00
1.814044059851597890e+00
1.233553070942504659e+00
1.473065365309170094e+00
1.105304650229351315e+00
1.310790452716653620e+00
1.044324278256553384e+00
8.733726359957938445e-01
1.256434808681796689e+00
1.581539009198714929e+00
1.610225900761184992e+00
1.450294583731851050e+00
1.228336077497387491e+00
9.672395571056081609e-01
1.496462544769793235e+00
1.123203629334851961e+00
1.363787211610398398e+00
1.041910570717768048e+00
1.039961811725503171e+00
1.151742868266579345e+00
1.091684737001656025e+00
1.189872252512393702e+00
8.958191944443310017e-01
1.180506916266299777e+00
9.000548465277176113e-01
7.878707032258122078e-01
1.086529401117787730e+00
1.054540434159195961e+00
1.172210136135637182e+00
1.343813360299128679e+00
9.110158890305721791e-01
1.072324601012441647e+00
1.199502520796187133e+00
9.487398520648712141e-01
1.079923408562424525e+00
1.120922476452095307e+00
1.020347270215199886e+00
9.535488620172688501e-01
1.124711776288762843e+00
9.574184290826510679e-01
8.688289848290071671e-01
8.358156449882405692e-01
8.570003945552130409e-01
9.793849841152978408e-01
7.386983625647156604e-01
8.990012940907224914e-01
9.996216137382992750e-01
7.965057310470946561e-01
1.026232936264845907e+00
8.123708405792015030e-01
8.321629248522486311e-01
1.029464621996246221e+00
9.016029326679727562e-01
9.457067374145782246e-01
8.088327626809161952e-01
7.491079467294547989e-01
7.480489073028032676e-01
8.806713891645576719e-01
7.848192388656891616e-01
8.478598493967283156e-01
9.132178415138095806e-01
8.434648019233623728e-01
7.000703424962148036e-01
6.409250148169769457e-01
6.952087158841467884e-01
7.125255763916050755e-01
7.385712764427126986e-01
7.297968730426483974e-01
6.925672607397285185e-01
7.508929130219079706e-01
6.538472530270811323e-01
6.560071331478741774e-01
8.534855649691727164e-01
6.638195297445138587e-01
5.603778978260370858e-01
6.361257015936172543e-01
6.018541980493263832e-01
6.942401349946981659e-01
7.732055450603849689e-01
7.288346926014009908e-01
6.083295159180108769e-01
7.348267396208854052e-01
7.034297637296124117e-01
7.523496856510506481e-01
5.903693650243132529e-01
6.606943172545850507e-01
6.887978410207815649e-01
6.270167038642654456e-01
4.831843066985752611e-01
5.743388279710415212e-01
5.583874162761948146e-01
6.005280788334624864e-01
4.899636328602100521e-01
5.661091539147260487e-01
5.071565134590657609e-01
5.300230898187510142e-01
5.969794380166231207e-01
6.309877882274096406e-01
5.158046682865765620e-01
5.412418349266907569e-01
4.336876489401148005e-01
4.971268583353696813e-01
4.358397158525495474e-01
4.996525317122527676e-01
5.306022506460368326e-01
4.859400698573283495e-01
5.564891847346568055e-01
4.503843824265067464e-01
5.300634283891305643e-01
4.921359730206461558e-01
4.572769244488551488e-01
5.190894357055120256e-01
4.086638197121544858e-01
4.691855895475980920e-01
5.031260270779800425e-01
4.854362462907953479e-01
4.202652332748588182e-01
4.395009976737678792e-01
3.890967548635450024e-01
4.103967305798558174e-01
4.402844871352495915e-01
3.365311705538463483e-01
3.591113104503781406e-01
3.899614755364255170e-01
3.949653961387010748e-01
4.390794364115463422e-01
4.337189008132054102e-01
2.901809768384072119e-01
4.043750925337659674e-01
4.091427284704983736e-01
3.366867316983050418e-01
3.769094882369923294e-01
3.362918835937684370e-01
3.775258465341322922e-01
3.513232371073807259e-01
3.468742959418859018e-01
3.759130085419828959e-01
3.061379585021163918e-01
3.420235498129550744e-01
3.125300623308103765e-01
3.490918077510855033e-01
3.161000056234244404e-01
2.574257430835030225e-01
2.932619647312442179e-01
2.832561660613898136e-01
3.031323806237918306e-01
2.501499421304929083e-01
2.549502022920889233e-01
3.026177131767214812e-01
3.106032967029458969e-01
2.971238098699430785e-01
2.960614543739265581e-01
2.226907865150424826e-01
2.831787986382247602e-01
2.723212870682168996e-01
2.880870526542121945e-01
2.772314823016774343e-01
2.326779004704559450e-01
2.132068576352197098e-01
2.434568582975445150e-01
2.241425061664733542e-01
2.718066550216294286e-01
2.227252950728625391e-01
1.959430115047995080e-01
2.320104106390369625e-01
2.560383358233667694e-01
2.211823745422666909e-01
2.243198791916655999e-01
1.854435029391154344e-01
1.378367859896951764e-01
2.135754992308349087e-01
1.884580345047705552e-01
2.173568067921826941e-01
1.868379362569259905e-01
1.835751275007380667e-01
2.145231233917782865e-01
2.200177648823059828e-01
1.768697543366369862e-01
1.564453296668167626e-01
1.665691246043873308e-01
1.692936101787407555e-01
1.557373109937909006e-01
1.854777297523094171e-01
1.544836680814879737e-01
1.197117544430805064e-01
1.773732819048368381e-01
1.636993415682595487e-01
1.474962710899149765e-01
1.648211968754406953e-01
1.534014646001601589e-01
1.393466109071274939e-01
1.500295919212036033e-01
1.390402080414229746e-01
1.705439990097348535e-01
1.232735694803303306e-01
1.498277803789456741e-01
1.109740076560698091e-01
1.273302060394414237e-01
1.372721079889241413e-01
1.096728073321806690e-01
1.167937559547795739e-01
1.229693484728220376e-01
1.228225895749681523e-01
1.290154755054760405e-01
1.111711136300984754e-01
1.054881594520330340e-01
1.168190764083100741e-01
9.425603229842947905e-02
1.139151753554934060e-01
1.152826238908184336e-01
1.023921628497428821e-01
9.203924943701266570e-02
1.068234169033558528e-01
1.160939668873555153e-01
8.308291209076031081e-02
9.869054215130503016e-02
9.398274978961543291e-02
1.006368831006685255e-01
9.739108952052673296e-02
1.010125910550815909e-01
9.245110821728472206e-02
9.331949388077619145e-02
8.358983141313854059e-02
9.017111369929239895e-02
8.441736388256185220e-02
8.437911548481416557e-02
7.863117576680277165e-02
9.125752900908939980e-02
8.111679925362062782e-02
8.748129533615191245e-02
7.816734179044849962e-02
7.846562430807285660e-02
7.022445289244270972e-02
8.191894903816077100e-02
7.043444020699118902e-02
7.266511812879185295e-02
7.132148640176119714e-02
6.894925458782910632e-02
5.629863821801762980e-02
6.585688574592060696e-02
6.407580988935021593e-02
6.039491957015256929e-02
6.584249954996135301e-02
6.457433725443977035e-02
6.663248073464876631e-02
6.200127686947440320e-02
6.867185120382084118e-02
6.881206772380557557e-02
6.226283887809726247e-02
5.626269269920581434e-02
5.158119956207826012e-02
5.784901891819364123e-02
4.630703335571039608e-02
5.282504604200240900e-02
5.911534119269616638e-02
6.016558901934034032e-02
5.805514420243546719e-02
5.819481475537854193e-02
5.206234018747147446e-02
5.077638095553543146e-02
4.929896836348990341e-02
5.063484143105824453e-02
5.460379855214672618e-02
4.607736318938475406e-02
5.156162462313455819e-02
4.873925086617785646e-02
4.689324533822127744e-02
4.736210689244638866e-02
4.749165318766519067e-02
4.826898227272131969e-02
4.514864506089329155e-02
4.926497879136389896e-02
5.362605707478365624e-02
4.017070632486147153e-02
5.245891605850360601e-02
4.019911500761109285e-02
4.640661253195187130e-02
4.985931436577935305e-02
4.031019234643687388e-02
3.956322429551618891e-02
4.795383225905064384e-02
4.140336481378337902e-02
4.459827136223457056e-02
4.723330702920410656e-02
4.289185399545653726e-02
3.724706217726116153e-02
4.110083072644171720e-02
4.690710762220071106e-02
4.277633905336162418e-02
3.945624458374514393e-02
3.885695657182285101e-02
3.912828733675911830e-02
3.964625389777323705e-02
4.004532100945576434e-02
4.192158113070959535e-02
3.888667136604793961e-02
3.652773913328969529e-02
4.055482037277852864e-02
3.850555707038279263e-02
4.149809752016070385e-02
4.192305364930377920e-02
3.567540459767445937e-02
3.501704225117314995e-02
3.303370138646238158e-02
3.656432662703014425e-02
3.612229515421139237e-02
3.859401468451924277e-02
3.175517726843834349e-02
3.988808673564776114e-02
3.367076961969091287e-02
3.143838912495163646e-02
3.626472606822046807e-02
3.343293568230431417e-02
4.005385510580840996e-02
3.673495536105005066e-02
4.209140102868860756e-02
4.001249575043593770e-02
3.577375076718635610e-02
3.606173209071208280e-02
4.062031322759274143e-02
3.726866890120881376e-02
3.525375652291191236e-02
3.460327742537448042e-02
3.721574035513095652e-02
2.920441935854947019e-02
3.484044876510698774e-02
3.900905345145758846e-02
3.561459244443632849e-02
3.529982210705784329e-02
3.349332026881997326e-02
3.839639799621989702e-02
3.295377043589438337e-02
3.120172660326849673e-02
3.343572601317838788e-02
3.688313213836953014e-02
4.039929194838805943e-02
3.403235133141017943e-02
3.147496261147915420e-02
3.420684836347361729e-02
3.481551612762134179e-02
3.353872453726614716e-02
3.833908463968251079e-02
3.080105196326906811e-02
3.575168748801103163e-02
3.614832895863228507e-02
3.666054312957138517e-02
3.417585651779435352e-02
3.431444689827080341e-02
3.656886479336356882e-02
4.020830437221838832e-02
2.731511496196973796e-02
3.105252263198598692e-02
3.302096804796443574e-02
3.099400397504116847e-02
3.402808379345980544e-02
3.500351638574564217e-02
3.354341045586704123e-02
3.294500381821837548e-02
3.856530389201912740e-02
3.490364279101411393e-02
3.294874740561222481e-02
3.307965176170386129e-02
3.296932592981695331e-02
3.339263440489413648e-02
3.443909952445439043e-02
3.440183681224590062e-02
3.340449712161969176e-02
3.544802750847442230e-02
2.908718500978583685e-02
3.496351180143438681e-02
3.085833775526184569e-02
3.268608723350851369e-02
3.336598156939871163e-02
3.101043504814076507e-02
3.187414742372260412e-02
3.303080238516885314e-02
3.483513414783826617e-02
3.442575823194170270e-02
3.192258258449130054e-02
3.307292824776592033e-02
3.132865400933476652e-02
3.056132871641923515e-02
3.246741560870048532e-02
3.141682227105305203e-02
3.002259546830187559e-02
3.326884204525472344e-02
3.409204993791949134e-02
3.574207089981214919e-02
3.338774676344660047e-02
3.002717838638691017e-02
2.798298231167326011e-02
3.153961517113786778e-02
3.483369589259834032e-02
3.232987217160027127e-02
3.642923024225139944e-02
3.058959278170349239e-02
3.104292984083211263e-02
3.239278944009013617e-02
3.279880589423272985e-02
3.135856783418020793e-02
3.466604487617518104e-02
2.926832127341018677e-02
3.085058207083414550e-02
3.135806034728538805e-02
3.508345010134285985e-02
3.144915506386201931e-02
3.046282942654417528e-02
3.125232529326927439e-02
3.236537980333456521e-02
2.696764940993929410e-02
2.964004758275316440e-02
2.877116164283089611e-02
2.924548923642594084e-02
3.122506271791703272e-02
2.997762039004583587e-02
2.901465927239955597e-02
2.942859008437744700e-02
3.052076666800245322e-02
3.328099629280475286e-02
2.605315207794360252e-02
3.081708516785327048e-02
3.016835614155457396e-02
2.912461450270522820e-02
2.892914465586600425e-02
2.910998463935482450e-02
2.932941959121025330e-02
2.750692414739853639e-02
2.708099225365121279e-02
3.207570326228750129e-02
2.873649192569530456e-02
2.605621806618787020e-02
2.876332876301519043e-02
2.752083414076472029e-02
2.944395429069745010e-02
2.872264273660932871e-02
2.722794517708174156e-02
2.914856004100349618e-02
2.430997630625989642e-02
3.153113381335374832e-02
3.267666668887233422e-02
3.097904043361882770e-02
2.614051418840061813e-02
2.752765688170944608e-02
2.507972087183442736e-02
2.878438070220766185e-02
3.050326844552493297e-02
3.113603104244216935e-02
2.625124652438889233e-02
2.669239221046873153e-02
2.837865984343821216e-02
2.764278757765577937e-02
3.077845248986506299e-02
3.054430371387538076e-02
2.373314041400031299e-02
2.960171445395873638e-02
2.892310071314477260e-02
2.872586505998227929e-02
2.746801763997083409e-02
2.605931674388065750e-02
2.508515740132020305e-02
2.539641595524589485e-02
2.799891288047383006e-02
2.517438986803306744e-02
2.790955432760439461e-02
2.838943590897890015e-02
2.480780256326302682e-02
2.662569865348961284e-02
2.585013833889038271e-02
2.573289588652588958e-02
2.836223928897076488e-02
2.590342986229597633e-02
2.775659126406525290e-02
2.769862560334373364e-02
2.684801474922176787e-02
2.760210571928548712e-02
2.681595156701668120e-02
2.589199635381395428e-02
2.832271113879135729e-02
2.435156075281784058e-02
2.982155875512967902e-02
2.538144801417189372e-02
2.470429396765113500e-02
2.560850350304900297e-02
2.385321860272635042e-02
2.495565406004510503e-02
2.911050237130466053e-02
2.528832354629755377e-02
2.814602318721667537e-02
2.538274065254123718e-02
2.409491708353050932e-02
2.734099391547756622e-02
2.459825369917958970e-02
2.681518450925532426e-02
2.538836825548996742e-02
2.400039597214976769e-02
2.741516965236956080e-02
2.424443325628581475e-02
2.583719525136437406e-02
2.320505740906929695e-02
2.294194357341604665e-02
2.561350059054185932e-02
2.851195125107143166e-02
2.409179028783275944e-02
2.392923391082104473e-02
2.374457395646217134e-02
2.687637196252768562e-02
2.445881788406797583e-02
2.590321063283637301e-02
2.354622184676772451e-02
2.528615266084292823e-02
2.318070486076750231e-02
2.545376875820212076e-02
2.528470453822272493e-02
2.780411200249135323e-02
2.217088678426265211e-02
2.388659608022950659e-02
2.263954540228760651e-02
2.405192606375381945e-02
2.668040439339466885e-02
2.348201138764982251e-02
2.521377510352165729e-02
2.374154468721083322e-02
2.167690752188887113e-02
2.440004894116631906e-02
2.314767012322802714e-02
2.592121216931399935e-02
2.544843235093093015e-02
2.216714386820658675e-02
2.417308857952001414e-02
2.345215781766264371e-02
2.649323176722712114e-02
2.527411473673610645e-02
2.385874090152784177e-02
2.235808697427604796e-02
2.262485350454074978e-02
2.458587286559919816e-02
2.711183083898835097e-02
2.527268609207118655e-02
2.259213052094691254e-02
2.459457124537688111e-02
2.522260184849366149e-02
2.522859039969214609e-02
2.361498811662657987e-02
2.361857289379245065e-02
2.283643295423649910e-02
2.203513547431760339e-02
2.505521590617654226e-02
2.212630348550510828e-02
2.518163936743362044e-02
2.579351645025844755e-02
2.549003325833835987e-02
2.247193769798998958e-02
2.103565979753077228e-02
2.489928615276179938e-02
2.250134771384977236e-02
2.391144046536516909e-02
2.615379567624730173e-02
2.235537317783529640e-02
2.341465798345137087e-02
2.613144707983103623e-02
2.353121472782273432e-02
2.481551029909459874e-02
2.305582605006566838e-02
2.194218121223061660e-02
2.470230992455376209e-02
2.329646078167843179e-02
2.374997411272862513e-02
2.406718984506257472e-02
2.283639012982641159e-02
2.361020268162032990e-02
2.372963891841370701e-02
2.056201959588397840e-02
2.444780073321176778e-02
2.165201368376537885e-02
2.436727507887613553e-02
2.461447922555175596e-02
2.158789606641680139e-02
2.553879006925192582e-02
2.167310948674829388e-02
2.154509154228621132e-02
2.243242098216528119e-02
2.212613928496786828e-02
2.339784356888269592e-02
2.438123119537604147e-02
2.600946987525928553e-02
2.470217828249552869e-02
2.097575419447294739e-02
2.459453196289429489e-02
2.473108920313150938e-02
2.306297727783397991e-02
2.303566868577582027e-02
2.179253674588120526e-02
2.321606266469380259e-02
2.162527108306354709e-02
2.165818344599034634e-02
2.493841974360836225e-02
2.217802505390458617e-02
2.405223078193557962e-02
2.365320388020848361e-02
2.182407593806532514e-02
2.503927893597461887e-02
2.228149150935462494e-02
2.352512313463566568e-02
2.334885059500946269e-02
2.197203645322159948e-02
2.417892469455828336e-02
2.195546953504326840e-02
2.392005057206902235e-02
2.285736076884045329e-02
2.434519155265978119e-02
2.385518494003186288e-02
2.128123412235077144e-02
2.417780505862534429e-02
2.490425677972041285e-02
2.122731325195107571e-02
2.180006694375227760e-02
2.207903897913524038e-02
2.347059501706484641e-02
2.451817992129210963e-02
2.459639952155765613e-02
2.111393372885763536e-02
2.394103796729449979e-02
2.310154674657232884e-02
2.312374027142174646e-02
2.216411322864237504e-02
2.326042736379102874e-02
2.229130861876717912e-02
2.068205770504576504e-02
2.084080754353936568e-02
2.367209375710945668e-02
2.321222101057610412e-02
2.291360926059941155e-02
2.065972318811643005e-02
2.402869711246214193e-02
2.262565394734874710e-02
2.315070444694652951e-02
2.369689758036193708e-02
2.440180266100165640e-02
2.172125759941795353e-02
2.174966678169442183e-02
2.321999697938351495e-02
2.228036953707368192e-02
2.168016563973572050e-02
2.444956478786722287e-02
2.257607834261020005e-02
2.214396894604426722e-02
2.392706365170509109e-02
2.303173460977570378e-02
2.282575114713927475e-02
2.502904480771088805e-02
2.481768864365425584e-02
2.300580128605659441e-02
2.139130821457655221e-02
2.390962652205190497e-02
2.298568934416804835e-02
2.086518225960718592e-02
2.057033865337481657e-02
2.298050624287747284e-02
1.935151337239823799e-02
2.315574376122258096e-02
2.262381067013419580e-02
2.287648738169037119e-02
2.263259861901866649e-02
2.184248647530157364e-02
2.348412680427399216e-02
2.385220078796066248e-02
2.334304613054228109e-02
2.146394818820389697e-02
2.165455341573284398e-02
2.406956110482181763e-02
2.253068098359941110e-02
2.187018993588659213e-02
2.253001835033172431e-02
2.259025768675227211e-02
2.418639634280665696e-02
2.405119539158644473e-02
2.287813597401864782e-02
2.488419833164370876e-02
2.172973901760289969e-02
2.300179543825121853e-02
2.301347392987796239e-02
2.151374731748586372e-02
2.567538508839091113e-02
2.142842991979667516e-02
2.328006920097748511e-02
2.116747568220442993e-02
2.146267453844856107e-02
2.261915432376578050e-02
2.183602151441259298e-02
2.359725822936888442e-02
2.339698126922386962e-02
2.124873905075297734e-02
2.293443440818158235e-02
2.281390518442729526e-02
2.440290878534530361e-02
2.419715539557954972e-02
2.238243011400692373e-02
2.105964851340810795e-02
2.161703473097147457e-02
2.195250312936028458e-02
2.149851562067396291e-02
2.313485227654985335e-02
2.294183903123945753e-02
2.277005622214973296e-02
2.233429069754418878e-02
2.241502978627858342e-02
2.111944011675002952e-02
2.461954840456891808e-02
2.286227847704786278e-02
2.306599066389661973e-02
2.021483688698744521e-02
2.010887872663399273e-02
2.279489531579331763e-02
2.415832186854731389e-02
2.167273799002748802e-02
2.163891092149070744e-02
1.966970080689490682e-02
2.182153502434592413e-02
2.232400181863244265e-02
2.347054426010164105e-02
2.332495614402975773e-02
2.279360529294744558e-02
2.214213212011708135e-02
2.370839084808785274e-02
2.278431203363115096e-02
2.329366542367498905e-02
2.139787400303789361e-02
2.273316459922741783e-02
2.317356076074756147e-02
1.933609711055370509e-02
2.270711141470920652e-02
2.171497878790558389e-02
2.256143723574187063e-02
2.128342636758806874e-02
2.128126197405781975e-02
2.179618269767177527e-02
2.317259672212431190e-02
2.051941902505265147e-02
2.150317487364927088e-02
2.276821813500973929e-02
2.080953287283254446e-02
2.380502072765801683e-02
2.193359062250646238e-02
2.119274509859272668e-02
2.150695416821813907e-02
2.079112903905399809e-02
2.088533102018410095e-02
2.204307539759554554e-02
2.262995001598289493e-02
2.305377859233849816e-02
2.224958929739208682e-02
2.315800963318890779e-02
2.190922560679952474e-02
2.314995711076919122e-02
2.065424509641495057e-02
2.237918683962951058e-02
2.222540272787324259e-02
2.233477117582557958e-02
2.225276494785091708e-02
2.123551476251765713e-02
2.078843509756107474e-02
2.256696120602357664e-02
2.367966902316201785e-02
2.338979250682301017e-02
2.358870285896805252e-02
2.158298757861869255e-02
2.284545098399238736e-02
2.341853161988534382e-02
2.182411591223110819e-02
2.329853693786021473e-02
2.192952829658942338e-02
2.139425336359676230e-02
2.280984293588507114e-02
2.195043259469598926e-02
2.309727996586001184e-02
2.354429162111468590e-02
2.297222456641792587e-02
2.131240348476484692e-02
2.307952188848514177e-02
2.164417826764004210e-02
2.285487484525932506e-02
2.309724022797450885e-02
2.235491520828590886e-02
2.267848571492694920e-02
2.329837303391423323e-02
2.105278656564565573e-02
2.124819759469987260e-02
2.346966830646465482e-02
2.219648207057687422e-02
2.268011443904280333e-02
2.264551053029787570e-02
2.208373110873957865e-02
2.395138940474612899e-02
2.371577655667347212e-02
2.269669346821516845e-02
2.166798819066462906e-02
2.136356258050746415e-02
2.167809451318475009e-02
2.047294155159591275e-02
2.283800730341938381e-02
2.377836469741789749e-02
2.089374579761530890e-02
2.291196063090466736e-02
2.298793676507332809e-02
2.301826085230766761e-02
2.064967148731482877e-02
2.189505734650579877e-02
2.157153261884871623e-02
2.253717080602284789e-02
2.152443200207971447e-02
2.356332624022091510e-02
2.124151516871323683e-02
2.393897867054861281e-02
2.355233201341590255e-02
2.043904474861567289e-02
2.309626884475907832e-02
2.206509045842813474e-02
2.463853787848823557e-02
2.198645842946944998e-02
2.106683380806531961e-02
2.168356309353831543e-02
2.143143042695838663e-02
2.222594449110578546e-02
2.258762125969251272e-02
2.324672871360580761e-02
2.287929149330612463e-02
2.023203640356823624e-02
2.055358303015117002e-02
2.031868058317325837e-02
2.189298373202590298e-02
2.346886126138868559e-02
2.273388248208932025e-02
2.088067517691260741e-02
2.451503047694226708e-02
2.239267386738957866e-02
2.227887263336121582e-02
2.192087984044531132e-02
2.005255148342683855e-02
2.355883507039220268e-02
2.154904762637642468e-02
2.112062019334107893e-02
2.320079520195823808e-02
2.159722988679756150e-02
2.106393247359902160e-02
2.346533874462586322e-02
1.931792571930337696e-02
2.172279461315117927e-02
2.304018325040760318e-02
2.302708142441193748e-02
2.254532247945296997e-02
2.180438299925236897e-02
2.277430306654842918e-02
2.098080164322075128e-02
2.042567092812040339e-02
2.189691904236729797e-02
2.297964809792896190e-02
2.331546689474993037e-02
2.120838563669756593e-02
2.249706073952241828e-02
2.368929855346360580e-02
2.196155647660673338e-02
2.250192088748388664e-02
2.269599395978435727e-02
2.209628314755497647e-02
2.337155016096228305e-02
1.975807934538541255e-02
2.367627899477987158e-02
2.092546760447512935e-02
2.140908933276486348e-02
2.287266419704724399e-02
2.109004692483175403e-02
2.282677977216110779e-02
2.252271668725402617e-02
2.095333801153063946e-02
2.117973168040327911e-02
2.215880464001118363e-02
2.424331740028541626e-02
2.320605800153612702e-02
2.101761338465010787e-02
2.444677346096046922e-02
2.132525018836574707e-02
2.096044352470704739e-02
1.921157231737533055e-02
2.289432549587804011e-02
2.200158757155779021e-02
2.277531230535658965e-02
2.250313414813020357e-02
2.225312496121593583e-02
2.181696587800016282e-02
2.116279653222957746e-02
2.124618883647287279e-02
2.250575343508082887e-02
2.121068853302538956e-02
2.064876499444879068e-02
2.112643691210258981e-02
2.310419440269645755e-02
2.006938510869286235e-02
2.192536284860639728e-02
2.026130380762490579e-02
2.236589072043260878e-02
2.262348003218139780e-02
2.349743447717064782e-02
2.224888636386881946e-02
2.312897247387856250e-02
2.346783312594204890e-02
2.284538825852307914e-02
2.170946308641634806e-02
2.204050792272126136e-02
2.441305345416221878e-02
2.113426701312360809e-02
2.245492432067597993e-02
2.252620568575969956e-02
2.221157505223057826e-02
2.347121842966676253e-02
2.200476446039868750e-02
2.346916143786953804e-02
2.157581900357252377e-02
2.196512142620766356e-02
2.248640160455767784e-02
2.187818594877792913e-02
2.143884018121806206e-02
2.226996775065580997e-02
2.236014459854681474e-02
2.265768798349834801e-02
1.989249255122916768e-02
2.388140944230761342e-02
2.134657677428224154e-02
2.231219788416491379e-02
2.345315881700409805e-02
2.201934048357348517e-02
2.281124270023301287e-02
2.054612523554934581e-02
2.071662512975464693e-02
2.229266491741716330e-02
2.088745675967003737e-02
2.222275017490316779e-02
2.157295632021983059e-02
1.950879327371308342e-02
2.299497223269687807e-02
2.111449981633882825e-02
2.112970774132780921e-02
2.320999758686709269e-02
2.178815554682643138e-02
2.471536586130485338e-02
2.290946589649174928e-02
2.139009825870835657e-02
2.200397202433346244e-02
2.073083427992308478e-02
2.298694621355383896e-02
2.149567916047958813e-02
2.292534749842360317e-02
2.248521326486467575e-02
2.198034744876189647e-02
2.285715609901459167e-02
2.232605177653219225e-02
2.224921771098748932e-02
2.187106072382370703e-02
2.101967670457253329e-02
2.328244368762658750e-02
2.287269018731875880e-02
2.186759182805425930e-02
2.042274106304920941e-02
2.119721547115900606e-02
2.134180543886608078e-02
2.109728537217154046e-02
2.051682510855750569e-02
2.321664539765964930e-02
2.230467907947914982e-02
2.117114433510828425e-02
2.164860976716940361e-02
2.295551525199206536e-02
2.058216985881530445e-02
2.221221045324868817e-02
2.063495817348149144e-02
2.315160004770905333e-02
2.092223937422795291e-02
2.252727132233492413e-02
2.174329677648229736e-02
2.214110453577297286e-02
2.324880583439672965e-02
2.081161877909261035e-02
2.320969432632278076e-02
2.250979546420211336e-02
2.040451700537010762e-02
2.289416753564658957e-02
2.205423876986284393e-02
2.284930768384883099e-02
2.226165141745488699e-02
2.168298656232595448e-02
2.110052243321405840e-02
2.079072254336998202e-02
2.135760824991319445e-02
2.345800061129938233e-02
2.106613780884787623e-02
2.258290590053368616e-02
2.190016168511411607e-02
2.207792339049453531e-02
2.165704776126342948e-02
2.366604502806142485e-02
2.355427600101673777e-02
2.202790173348701322e-02
2.144937337911995492e-02
2.067688443814924212e-02
2.186680098801878705e-02
2.165816408867027310e-02
2.254893900671707876e-02
2.163271858115869625e-02
2.222226583858201779e-02
2.135543128247546427e-02
2.178404842311564005e-02
2.172678565233272449e-02
2.239784527766391226e-02
2.336079349226590288e-02
2.064673268609318324e-02
2.129409738977370084e-02
2.244786191996523197e-02
2.018267036033130971e-02
2.116166346990772454e-02
2.271365423646901777e-02
2.114032801718705376e-02
2.419026379859577636e-02
2.306424147919859322e-02
2.327582360318112414e-02
2.180824250651481472e-02
2.184512009030476279e-02
2.307143913365096791e-02
2.161454462627970807e-02
2.199698050414181094e-02
2.321726526658453998e-02
2.087850059892615989e-02
2.188377908852025960e-02
2.090806679338604035e-02
2.160408730675240571e-02
2.327637343327221275e-02
2.059047549224200108e-02
2.197833759336821971e-02
2.156563280987783271e-02
2.085746842657032821e-02
2.368506063250420957e-02
2.055623329467781354e-02
2.301419960534167516e-02
2.309859483459683963e-02
2.346793058503158363e-02
2.089923564628059713e-02
2.120764819082112534e-02
2.136541442871230448e-02
2.122559979099105515e-02
2.165120593426805504e-02
2.373835296618309262e-02
2.025094272130013168e-02
2.219062744042532564e-02
2.226957157572150361e-02
2.170381706829916865e-02
2.115636285278279724e-02
2.238164461546677045e-02
1.901425377611573944e-02
1.970533534660877037e-02
2.233654248390096880e-02
2.181687095849469543e-02
2.161248085854341333e-02
1.945391511551932892e-02
2.271189431898275671e-02
2.144489802202762668e-02
2.222434213968684305e-02
2.193111498984920069e-02
2.012281587267282165e-02
2.178825815978253574e-02
2.208446172326876747e-02
2.133826793265101301e-02
2.321496535104066242e-02
2.164260627195484579e-02
2.146718294981896438e-02
2.130694056722035740e-02
2.130926031165334203e-02
2.307313068395898739e-02
2.134879261717950033e-02
2.152200736389337302e-02
2.174193968145178568e-02
2.232613555996349267e-02
2.115968900377169712e-02
2.001976185432405297e-02
2.358663335401287031e-02
2.045367476241667648e-02
2.066219693328547394e-02
2.264347228469314535e-02
2.392381583586591573e-02
2.104032297661384207e-02
2.147681407444752139e-02
2.033168876329331798e-02
2.170655788227010205e-02
2.061951244944069256e-02
2.179362556554477817e-02
2.123068218845648725e-02
1.878167799788534043e-02
2.196175203911280432e-02
2.149336100834452895e-02
2.133866634042550295e-02
2.129087511758769730e-02
2.109769007862360296e-02
2.059487151448774131e-02
2.192849745880518300e-02
2.207756241568461023e-02
2.159214452043322144e-02
1.942668808219603915e-02
2.218618577252666826e-02
2.130080400236041005e-02
2.180215616044475432e-02
2.334911081155641860e-02
2.158376756035943617e-02
2.020941402798501901e-02
2.175127882457187842e-02
2.067928272260695366e-02
2.186450486207369009e-02
1.985244237826307503e-02
2.093167058322848925e-02
2.223179342976217346e-02
2.147891273098592735e-02
2.144209456169372807e-02
2.159519701336222106e-02
2.152548363977217077e-02
2.014108020773903301e-02
2.194972707866102435e-02
2.248017943696689960e-02
2.216121030131047720e-02
2.118520425074204780e-02
2.193911625249317029e-02
2.049505838416615724e-02
2.119156454321668298e-02
2.031800841785965858e-02
2.137874300966988855e-02
2.231359953348874617e-02
2.207044017405393466e-02
2.189559907273322045e-02
2.073247414967685151e-02
1.910634538668156204e-02
2.072654382588583546e-02
2.171057802499732139e-02
2.165838566939502080e-02
2.182365861757383854e-02
2.038326704473693643e-02
1.962141634857406461e-02
2.121456339748180667e-02
2.248147537693212170e-02
2.134788825397624171e-02
2.135838408477496592e-02
2.147624574657112928e-02
2.186939376498970439e-02
2.096938866648125413e-02
2.067684471404745289e-02
2.126657702048220799e-02
2.133776142121260669e-02
2.206750221866759371e-02
2.109543090312519797e-02
1.923610974638731083e-02
2.056192196639077333e-02
2.214832802684092369e-02
2.089354762781290772e-02
2.083655562228004660e-02
2.209692962739228175e-02
2.100813805796255748e-02
2.027202310478183958e-02
2.113908707258742303e-02
2.146837858690884421e-02
2.167405486364880687e-02
2.044785752920841304e-02
2.037976563600947880e-02
2.178306319202208408e-02
2.197224864001758385e-02
2.220049300675790149e-02
2.318451279678948596e-02
2.036856168762899572e-02
2.123636342631117155e-02
2.160656356082170035e-02
2.161044770087222622e-02
2.110708633180036903e-02
2.220127795118895936e-02
2.211102088686076744e-02
2.087503804489499945e-02
1.943164464422581297e-02
1.997173928168140961e-02
2.083771293489051005e-02
1.988810482738927188e-02
2.001867839100468852e-02
2.062045836162030438e-02
2.153291186144788011e-02
2.115357267399321783e-02
2.053685198481693466e-02
2.010578497013425919e-02
2.059034446774166138e-02
2.240194578154281607e-02
1.927541917690469772e-02
2.179544503051114232e-02
2.101454036215002694e-02
2.295197843939479621e-02
2.040780062635849657e-02
2.104067788430690963e-02
2.109255833396632071e-02
2.159222749638173636e-02
2.095661131705360558e-02
2.086306987571826671e-02
2.184044242888799961e-02
2.034696212703558313e-02
2.052409776704740979e-02
2.179823120396802427e-02
1.934713796191030524e-02
2.096485155545100426e-02
2.060464149856566785e-02
2.090846722275681302e-02
2.015766312678010305e-02
2.193551577018435991e-02
2.072063979234223599e-02
2.017847082495139582e-02
2.114122007260496594e-02
1.978400047260812228e-02
2.277620163944124240e-02
2.233143082452533276e-02
2.083922434663581721e-02
2.060873405435429545e-02
2.011235553178073246e-02
1.912201646674606403e-02
2.109681614897729318e-02
2.137819349872900968e-02
2.040736062205621149e-02
1.956077691240699912e-02
2.017167134392022776e-02
2.126218288221464955e-02
2.038109615359217155e-02
1.981750339477094183e-02
2.098082937615337526e-02
2.011328935659953063e-02
2.093826249810089302e-02
2.013052810420566663e-02
2.171609171026749746e-02
2.100067680212124380e-02
2.029692898499175363e-02
1.966393924897958181e-02
2.055784786808746711e-02
2.128192571398691141e-02
2.225196679460477237e-02
1.944934846414625787e-02
2.042652896819856234e-02
2.196252210016843079e-02
1.917652929565415512e-02
2.178372169453744039e-02
1.975420960021233990e-02
1.992448760013630291e-02
2.099532948030254087e-02
2.130370123333337473e-02
2.039535551502519653e-02
1.969387102064076162e-02
2.130686085187348186e-02
2.142813383090115195e-02
2.117049261231215146e-02
2.023976095096548591e-02
2.226124383726896250e-02
1.955687076892571527e-02
2.055897389778242601e-02
2.028775117916995288e-02
2.090685155008039156e-02
1.924854902563522679e-02
2.174839469923324844e-02
2.253960639190329129e-02
1.947607170617583067e-02
2.145634923184339474e-02
2.210532779972704601e-02
1.876425989756303273e-02
2.210181214644677331e-02
2.037761192558314172e-02
2.249655283792513158e-02
2.200458045092568149e-02
2.006071876279070035e-02
1.896848703845837453e-02
2.037679496036291088e-02
2.129745351725829960e-02
1.941355851513102901e-02
2.067890499608809537e-02
2.078519649006611500e-02
2.055356139316540792e-02
2.070959580587829890e-02
2.243433512353561546e-02
1.966491747964629194e-02
2.095773705045984175e-02
2.174274117152046396e-02
2.052749761440311044e-02
2.096780428988614248e-02
2.050763546697237719e-02
2.063569132976622936e-02
2.039515835906337629e-02
2.115254508464531683e-02
2.234694396570643601e-02
2.104559125805222780e-02
2.108954867779202352e-02
2.137010619973117587e-02
1.999757868207466260e-02
2.125345046600392307e-02
1.857447288563775223e-02
2.090085140864137922e-02
2.092635593327833374e-02
2.069351511112253045e-02
1.975429114988647844e-02
1.932842572193979591e-02
2.074236842526910179e-02
2.204994993802136122e-02
2.034222096076685610e-02
2.254296301670066088e-02
1.925162268804063784e-02
2.116510096313381148e-02
2.085700567745500320e-02
2.031006212094727675e-02
2.097117252255894376e-02
2.196252413967821407e-02
1.988271301765009991e-02
2.175754046573773193e-02
2.110608122605426781e-02
2.008674549467358642e-02
1.948231878913621665e-02
2.105640556559417592e-02
2.199548871192640379e-02
2.049381009391445380e-02
2.002346793866734143e-02
2.107408772205595499e-02
2.012452083051947255e-02
2.069902043482453602e-02
2.081362272600073907e-02
2.144130811745300486e-02
2.071253428140853309e-02
2.217076838736331545e-02
2.147408491431567965e-02
1.996787243228202724e-02
2.145928699502002227e-02
2.008691430471832434e-02
2.000533770998152300e-02
2.019852263179918589e-02
2.164035987545796097e-02
2.004929512155673166e-02
2.096388309112921788e-02
1.971137392000396268e-02
1.954034228250394606e-02
2.051205656122924784e-02
1.988811652047083392e-02
2.066838133088835447e-02
2.107665880988623605e-02
2.063306191032276971e-02
2.021784171597450219e-02
1.987622564955732890e-02
2.158457257782266797e-02
1.941934561828917785e-02
1.958919902436707938e-02
2.129842355302994511e-02
2.129738745320131424e-02
2.085502461147714648e-02
2.048913674946588326e-02
1.996851853532410209e-02
2.081619645548664008e-02
2.240852718284989248e-02
2.163060515782576354e-02
1.981609337371748394e-02
2.014656304034926834e-02
2.270074662105399030e-02
2.123756244217955141e-02
2.111610435035515473e-02
2.150472657856528774e-02
1.966959406968787905e-02
2.243779769395590207e-02
2.078457895822862292e-02
2.061182086744837647e-02
2.102246369371524662e-02
2.139379703263022403e-02
2.029690826251800626e-02
1.889110405611648530e-02
2.028388939476752362e-02
2.037501217790281538e-02
1.924967756238836827e-02
2.117846662867745380e-02
2.188163661201004626e-02
2.187269355895555406e-02
1.948251064374504835e-02
2.077202704801840716e-02
2.080078869317360246e-02
2.228613199502233258e-02
2.108712879620817243e-02
2.019809158824098852e-02
2.000002033008894953e-02
1.972316389086931770e-02
2.083692966282444173e-02
2.077397699746539456e-02
1.942387122818101108e-02
2.037307362300357777e-02
2.064564084437212066e-02
2.171172975846536596e-02
2.006654430286203272e-02
2.108308332087803841e-02
2.063151419123463934e-02
2.067792948966097957e-02
2.082293186295088722e-02
2.081973296698231071e-02
1.937466795366801775e-02
2.092501190322670207e-02
2.067932981260830333e-02
2.118075165211744798e-02
2.053717427602156850e-02
2.042193558186981145e-02
2.080803954497658509e-02
2.047153254554412438e-02
2.230328982067606575e-02
2.053925909473001618e-02
2.121226709025525459e-02
1.881663961355798872e-02
1.993770205675681959e-02
2.085708466321893259e-02
2.092884616367194500e-02
2.057530219543885625e-02
2.102490452186293532e-02
2.113107633679573230e-02
2.221141941761528571e-02
2.031006738071148773e-02
2.081106112391514079e-02
2.131792938381532956e-02
2.220424284624992334e-02
2.196234951544953282e-02
2.098221464227583918e-02
2.009715329041499368e-02
2.144502968979576998e-02
2.290946213944398957e-02
2.270473517049080570e-02
2.515656467467098506e-02
2.400716138146886253e-02
2.557731858943533554e-02
2.481020403048011039e-02
