4.339669307443037383e+01
1.367537416224374454e+02
2.109396427521789406e+02
2.205124632451968125e+02
1.410493677360411198e+02
1.016805312690503058e+02
6.068996252216121690e+01
5.305376718484826881e+01
2.289856432577568413e+01
5.193915892773955534e+01
2.071807043877920407e+01
3.589940392941440450e+01
2.664205302556271704e+01
2.939961398395767134e+01
2.141861386239903808e+01
2.691745698618873206e+01
1.558384032371158234e+01
1.994575934303028220e+01
6.998538618681383383e+00
9.894300337108605348e+00
7.263035109428775726e+00
1.127498443580627630e+01
8.257155641198654195e+00
5.553539626760644055e+00
9.418088740083856436e+00
9.431028703253563350e+00
8.275709418659014105e+00
9.192669172186406001e+00
7.006505176903657706e+00
6.868876667086819765e+00
1.030536853628780136e+01
5.603349477812784585e+00
6.445395895559926203e+00
3.605586968161369033e+00
5.060360990868268516e+00
6.174211347817120554e+00
5.054387107045726246e+00
6.044458053904769201e+00
6.516381505125866447e+00
4.959042996432589057e+00
5.594217998497526878e+00
5.584729130050504864e+00
4.634272322538722122e+00
3.266389842038586622e+00
3.091629226387475171e+00
5.167005384272916224e+00
2.130742240378233898e+00
4.337923765955778777e+00
4.996776030717930084e+00
2.767228040490029350e+00
3.767714109102767051e+00
2.580015974857179373e+00
2.543231304587065811e+00
3.309418622744425331e+00
2.910331204565509644e+00
2.869548182656014745e+00
3.298902377791585128e+00
2.596663409036717329e+00
3.562217044729790505e+00
2.846686593679280008e+00
3.157376914412251878e+00
1.865495246769203197e+00
2.095407443780871848e+00
2.949835314385377938e+00
2.169545203165990532e+00
2.471812618876689349e+00
2.733640270113733894e+00
2.954323645075180416e+00
1.932036364745753021e+00
2.339965020008505814e+00
1.702503954536188191e+00
2.992843417402648587e+00
2.607986632434882601e+00
2.154732306354276261e+00
1.981691409106620005e+00
1.838381994086455640e+00
1.722256811854406600e+00
1.589343506272091977e+00
2.035397330658964776e+00
2.055626279683953950e+00
2.492224032268495204e+00
1.850465013810139947e+00
1.375681321908639454e+00
1.758332414736517579e+00
2.062684629108704204e+00
1.776281914568950571e+00
1.408696844598480657e+00
2.207184669898949902e+00
1.675513810734633902e+00
1.676504716508443016e+00
1.837622715908652449e+00
1.824606778439384014e+00
1.419223867317340515e+00
1.295775541180410828e+00
1.370694949119578565e+00
1.643338500745965547e+00
1.254861762904008637e+00
1.702982799047924711e+00
1.819030921106004062e+00
1.484993666587403949e+00
1.490907371228938905e+00
1.304385575859768887e+00
1.693899482315421867e+00
1.105437825147694175e+00
1.429982779899732215e+00
1.721928171352892445e+00
1.897911776637506209e+00
1.274047202127754463e+00
1.482216972957713708e+00
1.231220532104441379e+00
1.488344128055885562e+00
1.149277554625559583e+00
9.253719264770122743e-01
1.265625812154151264e+00
1.634396996467587071e+00
1.688698185606007707e+00
1.468433116451437481e+00
1.244007181305956111e+00
9.745235654713008122e-01
1.591933040189984050e+00
1.207497489678523772e+00
1.440721906823020593e+00
1.110656878918327983e+00
1.108400793296936193e+00
1.189712127343955483e+00
1.186420276910626015e+00
1.264509386276259084e+00
8.779661857771776656e-01
1.234101179215412403e+00
9.724683764750760018e-01
8.352371462148810988e-01
1.236265712730860056e+00
1.084577975772991643e+00
1.160032056238094356e+00
1.443440464706941428e+00
1.106958294935171727e+00
1.086491994853618248e+00
1.217914778785551100e+00
1.052435161770598926e+00
1.094139514078938058e+00
1.190149421625195769e+00
1.046211516868481572e+00
1.033019034484225385e+00
1.155383266390984431e+00
1.025469900408107593e+00
1.019742332901544701e+00
8.181828856024007113e-01
9.231001106828251590e-01
9.456868103438940132e-01
8.036605318841492096e-01
8.690577458508044195e-01
1.041887901346772116e+00
9.310405451545931133e-01
9.844640111705788010e-01
8.076686028802914086e-01
9.292022804849674467e-01
1.064109102123825146e+00
9.729821592349136017e-01
9.992668743367180140e-01
8.203636147203404727e-01
8.078676803783373384e-01
7.752397199015987894e-01
9.163253526423268402e-01
8.949375382921981315e-01
9.816098832698216814e-01
1.067526802996767721e+00
9.166770008158277028e-01
7.432757106532676961e-01
8.072394315475553972e-01
7.733259358632628144e-01
8.414418619348800199e-01
7.625308241734951586e-01
7.605227396561335951e-01
7.641940190947771328e-01
7.859220189201767681e-01
6.911876687756657311e-01
6.796516015092172180e-01
8.549238137329869813e-01
7.280740604909881064e-01
6.362627659200353891e-01
6.549793829961189084e-01
5.985011908849694473e-01
7.429345743270585611e-01
7.848393620413258720e-01
7.131785637868124361e-01
6.866738171550187397e-01
7.668002864384657613e-01
7.436356029695179171e-01
7.793194634730257198e-01
6.318914771892119031e-01
7.240922854706481893e-01
7.620195296829311848e-01
6.556032590783407166e-01
5.233542390762174756e-01
5.859076492914739864e-01
5.828167690451986349e-01
6.009403971687079515e-01
5.610020876737045192e-01
5.681862301911901891e-01
5.380385386530323055e-01
6.360792105293202603e-01
6.209606626125824258e-01
6.918631263184016333e-01
6.769858723490708163e-01
5.736344490265570251e-01
5.109442963535967275e-01
5.267360033473158509e-01
4.222302064510723985e-01
5.699172567707734283e-01
5.502132083298132414e-01
5.506249543274759350e-01
6.154100304177099190e-01
4.749164556522617042e-01
6.274377040043519482e-01
4.884807649406566754e-01
5.211267621327380084e-01
5.735740133650462091e-01
4.470746707333686509e-01
5.408029783282789493e-01
5.626463953848119814e-01
4.610391359636988318e-01
4.570007695692427374e-01
4.828407373358238330e-01
4.647010314466105685e-01
4.336620973138687885e-01
4.726759623587228343e-01
3.977772161349164004e-01
4.438464731117064410e-01
4.319043940297402351e-01
4.443897175079092876e-01
4.948537645415431729e-01
4.858339528647900307e-01
3.801686906906279750e-01
4.612777913512819405e-01
4.199401014406480281e-01
3.633299042120212152e-01
4.135532107024300630e-01
4.305745582561246732e-01
4.229301652489340091e-01
3.973544259877255791e-01
4.040228121872370681e-01
3.939928951523764544e-01
3.555872765592009155e-01
4.029915231189309943e-01
3.476343250240156446e-01
3.812718169219740938e-01
3.697225667084774181e-01
3.094765742957559240e-01
3.382309290556843595e-01
3.503520073036012761e-01
3.902201927305024576e-01
3.321642441322311123e-01
3.248667059107276933e-01
3.322128945706150915e-01
3.934358262097453207e-01
3.152280430083668761e-01
3.502619336933620597e-01
2.858324621580241032e-01
3.240517182405830421e-01
3.035853356410387338e-01
3.293829840245756646e-01
3.212535914517194446e-01
2.894115008638185604e-01
2.284702946932865575e-01
3.103740481730985490e-01
2.463704514316638061e-01
2.989892868330529807e-01
2.623046949739546441e-01
2.422819561238357400e-01
2.898022651260184213e-01
3.025315178118331283e-01
2.611202464006600055e-01
2.624763082716037865e-01
2.229067233758930955e-01
2.167359850540857835e-01
2.854605222049229063e-01
2.326545936017784810e-01
2.700490577793370761e-01
2.109881810454283524e-01
2.414796730531453828e-01
2.690053393672190984e-01
2.420542586195429946e-01
2.406892841531616534e-01
2.001417158559309351e-01
2.083848551386122405e-01
1.949105432856178544e-01
1.832639785348083028e-01
2.309130168168702646e-01
1.995399368311686072e-01
1.910824648572667095e-01
2.574464092704255025e-01
2.081788720924811209e-01
1.794452803524461126e-01
1.948750153094419846e-01
2.232452312432361974e-01
1.901288398842045646e-01
1.720066068535767156e-01
1.969111430940918561e-01
2.036524003475484457e-01
1.829071760910395139e-01
1.790876331260164711e-01
1.634450440796963167e-01
1.982611675245521954e-01
1.879863774701955592e-01
1.663103955436670833e-01
1.679890577583577072e-01
1.717846505580348515e-01
1.847832555828351486e-01
1.955745878040769381e-01
1.604442542864553123e-01
1.362491227206796829e-01
1.533989148512794887e-01
1.460507949356062152e-01
1.600169704043661878e-01
1.597213285035609942e-01
1.443355718117966535e-01
1.492996595754652323e-01
1.577360830584826901e-01
1.431201530700861035e-01
1.276629289996753791e-01
1.744211535818418202e-01
1.383070660021422094e-01
1.374555756653885186e-01
1.186947761276298530e-01
1.526953624284551891e-01
1.359380999620184716e-01
1.339498500037411832e-01
1.316739332677617502e-01
1.286082174994351568e-01
1.365476393267980038e-01
1.315143502222149430e-01
1.250963486872896102e-01
1.326097463138203036e-01
1.026907968942611521e-01
1.244772655911689507e-01
1.278142841100401439e-01
1.292178906010004735e-01
1.458919795942392461e-01
1.263505496515348603e-01
1.019762972626313824e-01
1.227678948673699838e-01
1.441360780768775884e-01
1.136056997579826811e-01
1.058558104163935393e-01
1.164555343165818435e-01
1.067649175804848832e-01
9.725417327483426577e-02
1.021168968075784195e-01
1.055739975784079077e-01
1.180796411916570920e-01
1.035413663065983814e-01
1.099534816009209437e-01
1.277857375585496058e-01
1.119672837947470745e-01
9.145303011251250391e-02
1.058348789193832296e-01
1.137678816714549485e-01
9.637668110431045487e-02
1.161353853565513516e-01
1.017433619172286585e-01
1.018645888224966184e-01
1.123426774599241701e-01
1.099368578599840274e-01
1.026081750470216880e-01
8.855308031133697633e-02
9.913384059162656803e-02
8.712390946299590488e-02
1.053716692795939741e-01
1.009736666910057284e-01
1.054146672425460424e-01
1.071743091940599718e-01
1.002044170120739014e-01
7.989942478619799227e-02
9.453042791519694621e-02
9.138838137370178250e-02
9.962765392880612580e-02
9.660469241781466376e-02
1.047476329999390277e-01
9.830883830092687625e-02
9.255835153140802574e-02
9.670365944206356368e-02
1.030977605771697531e-01
9.504487030639453826e-02
9.397966150808474695e-02
7.509558532757794336e-02
9.380132480978214948e-02
9.731390855352285707e-02
1.015408629165666654e-01
9.112431940607859659e-02
8.107579939482151277e-02
8.558523307787280210e-02
9.437653334831508367e-02
8.341165713110640367e-02
9.937201733825389016e-02
8.428222533696373697e-02
8.223415859499556835e-02
8.726971881044506829e-02
8.526430123523098814e-02
9.755188605382038303e-02
8.345743943251454633e-02
8.169848019359535196e-02
8.915471859372801899e-02
6.958787173599223497e-02
9.838701254395570972e-02
8.046667086883817210e-02
8.231144802321030407e-02
9.823254069315760784e-02
7.344129004063897070e-02
8.246474652795371396e-02
7.680460870541808149e-02
8.368227104438040465e-02
9.548154022392386919e-02
7.353367740343767778e-02
7.201571924207708641e-02
8.548268512031444166e-02
8.975665870739851782e-02
7.593462561312705472e-02
7.974106752007042997e-02
8.042410179898705491e-02
8.109946231638126557e-02
8.316463852781309785e-02
8.336996481381636626e-02
8.585397349446251269e-02
6.700676825012712168e-02
9.908384725962662842e-02
8.533786912883307985e-02
8.763797264540214293e-02
7.994389102216990783e-02
8.437267839259843250e-02
8.385663648962034256e-02
7.008537476387119436e-02
8.328317438941884587e-02
7.898617286649858849e-02
7.679994021095476464e-02
7.995773696697755506e-02
8.036762980417856694e-02
8.185702544807117731e-02
7.892699165667771410e-02
8.693089303432310899e-02
8.035933336984829589e-02
9.102138407408119636e-02
7.986980530461293415e-02
8.196700478376757470e-02
7.419743335331721590e-02
8.781862878455598542e-02
8.079761495197716747e-02
8.521911082069784371e-02
7.346880548811821066e-02
7.989444714999585639e-02
8.046947484333177858e-02
8.328709156465899377e-02
8.210679501666240387e-02
8.359153681091810451e-02
8.367730604508062664e-02
7.847083984362770992e-02
7.476294360870469613e-02
8.424964442661292408e-02
8.760528427598532342e-02
7.350672431587029765e-02
8.178145344728275645e-02
7.648759951160234716e-02
8.025421210385710880e-02
8.459510532777335390e-02
7.825008488376941629e-02
7.345040912089281782e-02
8.401138613369225905e-02
7.847587826125289323e-02
7.551719924199622180e-02
7.371728407734673416e-02
8.004896184138129978e-02
8.031610629665091039e-02
8.332255774466673648e-02
9.008159564981924050e-02
6.387899432769648944e-02
8.266067205169073950e-02
8.466874012218107703e-02
7.380662717932780226e-02
9.735641177274992342e-02
8.338112357677100739e-02
7.897271707608641278e-02
7.131398169461063141e-02
7.488646271264157162e-02
8.277869497636891616e-02
7.983344768278383130e-02
9.014486625796924724e-02
7.896343006934450348e-02
7.044363420235137674e-02
8.401397821908232477e-02
7.517960111890537034e-02
8.247776938235162891e-02
8.090118965478429458e-02
8.706730989040312174e-02
7.986268426040947499e-02
7.423566363053410444e-02
7.789548176361184295e-02
8.089113021852946395e-02
8.195960962548969053e-02
7.578157318507587614e-02
8.085944194481531344e-02
7.310058795256806075e-02
7.920739714783714414e-02
8.171114765681695979e-02
8.234681472235896860e-02
7.358821110812874267e-02
7.212004965845295046e-02
7.140177836594079064e-02
7.937750065696162760e-02
8.065319181369984269e-02
7.360382052369951467e-02
7.863831883930863520e-02
8.475881263007169208e-02
7.302055463573443872e-02
7.296767190224991151e-02
8.253573170645027435e-02
7.421307857580912437e-02
8.280128784620523208e-02
8.240081838531386482e-02
7.122133870779034925e-02
6.803510958713451795e-02
7.015860661082637395e-02
7.608306854257396168e-02
7.630914430228750989e-02
7.368113648381209579e-02
8.329608863627833981e-02
7.687401027762651162e-02
7.339256786460530979e-02
7.734885923723620882e-02
7.998620552804634742e-02
7.480338568676689337e-02
6.829684060222446229e-02
7.042912846299605178e-02
7.478460899080743851e-02
7.446680549033855845e-02
7.082752129130180652e-02
7.629705816084729475e-02
7.816136252145021446e-02
7.686080473606608787e-02
7.640758084204651857e-02
8.364944183724125348e-02
7.078216029722066149e-02
8.553336936045805028e-02
7.138185861606366478e-02
7.210361142313792548e-02
7.555094499728085000e-02
8.048015768684606275e-02
8.397090683491928442e-02
7.838554269128239493e-02
7.237338079480679087e-02
8.242724707008086682e-02
5.995740681692040414e-02
7.730938735771528125e-02
7.576417505968831290e-02
7.383666398535639053e-02
8.168773364592120390e-02
6.382689826528338550e-02
7.753515549727600653e-02
8.167173869749914938e-02
7.698909850539389921e-02
7.863515304230084269e-02
7.146420620875787444e-02
7.370769319550599108e-02
7.852523282800695503e-02
6.834577464269495084e-02
7.330933336925625488e-02
7.361733156121144650e-02
6.982168335137939330e-02
7.910643928540155023e-02
6.746170210727314709e-02
7.055946152627803891e-02
7.901225497008071419e-02
7.349880949639459038e-02
7.153237646050060461e-02
6.678696777713179211e-02
7.683005652866364832e-02
7.140575000496046654e-02
7.550110220517264326e-02
7.681944279262102604e-02
7.235142224242971376e-02
7.150042872925531368e-02
7.453333103357789868e-02
7.001544816318656939e-02
7.434582247253501697e-02
7.110323842390854632e-02
7.643976051715151154e-02
7.188061105691061214e-02
8.158154986290612476e-02
7.503723163965810017e-02
6.056848280394930284e-02
7.491393860789857806e-02
7.692381680906215657e-02
7.153735373888001070e-02
7.501636528153723948e-02
6.679056812623716810e-02
7.538399740547609140e-02
7.220491610045211284e-02
6.963423798971196677e-02
7.633421030795142781e-02
6.784810713412076089e-02
7.133368653535367143e-02
7.010530351612954958e-02
7.224908197169380153e-02
7.568557328431643749e-02
6.073182059784367620e-02
6.108604933706167361e-02
6.934881094757457121e-02
6.829936483338715225e-02
7.310617000065995630e-02
7.136296902413262477e-02
7.304247313922551665e-02
7.405343905768387025e-02
6.312058856643198990e-02
7.643502983291350361e-02
6.420886213221539685e-02
7.421503179043451026e-02
7.258953584835584061e-02
6.949598505754041311e-02
7.718162207691754706e-02
6.723393418188024218e-02
8.027817772280709807e-02
6.522523340184691043e-02
6.664420155984697447e-02
7.856483219892050618e-02
6.941715572026069259e-02
7.726447604206493347e-02
7.618115928070609555e-02
6.657983024650752923e-02
6.675551840943505510e-02
6.630446801298603421e-02
6.572955580472421289e-02
8.032060726994311173e-02
6.495701667571253390e-02
7.371089633818289633e-02
6.721179668096879944e-02
6.101643973917877939e-02
7.648944656093026317e-02
7.089821838158817668e-02
7.579017260624404395e-02
7.485102441951074770e-02
7.524102597602201625e-02
7.321509709060143589e-02
6.558857884408794692e-02
6.730691794413652673e-02
7.465190008079319872e-02
6.524066306445305830e-02
6.627850951968920767e-02
6.261723759431456204e-02
6.688701548558535770e-02
6.984706955279505747e-02
6.276346331999603512e-02
7.196030387291911523e-02
6.829990613816279421e-02
7.012942633583744978e-02
7.072678672658294641e-02
6.577927353982636338e-02
7.068230560499502713e-02
6.519107551818559276e-02
7.437868989353772775e-02
7.245018273053741020e-02
6.362043392937073716e-02
7.790207440044401299e-02
6.874081208357864237e-02
6.987479439413384064e-02
6.911930229614506038e-02
6.437943561016376548e-02
6.784458059289751042e-02
6.056444499809170851e-02
6.810539726916446657e-02
7.160809860372796543e-02
6.986587175243348657e-02
6.758941636107845818e-02
7.122079070689089908e-02
6.341413687829890178e-02
6.574391182720724924e-02
6.799686125194041864e-02
7.410304077249230126e-02
6.447393034175687154e-02
6.484320264654430677e-02
7.316111147795739678e-02
6.319072828301200428e-02
6.468378975393053454e-02
7.147074495551200557e-02
6.328480924164944788e-02
7.069803988780781756e-02
6.356859024865010865e-02
6.517150226677931313e-02
7.558843491165179174e-02
6.233603474655973614e-02
7.046228857460033745e-02
6.609838675852326706e-02
6.766964184462778698e-02
7.599030344412653626e-02
6.405182346296330043e-02
7.011690169246842519e-02
7.057678793075747303e-02
6.431928037056780512e-02
6.588747984518147915e-02
6.309961824008229747e-02
7.037744205395124464e-02
7.060557697607201810e-02
7.052284375744483080e-02
6.736445039357324971e-02
6.937664143447466736e-02
6.810498201353920589e-02
6.353953018631129657e-02
6.703430092044398991e-02
6.978334744871837747e-02
6.934693876847368432e-02
6.852204415282142635e-02
7.087742386321274624e-02
6.360813157611576452e-02
7.104682181615258607e-02
6.795582846882081141e-02
6.834916853895184330e-02
7.013673518923653483e-02
7.243899819290267050e-02
7.024974236014931706e-02
6.200461425963235684e-02
6.883754599809889518e-02
6.940384927068618537e-02
6.777457394107407052e-02
6.375389005659705399e-02
7.173909232048431006e-02
6.227343889741684957e-02
6.707905671759917254e-02
6.756569082491876987e-02
6.437963519951964142e-02
6.150724133040784414e-02
7.277920192816085543e-02
7.119165307629483908e-02
6.258562740479786668e-02
7.523239632648920372e-02
7.543146856348244278e-02
6.823121599367992784e-02
6.972531597227731026e-02
6.329344004086517872e-02
7.050429337604185998e-02
6.870650003534739536e-02
7.062070646589811707e-02
6.886068710280562888e-02
6.997295494294170082e-02
6.345931890523853758e-02
7.021205668893144847e-02
6.582079840888675759e-02
6.989671637388356062e-02
6.901541070257576072e-02
6.715486047253610424e-02
7.318642859318878757e-02
6.146528357419182853e-02
6.865356588637672175e-02
6.866906585071780311e-02
6.545786612768612900e-02
6.709677228813180905e-02
6.497136796890840005e-02
6.849873001839355824e-02
6.596897412965747887e-02
6.843871918654048647e-02
6.978272595932466515e-02
6.725523901378581415e-02
6.666069485317235865e-02
7.165585027575810395e-02
7.258140172061929019e-02
7.496049952217277712e-02
6.186362413644962838e-02
6.394668270469712479e-02
6.936396998286453730e-02
7.016647521674854171e-02
7.649296046971988672e-02
6.780726179788490460e-02
6.508229910799939733e-02
6.868650448011853760e-02
6.761448748687674815e-02
6.716597244720219628e-02
6.340823927037515795e-02
6.749081966347100781e-02
6.894467832817341435e-02
6.481250756954119729e-02
7.056316291248988792e-02
6.406332386011340252e-02
7.013635426909582693e-02
6.874670167385375785e-02
6.617186120783774550e-02
7.063172196199711539e-02
6.410595681522550382e-02
6.406533898512441205e-02
6.947088922382362031e-02
6.365465391274455209e-02
6.864358402852503704e-02
6.279019917905309667e-02
7.051446936280662825e-02
7.082419653370283785e-02
6.454366610992907927e-02
6.714938801527860213e-02
6.667515298308533678e-02
6.781883470592109386e-02
6.837735742971635944e-02
6.637149397543001816e-02
6.948088668284768676e-02
7.350366999978652505e-02
6.444844502206700798e-02
6.742818620502806504e-02
6.390556943159278469e-02
6.996692331804263421e-02
6.131982004818649357e-02
6.711207503176599976e-02
6.928958374887583815e-02
6.560981224298634285e-02
6.715144060985994701e-02
6.599793147086929768e-02
7.083192156583842380e-02
7.216873549542050792e-02
6.417458211060340922e-02
6.638151871941382065e-02
6.857882280933425001e-02
6.924403421258307212e-02
6.855330574633698715e-02
6.090233296959449844e-02
7.027271554670083686e-02
6.932374420437330265e-02
6.440664750488928059e-02
6.783902477302554412e-02
7.006296811698595195e-02
7.300499701871536462e-02
7.044192258640730175e-02
5.799142174055089277e-02
6.952542720916476959e-02
6.458733069282845962e-02
6.619319862488137751e-02
7.569289076491453327e-02
6.254862965430853239e-02
6.917655783077433784e-02
6.666023528043138469e-02
6.477170853479485846e-02
6.829225907380619132e-02
7.049580709986458249e-02
7.973089417750772734e-02
7.235232861727995679e-02
6.900551193881088174e-02
7.072748805636389080e-02
5.821550542804056899e-02
6.100944073174792426e-02
6.542018306883504164e-02
6.525266212365198049e-02
6.645949916721340112e-02
6.456115153990631128e-02
6.651412670085192491e-02
6.871931118848915998e-02
6.683021662510074679e-02
6.722158262955370278e-02
6.264048152211543208e-02
6.696040547288603650e-02
7.710267494144389111e-02
6.814606940563419646e-02
6.744351491703282075e-02
6.699955913795371809e-02
6.697631821238465843e-02
6.348226413211313646e-02
6.800317615452519671e-02
6.586217665956284328e-02
6.582968667053133716e-02
6.596834485785921243e-02
6.935629110688644461e-02
6.404428374998973050e-02
6.828718857256323160e-02
7.101911475886314717e-02
6.848329760635425700e-02
6.960271096991683948e-02
6.722238447739455058e-02
6.650674915933152409e-02
6.873817532635140282e-02
6.737714479884526764e-02
6.599135819229362543e-02
6.536644300231425619e-02
7.329389940377109558e-02
6.947534595035693983e-02
6.238707225610173185e-02
7.017823256356568729e-02
6.809281744023493177e-02
6.191694391465809438e-02
6.290003578296704534e-02
7.045454175942506003e-02
7.313502867747286029e-02
6.521960875221426146e-02
7.157087110874726932e-02
6.629315722268802613e-02
6.961057047163023148e-02
6.667048306474498975e-02
6.909904267355897189e-02
7.006696191216567338e-02
6.633142826288604410e-02
6.631509095021444200e-02
7.014048643354568735e-02
6.578664525056455992e-02
6.686237563816420371e-02
6.196295707714205570e-02
6.211201685488391966e-02
7.275358152330478612e-02
6.237544738788247667e-02
6.810191376782200046e-02
6.566292251154437487e-02
6.856579720436453695e-02
6.382037591861713932e-02
6.878719306293124003e-02
6.484808637068491255e-02
6.452516727261121965e-02
6.900928248833733403e-02
6.625604967435734516e-02
6.481093923910850874e-02
7.223567305886849366e-02
6.701420563397990360e-02
6.883022386449740015e-02
7.216050232616751103e-02
7.052062682797506643e-02
6.400547469940695566e-02
6.484157273217279471e-02
6.416578867882193060e-02
7.083027025261211251e-02
6.880489973758358024e-02
6.895803314381057647e-02
7.185202144601232632e-02
6.529420445802606998e-02
6.665430954313809886e-02
7.535308436513230013e-02
6.376079002853772548e-02
7.125426684563389290e-02
5.838070495624805845e-02
6.742737146739033460e-02
6.573805147528631598e-02
6.444016564377481882e-02
7.084436597764069699e-02
5.956514645716921852e-02
6.716537597933794346e-02
6.815479975929362999e-02
6.413064175113571130e-02
7.350337506229835671e-02
7.092884432859410115e-02
6.278393815983927817e-02
6.796536418516714584e-02
6.334589692289065155e-02
6.852448894116906775e-02
6.741093010540705199e-02
6.712218518615893637e-02
6.745872907532911300e-02
6.768239370095639751e-02
6.542260085796818003e-02
6.267570320923375460e-02
6.665401976145102214e-02
6.312446795442659686e-02
6.264144455332629202e-02
6.660156709322846702e-02
6.994075074579432505e-02
6.557201520152504404e-02
6.688100267829519274e-02
6.939280005542064478e-02
6.599993784169407018e-02
6.774207509731172694e-02
5.856298111239054138e-02
7.212605827532690694e-02
6.698549515986126912e-02
6.275236486180733875e-02
6.819473238695825112e-02
6.499462400261178663e-02
6.723259690346092277e-02
6.527464938680631323e-02
6.473857685832382081e-02
6.557878788093857159e-02
6.508388102922617324e-02
6.662228163920595747e-02
6.062530068040331704e-02
6.680712445255955478e-02
6.377044309776991327e-02
6.750972995511060615e-02
6.472298350614941187e-02
6.576569555275746382e-02
6.899357027369217021e-02
7.284129377901507607e-02
6.465236001873628235e-02
6.941767002461465830e-02
6.888637288945853587e-02
6.593126270652265031e-02
6.750123010233924359e-02
6.940956510688012226e-02
6.700681663243365782e-02
6.137839191812578810e-02
6.413867012981945559e-02
6.852213823687182404e-02
6.985637008359346645e-02
6.882776743610888315e-02
7.189045542816124845e-02
6.048776755080621098e-02
6.924394908052185216e-02
6.657729015884410184e-02
6.680802983255303140e-02
6.743724311022453177e-02
6.772778953452107675e-02
6.947272807850789211e-02
6.688040269947612138e-02
7.228729587934722145e-02
7.125970362920423795e-02
6.838127945209097891e-02
6.411308635045756543e-02
6.852727653730460167e-02
6.499876275011218230e-02
6.679274923692418708e-02
6.456126780682872046e-02
6.807938393956732004e-02
6.425565260368067133e-02
6.772277455088789033e-02
6.985225089102424512e-02
6.261535146056335099e-02
6.543376421043227420e-02
6.590420123858642398e-02
6.333804121318094282e-02
6.612114795363331632e-02
6.241510578424617345e-02
6.315680818872124180e-02
6.428006814978394490e-02
6.817749222025284994e-02
6.643502544707935442e-02
6.415786225527715658e-02
6.240339951642105698e-02
6.407834569659492940e-02
6.511262234702634710e-02
6.575500979613220498e-02
6.062534411546263713e-02
6.927637756806984126e-02
6.604756863518625176e-02
6.279952592151800961e-02
7.386970439528794952e-02
6.470871334249372886e-02
6.630040709299718504e-02
6.808181369157448315e-02
6.440957723765593224e-02
6.848878420464489525e-02
6.166712330236163303e-02
6.714483211490775150e-02
6.567268541707332874e-02
6.794894595224242051e-02
7.015924641569591669e-02
6.258355814313079635e-02
6.754892870266186733e-02
6.783703388614470420e-02
6.481489082076639929e-02
6.830287332036454051e-02
6.439203062710292802e-02
6.220939181187186418e-02
6.706966122924165608e-02
6.465766111946509576e-02
7.089718481720320986e-02
7.107816586680824889e-02
6.494331388408401684e-02
6.427359924452069606e-02
6.275442375944727258e-02
6.337446985860456516e-02
6.394531836138551972e-02
6.284238772175769483e-02
6.799101584254350905e-02
6.556227598485737940e-02
6.518805767918071925e-02
6.806382198631370783e-02
6.651628575361870355e-02
6.939426496453589277e-02
6.199855495100418251e-02
6.550968431336720577e-02
6.701127677547573380e-02
6.157280019402334298e-02
6.170105756676737968e-02
5.934921182011754226e-02
6.522347513226137150e-02
7.080374450364530781e-02
6.333297194876345848e-02
6.682792542091764432e-02
6.086421191579127060e-02
6.159442281277358044e-02
6.339731551012522948e-02
6.039552137995569253e-02
6.809230363259648200e-02
6.551740290745407258e-02
6.521291956543025237e-02
6.744121475588923942e-02
6.584651149869515108e-02
7.181123504672677627e-02
6.569093516935205213e-02
6.628884864842303493e-02
6.659496640580733762e-02
7.051940251075661248e-02
7.229392940687713598e-02
6.413746995231638104e-02
6.786659816550980051e-02
6.915538795757981971e-02
5.974107422255207911e-02
6.961694496043176195e-02
6.711338590442424146e-02
6.624095476218402889e-02
6.711409445438054622e-02
6.884425581568871799e-02
6.311914811640370604e-02
6.263537749126640852e-02
6.850811581866091127e-02
6.749266733032814602e-02
6.760671548390588537e-02
6.709822336612888960e-02
6.749050987965281301e-02
6.337750135426375997e-02
6.744435597358847123e-02
6.792784764789230878e-02
6.634246331299829824e-02
6.828141435132722981e-02
6.120031412229317430e-02
6.095583120100729613e-02
6.743914860116245746e-02
6.345375744335171597e-02
5.977600235522211730e-02
6.669500615330575810e-02
6.992945908250702836e-02
6.077917382452503736e-02
6.836720566427730017e-02
6.728612194808537839e-02
6.467272139607753434e-02
6.469102136372044398e-02
6.404440082174120419e-02
6.494794833826628144e-02
6.306936538714248697e-02
6.244868855325579754e-02
6.479545671075477575e-02
6.558648717642374948e-02
6.465441453022618967e-02
6.618978743857265035e-02
6.263596412846941797e-02
6.490824295223968088e-02
6.616462742742339198e-02
6.470688974730508247e-02
6.637846564487005774e-02
6.399955319344796667e-02
6.706280623737187474e-02
6.687523508723695886e-02
6.176584449920817510e-02
6.740365535404288511e-02
6.081339444443634168e-02
6.356174901989686266e-02
6.447851803518402092e-02
6.231085701222247031e-02
6.483974857399751879e-02
6.210555714385609244e-02
6.750895272700642435e-02
6.532744865297950010e-02
6.496762148666225534e-02
6.873366655987596385e-02
6.643747314905795731e-02
6.472922538218527089e-02
6.130816009580557918e-02
5.936333375212436009e-02
7.009491047650608098e-02
6.481398204587432432e-02
5.988334922193624954e-02
6.453669048668631003e-02
6.791976818687275874e-02
6.653678693402119426e-02
5.974961621318516242e-02
6.616011247007663743e-02
6.091531163658382014e-02
5.872476199424915555e-02
6.372880530995954362e-02
5.955967760365507568e-02
6.906623509890451318e-02
6.062644824746141192e-02
6.146628372348057062e-02
6.423925538718854023e-02
6.791679719187702913e-02
6.126491781588916385e-02
6.902287381551751311e-02
6.428583972961175730e-02
6.283223185619493667e-02
6.785244962047443096e-02
6.037740481878225290e-02
6.727979116474776256e-02
6.296491973362751404e-02
6.550036485870786018e-02
6.644639608713369394e-02
6.765145597528793298e-02
6.539630342371574589e-02
6.252902043038928437e-02
6.369053494073591282e-02
6.625457800027514943e-02
6.224046404972239516e-02
6.397314655761068836e-02
6.705185179210747248e-02
6.272338162344645585e-02
6.715407198643684461e-02
6.192148198738448017e-02
6.646843611921862682e-02
6.484318367908094294e-02
6.239607849467762590e-02
6.851235413572288879e-02
6.410233266614083492e-02
6.711957660702624895e-02
6.192760390089516870e-02
6.383975316633870578e-02
6.589622920426797814e-02
6.121493408850742918e-02
6.634237869244678787e-02
6.751013869183837557e-02
6.034287883585253559e-02
6.312735693788269764e-02
6.453623443167763596e-02
6.354507297890472917e-02
5.959744784500672216e-02
6.107242415579741679e-02
6.515408607819997422e-02
6.144025936853105690e-02
6.371276082255573903e-02
6.505380115106261518e-02
5.740359446777315577e-02
6.340801941319149093e-02
6.296447314030843845e-02
6.475009966730857491e-02
6.736144780402417154e-02
6.563908246364931476e-02
6.441628624089719424e-02
6.818379904336158148e-02
6.285976248451707882e-02
6.408565937324733897e-02
6.491037303220199839e-02
6.816224668758275040e-02
6.690489180669903502e-02
6.240751271609067119e-02
6.351708197883888796e-02
6.129270057306340086e-02
6.588757796921154708e-02
6.324286833757875037e-02
5.813883061028835009e-02
6.761951134455948531e-02
6.078244028351819511e-02
6.415908691697844168e-02
6.462335158249372935e-02
6.741066121699854086e-02
6.422303114525740320e-02
6.337146561593658134e-02
6.704775031142565234e-02
6.399790078564698836e-02
6.036055885827874140e-02
6.596673668288791093e-02
6.192040889837291395e-02
7.076318044262056017e-02
6.149308413333565843e-02
6.614127596147383048e-02
6.159651435848430279e-02
6.268925800480820709e-02
6.187969529577472955e-02
6.315636398557088194e-02
6.215723881502500936e-02
6.474912718858806537e-02
6.173251012675157190e-02
6.386964664153840787e-02
6.175266281506911620e-02
6.557364189779071872e-02
6.287954494330988409e-02
6.561220717985873085e-02
6.328622638808900636e-02
6.457777456818115935e-02
5.758241828307327642e-02
6.581669044743056196e-02
5.869248496763936757e-02
6.686752897202909163e-02
6.545484796449729803e-02
6.223303229732473490e-02
6.507856133265420284e-02
6.241351340236629686e-02
6.030139597414030384e-02
6.062308520716140625e-02
5.992853216745303024e-02
6.816651603722080621e-02
6.222058328786524151e-02
6.446783756117388520e-02
6.482735869913464066e-02
6.131140366901251942e-02
6.242184524506774052e-02
5.934811250514703679e-02
6.214161160092671748e-02
6.135622239591256161e-02
6.038816886928131955e-02
6.163379853071344200e-02
6.110638400049744900e-02
6.522602444408089062e-02
6.821677939472228780e-02
5.910077092429157769e-02
6.101437214326657643e-02
6.600571896074830525e-02
5.835328197223807467e-02
6.208940587437387221e-02
6.405996837962660284e-02
6.314075661006539331e-02
6.053858453386371657e-02
6.351995238636258534e-02
6.451952068080926694e-02
6.528019572896508194e-02
6.129757146192641587e-02
6.266023529086847677e-02
6.456339933377730489e-02
6.374459422570991074e-02
6.024916319911126361e-02
6.372207354137050805e-02
6.828855323547897149e-02
6.091587258239190839e-02
6.124654965467786483e-02
6.717921109402039126e-02
6.534221966919750990e-02
5.601452039382066872e-02
6.389383983694342517e-02
6.668343097327809887e-02
6.088381587755387764e-02
6.392588414040331624e-02
6.232730295101868850e-02
6.231423783846401498e-02
6.389905603763705588e-02
6.322381759138756552e-02
6.575393422611344740e-02
6.528646167058527183e-02
6.355254371590252083e-02
6.049806293063936941e-02
6.042775174402148508e-02
6.009117681005862049e-02
5.897721812931840807e-02
6.312350699896093764e-02
5.965705728583647893e-02
6.080026644318246853e-02
6.051704724651298106e-02
6.116220862092045657e-02
6.191228103604357047e-02
6.145823476549930331e-02
5.566159834025621173e-02
6.078277971179221750e-02
6.181006092734286916e-02
6.308399182200084832e-02
6.322698119317095300e-02
6.211612337424719105e-02
6.153107453147590306e-02
6.100440533461263387e-02
6.110568360790058495e-02
6.250569897754526538e-02
6.678741224997571113e-02
6.503236671179986328e-02
6.451681844550501144e-02
6.115591519073584198e-02
6.298483455331782555e-02
5.724818889413932355e-02
5.997393234875858514e-02
6.462531786988733040e-02
6.159696524210171720e-02
5.948358952381215675e-02
6.185882247113245330e-02
6.459554046189996956e-02
5.514313391837478984e-02
6.482664327659445891e-02
6.388638915450207956e-02
5.706965357773240849e-02
5.912519468291148328e-02
6.217584615917431945e-02
6.415980665919032710e-02
6.326798446354844896e-02
5.659962211617299704e-02
6.489691939465203063e-02
6.620857156287221490e-02
6.050337281000280759e-02
6.013367575444694690e-02
5.878267014025195109e-02
6.207831650574235915e-02
6.441555114182441477e-02
5.814489733389544696e-02
6.081090323800794617e-02
6.389965561146890294e-02
6.243085718819259972e-02
5.901058402926881441e-02
6.138488438087129351e-02
6.127714509496105799e-02
5.958537239860874080e-02
5.988658124359993312e-02
6.653435983541441945e-02
6.083989995312719806e-02
6.192374746698944832e-02
6.374385636453960835e-02
6.359174813930490444e-02
6.460120672641912754e-02
5.606249250496351394e-02
5.920434159503960153e-02
5.557653159119796404e-02
5.980871689959108006e-02
6.197696974751796400e-02
6.284937247210047040e-02
5.860172112252815674e-02
6.088776871287257531e-02
6.121055654205452556e-02
6.092955198830476288e-02
6.385254697611882080e-02
6.033386879247985835e-02
6.132274990650796870e-02
5.902104092177666572e-02
6.468823229656664453e-02
6.272018949880092675e-02
5.911659658919111993e-02
6.428480506267543471e-02
6.289746615123087414e-02
5.929893868135755614e-02
6.593374527603687585e-02
6.466151781738425919e-02
5.996281720924362402e-02
6.174321700456211759e-02
6.742496751662753474e-02
6.316521799522921421e-02
6.132366197828546112e-02
6.104171488011023855e-02
5.979238910348459723e-02
5.652662828395053213e-02
5.678153144844738653e-02
6.002379358339119536e-02
6.392470260467866816e-02
5.945160131345075122e-02
6.237823797514607110e-02
6.183802528678388616e-02
5.765831935744875764e-02
5.776471709558377715e-02
6.388576537348489293e-02
5.897508326754056368e-02
6.267920023611971148e-02
6.074602927501658589e-02
6.061386594972742459e-02
6.170220456436582845e-02
6.171277015160245988e-02
5.929990873687379649e-02
6.100912042254653944e-02
6.276664307265338028e-02
6.643423281140721504e-02
5.728632472075255444e-02
6.473986595127595445e-02
6.198617620037907144e-02
6.273361458311689509e-02
6.570811862518396995e-02
5.900883336541742213e-02
6.199956880872430076e-02
5.761920460933501326e-02
5.883105965225082779e-02
6.303339716415938543e-02
6.307184472442492473e-02
6.171965857439605518e-02
6.273683692212522756e-02
6.079153356799750496e-02
6.301051582074888857e-02
6.397664023042685943e-02
6.395472043643150861e-02
5.892672064790203945e-02
5.723662439726642792e-02
5.939894895684894038e-02
6.166265146101731348e-02
6.067697479302109481e-02
6.495111214327312088e-02
5.920196164921735088e-02
5.931931277198655011e-02
6.109384010155198552e-02
5.905646630364369543e-02
6.403439992890204435e-02
6.055306564854254919e-02
6.156294055057327796e-02
6.405992374161645353e-02
5.642402743273462057e-02
6.174743956087964947e-02
5.950163712020235113e-02
6.235513632274097134e-02
6.115468685072888988e-02
5.910841839878116372e-02
6.074541026495661883e-02
6.093408621865092911e-02
6.500968710381446747e-02
6.049597877683379754e-02
6.150865979029675190e-02
6.126857202670597108e-02
6.177619803819262706e-02
6.112343965826085024e-02
6.314576318386248832e-02
6.184735120794313673e-02
5.536559378812475063e-02
6.285303610737452695e-02
6.569766435040759467e-02
5.927923695982806329e-02
6.283984645718709849e-02
5.968227694042506359e-02
6.235069304608519686e-02
6.468788608434758447e-02
6.689929497536963032e-02
6.409471851656653452e-02
6.122158067658968472e-02
5.922958469122407976e-02
5.983201302821395534e-02
6.121580150926843322e-02
6.113283148994511779e-02
6.386802098469998579e-02
6.198929860802434438e-02
6.190795753618030806e-02
6.229417000950993044e-02
6.893208829710605057e-02
6.058484883697272394e-02
6.001520531865150304e-02
6.251885637585657962e-02
6.144635658748354851e-02
5.924913018599424486e-02
6.419268926221022298e-02
6.087817449328838254e-02
6.555251981868451261e-02
6.309683648070764372e-02
6.228746999022922309e-02
6.264008479523054673e-02
6.169668561828557662e-02
6.223519175815592913e-02
6.093659206576293452e-02
6.043766205369364986e-02
6.010207370789819037e-02
6.132784880201654076e-02
6.247336223055862531e-02
6.459539760424411192e-02
6.303237672453934626e-02
5.837600438659625024e-02
6.251674227428770381e-02
6.486496338898642411e-02
5.941116986846243370e-02
6.353415896909123117e-02
6.290273654464746678e-02
6.261827320487022008e-02
6.182543293234270265e-02
6.765189099740517853e-02
6.257706268958961038e-02
6.257852219106746494e-02
6.453419126869551492e-02
7.113163848281796320e-02
6.887312443900525660e-02
7.545975347625859253e-02
7.667532178436874124e-02
