5.761012760978177027e+01
1.360439311639664197e+02
2.074617420543713706e+02
2.236172380334676575e+02
1.390778208900712514e+02
1.043910463406778035e+02
5.675807911319235188e+01
5.017679719906163172e+01
2.524660628263328732e+01
5.311741738360134235e+01
2.147223960394316578e+01
3.499524420528333479e+01
2.685058094628846703e+01
2.793303094567244216e+01
2.179416847965674009e+01
2.867996838714443086e+01
1.455488625389873647e+01
2.140161259018492146e+01
7.875956962376783110e+00
9.631366309529523662e+00
7.427631289120989244e+00
1.020344400717661770e+01
8.349813256464024391e+00
5.707280393920568073e+00
9.588986996660191053e+00
9.090878244213186576e+00
8.729578562580449841e+00
8.730276498588905199e+00
7.498921587034912406e+00
7.122169224870438242e+00
1.071012878433181825e+01
4.919015295552801703e+00
6.253746322737324448e+00
3.811599001086338756e+00
5.041210001003095798e+00
5.845562341222033886e+00
5.414567509832895809e+00
6.932289241366165200e+00
6.887489739578914971e+00
5.430194148901645868e+00
5.218184453078589691e+00
5.527694806284474183e+00
4.417208782013831936e+00
3.425014627036794934e+00
3.316666491983438991e+00
5.089127756463851959e+00
2.214023238526752646e+00
4.335624609782314565e+00
4.914162683653690245e+00
2.748271171053286110e+00
4.049672226552779364e+00
2.554135707139558509e+00
2.593871196220306707e+00
3.158321200696763142e+00
3.152418954718570809e+00
3.030204493909307573e+00
3.153857367221671648e+00
2.534867577811140915e+00
3.501161786857661440e+00
2.781627286963536339e+00
3.378065969319199002e+00
1.903522901003303680e+00
2.012777612596903243e+00
2.799114236163010805e+00
2.183218789552416439e+00
2.521923792169534106e+00
2.810400500790156020e+00
2.962641603406158897e+00
2.133605988584523772e+00
2.138379511707487524e+00
1.716013663139127177e+00
3.253997500685328337e+00
2.495618888518465361e+00
2.142146343209541115e+00
1.832762084916663481e+00
1.816634534488158703e+00
1.728145764208605106e+00
1.649791970232188376e+00
2.375361144206706410e+00
2.008410215949946842e+00
2.546879015432094384e+00
2.035118207979402349e+00
1.277493015476940830e+00
1.837645984511290909e+00
2.069816381320721987e+00
1.715511229250158420e+00
1.408134828269960837e+00
2.175131573057222933e+00
1.494405394173444757e+00
1.739206789929242492e+00
1.783604872383975914e+00
1.876871359088637448e+00
1.443231725534515064e+00
1.343613398132979420e+00
1.392662570651007403e+00
1.506997537895669925e+00
1.210092851882388354e+00
1.759879805282113185e+00
1.927586319468357789e+00
1.460232770744787301e+00
1.400309600388554232e+00
1.334149412955841330e+00
1.595596131188449007e+00
1.239934584941708939e+00
1.465185351241615974e+00
1.667577003096074151e+00
1.824051896278753526e+00
1.212547299391885547e+00
1.590519381999361048e+00
1.217351226292608057e+00
1.521939150920521122e+00
1.190098170050786663e+00
9.379588798990468046e-01
1.340759140742012745e+00
1.681169610107759782e+00
1.725058887278913877e+00
1.478538749679349396e+00
1.286768583897068829e+00
1.083877628557993855e+00
1.680412118939837329e+00
1.176884078705022763e+00
1.488617916639604299e+00
1.114898146195343109e+00
1.044721708905237190e+00
1.213964242240296310e+00
1.219847224667925722e+00
1.273620833165044486e+00
8.974176179940652753e-01
1.332157922097931158e+00
1.020049699279538480e+00
9.203057707831292511e-01
1.186508808942227100e+00
1.087216013035678275e+00
1.234238639880199440e+00
1.483217009531353936e+00
1.062311131669461117e+00
1.189428567704472917e+00
1.234169092376613541e+00
1.003151660443417637e+00
1.222111515299600937e+00
1.177150874035254757e+00
1.101750801260568791e+00
9.886732642316694575e-01
1.164674764799653373e+00
9.869208067315763389e-01
9.190404887719317850e-01
1.020829514632843438e+00
9.002084373325678346e-01
9.981089009457158046e-01
9.154000752894206894e-01
9.906823677100788927e-01
1.078483562716886501e+00
8.915745465701673256e-01
1.058495119668151796e+00
8.405884215818640870e-01
9.310204004025205426e-01
1.145193416372829009e+00
1.029410601696793215e+00
1.056099981563659806e+00
8.782967523526471476e-01
9.020339027154493650e-01
7.890593645536502221e-01
9.629445673441860976e-01
9.194595548057825640e-01
9.764151967554293154e-01
1.119442025448623701e+00
9.233100488658555483e-01
8.051203158167465901e-01
8.155676025997105061e-01
7.561035230758574865e-01
8.482225265860261487e-01
8.563463789631571288e-01
7.916062374586598782e-01
8.274327481834904408e-01
8.380182991709755891e-01
7.198765763270409401e-01
6.701344459239472195e-01
9.749973216355041217e-01
7.437553510401064827e-01
6.582040770632284765e-01
7.120732794640792784e-01
6.967471428312631554e-01
7.515973165889476837e-01
8.657509798868350259e-01
7.593835072657193486e-01
6.817963463833563997e-01
7.863477992679795969e-01
7.651590231506921747e-01
8.253809692770380790e-01
6.897478804384905571e-01
7.635339412958254135e-01
8.032387962835647599e-01
6.832136024961580345e-01
5.219663826681045782e-01
6.794254205660928969e-01
6.406770857546636444e-01
6.920170290138656366e-01
6.289894365045038960e-01
5.830771927533510146e-01
6.022834928841047653e-01
6.970544467146744250e-01
6.888165773163003047e-01
7.279556638055125761e-01
6.242839023360480244e-01
5.974377928754510680e-01
5.022856310806358415e-01
5.839061506393852241e-01
4.701752208822621570e-01
5.979115303016203642e-01
6.206798096255230490e-01
5.384776970607509927e-01
6.060340482879033042e-01
5.845116069990983210e-01
6.756772017914453032e-01
5.657650890283133505e-01
5.345943815388654041e-01
5.523662392528035925e-01
5.176772721754799855e-01
5.337404966241330317e-01
5.322332210260608543e-01
5.126740624001829838e-01
4.946591039987226490e-01
5.394608510026965842e-01
4.944272642928568273e-01
4.942106714654240784e-01
5.239527788833678867e-01
3.834977874030521816e-01
4.173703190285976139e-01
4.816326210647219885e-01
4.966340597242474009e-01
5.312024938847909050e-01
5.127252350187909702e-01
4.079157545003177510e-01
4.809237063261477818e-01
5.293981972202227437e-01
4.398354118774565058e-01
4.501035063793173419e-01
4.060275484718707806e-01
4.414301968301466150e-01
4.512279136674796076e-01
4.108940335810468136e-01
4.468390235390300447e-01
3.694009794558407167e-01
4.468514230952219668e-01
3.899521746208257644e-01
4.045709140628717115e-01
3.907594755388845709e-01
3.215787779421034331e-01
3.789291547314375674e-01
3.439268531619552594e-01
3.950187149357357042e-01
3.117222572437197692e-01
3.674229664851050292e-01
3.775997146658204295e-01
3.993383099685897109e-01
3.398562681043953981e-01
3.276169479763808567e-01
3.197389392160684407e-01
3.407270596698146470e-01
2.857230321463187228e-01
3.751540989184681818e-01
3.390843241069343983e-01
2.926163951044395972e-01
2.719745375529437070e-01
3.052747444787988762e-01
2.886596150563939811e-01
2.976725181138459853e-01
3.020846607297630881e-01
2.687395050103677518e-01
2.843832378592399124e-01
3.086964924998304438e-01
2.858221432162800779e-01
2.928127403716931920e-01
2.807211914451541723e-01
1.899454681671386980e-01
2.728373910109086475e-01
2.761631963671040135e-01
2.787703789869322435e-01
2.312229038131396464e-01
2.412764413879110170e-01
2.958699162526761128e-01
2.964509810590630901e-01
2.423217899392602903e-01
2.122005990155699795e-01
2.408469485512134411e-01
2.181316658526689933e-01
2.264601688927113665e-01
2.649235487144036560e-01
2.465636583967674711e-01
1.751646258886047358e-01
2.156590759575079119e-01
2.547374384731473373e-01
1.908225351690666094e-01
2.197319809999574158e-01
2.372345874427281287e-01
1.815510640725888358e-01
2.013241613726142465e-01
2.093814342858226762e-01
2.300600053769833453e-01
1.803589549363997513e-01
2.196027360044064125e-01
1.718927109653461960e-01
1.951855579243068073e-01
1.889885867178970058e-01
1.587298641866131677e-01
1.948185252500571618e-01
1.732254681234030314e-01
1.961735990346350766e-01
1.860193417825320161e-01
1.778656804126574897e-01
1.619147775845761750e-01
1.862849182664415293e-01
1.283091050921884302e-01
1.594915014506956275e-01
1.813398076007436688e-01
1.407975529768202283e-01
1.602555887274783042e-01
1.590516448711860320e-01
1.580219263190838219e-01
1.397169694392165484e-01
1.713013022079660774e-01
1.342914746876602561e-01
1.521146817449529898e-01
1.512088902538692714e-01
1.545559563178113549e-01
1.551471840246987921e-01
1.344218231826622700e-01
1.579716130633257998e-01
1.335892461888233129e-01
1.347751068969829935e-01
1.247401156847003090e-01
1.215020926522560468e-01
1.223032268861969502e-01
1.230206916932717331e-01
1.431838412810933769e-01
1.248621499064010015e-01
1.326517524598621878e-01
1.131760807587192663e-01
1.262026518501131178e-01
1.149690541022696383e-01
1.345715808423222914e-01
1.209844916365637596e-01
1.167935281799556552e-01
1.201207660447266568e-01
1.303619773363653978e-01
1.191983691836798337e-01
1.043209939635948158e-01
1.083008525308301467e-01
1.155929624280956775e-01
1.285651021146868300e-01
1.141560877811546582e-01
1.231228990024897940e-01
1.140382275298123943e-01
1.283482025652621372e-01
9.266730995613099708e-02
1.072126214106101094e-01
1.092511185889060432e-01
9.791448203407125683e-02
1.078577719395610035e-01
1.018564252950694554e-01
1.078621754972601404e-01
1.211504174257481692e-01
1.148734602218676321e-01
1.034457347082308187e-01
8.944071225591306018e-02
9.300646034266869810e-02
9.844545971810871043e-02
1.181334996855941261e-01
1.082789004354161727e-01
1.022904915542738880e-01
9.967839031539510453e-02
9.930656572769092083e-02
7.882345310992260046e-02
8.406615421290780654e-02
9.595364270982210952e-02
9.461645804175536356e-02
1.122171825770556103e-01
1.082056983626353552e-01
9.786222211010868477e-02
9.453434660462357864e-02
8.780729207912102430e-02
1.006501006508189466e-01
1.121697391671302724e-01
8.029902505063267470e-02
8.600361661866283425e-02
9.471534511882984120e-02
9.498246755843589573e-02
8.816577377662347670e-02
8.466769789981033745e-02
8.716583705254032921e-02
9.088123034305913006e-02
8.078772257117100564e-02
9.881963690015441171e-02
9.025082292503651404e-02
9.026460107277883838e-02
7.350322591245064818e-02
7.666643909443429661e-02
9.483870198436968046e-02
9.142891921572807168e-02
9.906830733319267612e-02
1.028294161613453744e-01
7.509063416910846667e-02
7.263895240374561302e-02
7.872267977217949075e-02
9.120910905053630779e-02
8.782634163281920203e-02
8.293741781685631809e-02
9.234346041029652119e-02
7.811787744825751667e-02
9.017810222834128642e-02
9.164604590644000182e-02
8.200437451357912855e-02
7.568812914647689294e-02
9.623567202392099840e-02
9.402085130877552155e-02
8.288927109193451603e-02
8.676179052743242248e-02
8.464352834251204216e-02
8.364555338582425892e-02
8.148919755522726627e-02
8.244147382767016974e-02
7.124285626360880863e-02
8.151308300665811857e-02
9.160406985836547222e-02
7.263649875591790539e-02
7.739082060126566132e-02
7.772579492631975784e-02
9.338944752890580847e-02
8.758540551607486846e-02
7.801859267073643633e-02
8.685736533587566643e-02
8.241892137655933148e-02
8.417807720692882523e-02
9.632764427498571869e-02
7.581048974915176319e-02
8.070344297360611263e-02
8.071524405863210461e-02
7.676684370932983226e-02
8.565437976176966395e-02
9.111328926530018468e-02
7.707415062095190894e-02
7.849047202873501994e-02
8.204469006190873159e-02
8.037705510171108680e-02
8.188351775061618321e-02
7.585582655251144057e-02
8.442763421765041298e-02
8.070073782240320959e-02
7.442223737539165052e-02
8.376475471659931837e-02
7.048983167221607726e-02
8.947757768286650204e-02
8.146653788935750984e-02
8.276609315204344619e-02
8.429657113142829949e-02
8.056654936671894807e-02
7.039690032354722904e-02
8.626045826859356225e-02
7.543284555136768599e-02
8.274979072260808810e-02
8.355327935076968526e-02
7.559521902088192635e-02
7.677183708486617908e-02
8.701340837335634626e-02
8.083284039115888608e-02
7.775371399344679912e-02
8.362435776124801934e-02
8.711448099750848661e-02
7.946707478673345482e-02
7.712962579293095033e-02
7.157654723352448178e-02
8.348155566733536648e-02
7.327920998464838853e-02
7.700247120530193112e-02
7.615154799271424413e-02
7.172535526496394420e-02
7.660855625719342754e-02
8.120284017273649013e-02
7.967756117181394593e-02
8.430506135577459093e-02
7.570258679619054631e-02
8.151238475677287376e-02
8.487802887084600068e-02
7.727953828914264911e-02
7.004915889742865942e-02
7.908452242210312066e-02
8.227369468325385071e-02
7.902918525176678977e-02
8.142419970531876439e-02
7.353429151868767777e-02
8.085007151225279132e-02
7.754613650077597786e-02
8.311869816901674979e-02
8.190580575475629732e-02
7.489512784081599206e-02
8.349111454418349509e-02
7.678631379202123519e-02
8.052849672492372324e-02
7.961027835552435261e-02
7.497742141801083671e-02
7.863564075990554791e-02
7.390776972694228231e-02
7.696033807261407067e-02
8.143584916831773934e-02
7.692836022684178265e-02
8.087606937182664768e-02
7.090079265797477603e-02
7.934390192945151021e-02
8.227583957889555988e-02
7.644630941094689158e-02
8.830689068095025351e-02
7.530912887306297210e-02
6.777298169654048798e-02
8.193323696029253256e-02
8.072835921158895423e-02
8.383102337939357662e-02
7.842002218392325752e-02
7.214221132831208361e-02
7.406576214007076775e-02
7.086139449818627811e-02
7.138024242038780443e-02
8.170154942347934712e-02
7.340793977857355823e-02
7.181113663145813342e-02
7.978436091155996501e-02
8.023021169832982025e-02
8.032713717000322662e-02
7.101087536177597137e-02
7.129669420164649885e-02
7.478709029503301242e-02
7.292055624413816550e-02
6.914094937388945428e-02
6.262766143545710207e-02
7.460460779354251282e-02
7.841333692634347430e-02
7.368683417682724002e-02
8.498259489513874942e-02
7.169733227521293828e-02
7.492318302826939114e-02
7.789794116923898226e-02
7.279239666733768044e-02
8.058465323936657432e-02
7.341796402921818565e-02
7.504638101515860582e-02
7.299636770169096178e-02
7.104154022100163390e-02
7.292065077738972556e-02
8.149494073189129939e-02
6.995453162943500447e-02
7.308653340416436384e-02
6.974908651663003223e-02
7.451769304767309754e-02
6.752015222224043434e-02
7.843299996930637452e-02
7.218710804811581672e-02
7.251991460489691510e-02
7.869749802623686452e-02
7.061244783465353558e-02
7.065352189577969733e-02
6.849759256939010055e-02
6.785092948150918402e-02
6.840045921642311233e-02
7.672959882077494409e-02
7.094586972562108573e-02
7.146543317744945278e-02
7.218796006341275662e-02
7.619819585483210422e-02
6.772594020658119496e-02
6.998091811519728533e-02
7.775810095418629608e-02
7.833453512014690312e-02
6.962270850273812040e-02
7.045506319071570545e-02
6.620152986898705794e-02
6.945238805810216576e-02
7.316778835714143892e-02
6.615222292699060591e-02
6.514827463454041234e-02
6.906296078403265093e-02
7.812448949634147322e-02
7.203203331061878989e-02
6.979400882773009740e-02
7.232379645152083036e-02
7.183053135447982351e-02
6.614355771356468516e-02
7.394266726229939413e-02
5.677437767331278140e-02
7.211681096959861315e-02
6.401138758311754329e-02
7.068055261887454255e-02
7.128360119160249975e-02
7.559970860225832812e-02
7.642657157660943945e-02
6.709805441414501415e-02
6.313060126101903424e-02
7.091889476002070924e-02
6.921292539138809707e-02
7.394869365195891331e-02
7.107398181972118811e-02
7.053980451575618538e-02
7.355337352033300413e-02
6.212671862397398104e-02
6.841756443121672915e-02
6.955697432666980984e-02
6.585969284369838639e-02
6.653035849437052840e-02
6.734048508398307598e-02
5.964931523236913918e-02
7.006653530786870199e-02
6.280514468514429571e-02
7.060405603795634477e-02
6.941799312613645967e-02
6.650659658262973728e-02
6.839095328060422474e-02
7.189811160925292655e-02
6.829231436027408120e-02
6.471565210976853999e-02
5.846602386875282553e-02
6.476758018921557891e-02
6.165770057749068306e-02
6.709555266696279330e-02
6.717767452431701314e-02
6.457420785830986221e-02
6.243013919620724744e-02
6.719568238560651163e-02
6.699356573743125987e-02
6.906252016882492850e-02
5.723422505957315165e-02
6.772739868739079128e-02
6.855264989671865095e-02
6.369121572920075081e-02
7.138427735165125965e-02
7.213858287366871347e-02
6.975182084607804700e-02
6.561306602252668652e-02
6.625351547859652246e-02
6.219644404716242331e-02
6.859157794233919359e-02
6.326711769465857838e-02
7.545870380168441527e-02
7.218878314938123597e-02
6.429703635227483616e-02
7.131941859705924480e-02
6.210209784710349346e-02
6.809116991059233071e-02
7.147359487603892336e-02
6.690558900689080879e-02
6.892440010295369790e-02
6.978723566752367824e-02
6.495045544586101893e-02
6.119352742541235568e-02
6.994593495473067080e-02
6.803590449056394485e-02
6.087422124563296455e-02
6.054710560695687055e-02
6.219575953262270612e-02
6.743506932799300801e-02
7.685827580015315574e-02
6.070793397003779179e-02
6.420343236612970073e-02
6.405461316752399104e-02
6.166125632761310787e-02
6.966930484577249505e-02
6.739003498545470539e-02
5.809219750043447678e-02
5.859594630949825633e-02
5.807530048509255971e-02
6.420841834643828405e-02
6.960695941508907025e-02
6.591313974649164187e-02
6.604085909334604654e-02
6.259216927160676791e-02
6.298577365157420616e-02
6.870981740617301825e-02
5.807775950369675755e-02
6.896716919965424630e-02
6.318603974019310066e-02
6.335757945826731019e-02
6.398587121005282208e-02
6.244775478066619950e-02
6.590511516499704403e-02
6.418120566135913918e-02
6.867425984473844724e-02
6.855568141214199440e-02
6.255875559101047034e-02
6.097747986197203651e-02
6.031392995253886946e-02
6.511881623540337338e-02
6.136080740009196288e-02
5.833005718704196985e-02
6.168936203398246720e-02
6.727640480382070243e-02
6.244921917214976692e-02
6.253294450173098318e-02
5.997436767464758844e-02
6.956686691314763193e-02
6.472433323427395635e-02
6.370192748347219824e-02
6.448154663874124115e-02
6.735170168077067587e-02
6.956416494484839175e-02
6.450384331069285160e-02
5.792621880898757292e-02
6.531620610228200396e-02
6.305646413959252461e-02
6.499666052694401397e-02
6.558765786371749396e-02
6.389315608903831101e-02
5.876537368113281257e-02
6.872482315199414382e-02
6.452155007342552651e-02
7.123909678726765560e-02
5.698291278476817073e-02
5.887339444925872994e-02
6.736272629120872157e-02
6.534704887552554575e-02
6.639990932940499635e-02
6.788795064747275843e-02
6.291867802308433177e-02
6.585514250578844431e-02
6.313238176897721654e-02
6.802818975215897679e-02
6.361958921311924864e-02
5.860880223403661105e-02
6.795700299036488978e-02
6.613886872571177189e-02
7.037440902382512131e-02
6.117429691651883605e-02
5.782136420410087518e-02
6.624504449335179290e-02
6.779379889116513014e-02
5.895598553207737763e-02
7.143866179411904882e-02
5.929820708419158981e-02
6.423080741415727879e-02
5.701168201610543051e-02
6.700241886580998729e-02
6.574236999007897209e-02
5.754721549933910357e-02
7.234024075384762331e-02
6.261438847132913543e-02
6.394645120846613462e-02
6.634036993801213644e-02
6.318485518328430250e-02
6.830967804825696654e-02
6.934862002181450824e-02
6.149275647891194740e-02
6.531583578691813052e-02
6.328569212521065190e-02
6.102974534842457721e-02
6.165440313806770656e-02
6.105859549705385664e-02
6.631427409757070790e-02
6.163050765792085078e-02
6.312635871598307191e-02
6.442251852260914846e-02
6.385274283574166043e-02
6.596955129295267728e-02
6.917808932076999207e-02
7.426381845578569618e-02
6.014371043295280855e-02
6.557949245015164130e-02
6.658990468989878231e-02
6.385453078947175842e-02
6.721361251415344795e-02
6.746769059415029524e-02
6.236039150067096415e-02
6.045085706431740230e-02
6.625474656349572555e-02
6.682321606185445684e-02
6.371627364393214754e-02
6.834326769947306202e-02
6.130396020777426763e-02
6.801213933235825126e-02
6.022615914765368228e-02
6.088397231732258635e-02
6.258090891562091695e-02
6.360915389702308242e-02
6.176186941909906497e-02
6.232309493397802241e-02
5.656872513505555033e-02
6.027867004049604349e-02
7.052321376489814608e-02
6.563214511162338005e-02
6.328644129565916265e-02
5.745355269937554160e-02
5.811856528298648544e-02
6.134356346272247518e-02
6.062001054967147001e-02
6.330727010823418432e-02
5.912920118315144469e-02
6.622511802781032297e-02
6.076340981444660477e-02
5.951440187490639883e-02
6.243390131245184216e-02
6.311491739624326691e-02
6.339036572671723213e-02
6.288173636269474287e-02
6.972699881575679381e-02
5.726104656103152279e-02
6.262835988193715675e-02
6.401396388828045625e-02
6.452861210823312987e-02
5.971879934703840792e-02
6.519270816611090480e-02
5.791116806710320392e-02
6.243543854328220677e-02
6.179956048969992288e-02
6.208174853356848710e-02
7.221682781794273864e-02
6.557539733878572918e-02
6.325165997026442610e-02
6.368848055488379734e-02
6.593167879189726355e-02
6.112001374979911944e-02
6.606348877335592451e-02
6.236705647115398793e-02
6.031172654924502746e-02
5.948277669403301271e-02
6.743010947733116267e-02
6.576489213089041497e-02
6.344615734133240981e-02
6.001130771686147974e-02
6.049582193461758295e-02
6.213420925617391816e-02
6.365320112002408048e-02
6.226562978464945247e-02
6.429445379717292630e-02
5.841987122021074369e-02
5.817843232549300969e-02
6.316331981562643694e-02
6.409137183362818846e-02
7.069174789302441753e-02
6.365023813719761225e-02
6.418210418638800596e-02
6.217535237456855990e-02
6.277515307406728029e-02
6.026714661469424750e-02
6.387555642296167957e-02
6.442034757589412686e-02
6.387768748419501985e-02
6.283691840468108580e-02
6.327370790836370218e-02
6.562405690582072404e-02
6.449853927863903602e-02
6.320364986001239527e-02
5.922255947900449680e-02
5.960718836823047928e-02
6.534590123694228314e-02
5.841063257727648061e-02
6.863589264995212380e-02
5.826144083771725435e-02
6.346027819558315575e-02
6.081041111535491483e-02
6.175230797564038726e-02
6.958374165031790126e-02
6.067397683970012640e-02
6.411995102026317450e-02
6.474550194502703970e-02
6.031058320294723635e-02
6.417010750709187250e-02
5.819067695824171882e-02
6.051100476395378236e-02
7.112083846179349800e-02
5.611008975898244128e-02
5.932299194616827420e-02
6.566182725845062795e-02
6.185175969083518688e-02
6.063033438719143270e-02
6.703622068239904752e-02
6.415194690787104359e-02
5.916469928765771824e-02
6.412664050514155223e-02
6.528171955392984838e-02
6.049184959597382616e-02
6.245897968891423596e-02
6.227222399294397165e-02
6.419245138521099958e-02
6.094256560369228776e-02
6.034282052992551160e-02
6.056560961930112369e-02
6.548019218982469025e-02
6.312793037764920234e-02
6.553205655434597710e-02
6.336718617589071068e-02
6.299581427126177413e-02
6.079651290408599057e-02
5.750114418667092581e-02
6.254852598787738471e-02
6.317431563137355932e-02
6.126224391589764340e-02
6.279163609812943303e-02
5.810155613986267564e-02
6.816388823776992067e-02
6.386687990726347408e-02
6.086418408650640099e-02
5.921894292263707449e-02
6.318116111623593711e-02
6.115693886140449731e-02
6.504373799093447761e-02
6.504429652419661811e-02
6.638774052235929535e-02
6.853658707028219277e-02
6.357236678936657726e-02
6.899508326101197464e-02
6.286841575306435781e-02
5.639840600630326856e-02
6.473208046111503244e-02
6.118716705176126258e-02
5.913019524985228120e-02
6.307112360802180628e-02
5.858574513108070342e-02
6.426872354089308015e-02
6.099802694129233954e-02
6.380872318362325324e-02
6.241482707394900575e-02
6.095858830091312186e-02
6.275996649418114082e-02
5.910685129119527814e-02
5.886820652540801502e-02
5.803443534654696007e-02
5.448697708992891742e-02
6.550498768873026789e-02
6.141443289450781301e-02
6.324343243862852459e-02
6.223056670869900331e-02
5.952776137732055523e-02
6.003006432962669503e-02
6.267673240123890210e-02
5.550198247948581048e-02
7.035499804244560451e-02
6.510109617921065739e-02
5.572312260947918233e-02
5.780092883213050481e-02
6.434914882586467710e-02
6.601149512162791944e-02
6.215177082071078607e-02
6.182474837091728181e-02
5.848486006863008735e-02
5.404061734734623423e-02
5.680756247894643007e-02
6.244954673772782489e-02
6.398663645166657865e-02
6.048093251734995568e-02
5.851666665027656367e-02
6.110099221380956708e-02
6.275977295769086250e-02
6.195738510666196075e-02
6.089880462577602904e-02
6.080365993423537258e-02
6.385522211478385224e-02
6.254918891992757024e-02
6.020866874798753293e-02
6.167243032645199768e-02
6.300014773135874380e-02
5.733606947557728928e-02
6.063780032291599814e-02
6.524830572936073103e-02
5.484321390163879317e-02
6.277388460978487739e-02
6.414250686506393906e-02
6.160211756343209749e-02
6.210401005166100302e-02
6.144319986635680270e-02
6.121015114576926208e-02
5.369845881523046399e-02
6.330649501745258534e-02
5.966019524801181861e-02
5.986560942213854652e-02
6.462800911873543830e-02
6.118665625644499617e-02
6.609645921255929979e-02
5.874756076777250258e-02
5.936895168844619902e-02
6.047227265427683462e-02
5.424551924238971146e-02
5.956060009789160281e-02
6.184397667312708374e-02
6.163312517034755245e-02
6.613326344195885609e-02
5.749233467663696084e-02
5.915284305730997977e-02
6.508499390508067084e-02
5.555389099267937086e-02
6.158183914443783602e-02
5.827686163082606424e-02
6.146271406540654986e-02
6.484089928931276170e-02
6.293960107044217767e-02
6.168028352908606210e-02
5.817427529628264177e-02
5.934007038403942003e-02
5.781915605634673633e-02
5.629638438716186299e-02
5.947170092046993178e-02
5.888574834894338972e-02
6.225772425566288015e-02
6.001235297288068371e-02
5.507581461664819156e-02
5.939356852838561379e-02
6.294913298117675582e-02
6.253907023846759505e-02
6.042252260836170064e-02
5.823430026501800333e-02
6.209802048761086518e-02
6.174867591954788515e-02
5.929892645863591577e-02
5.994703503419712698e-02
6.075120990817794303e-02
5.467021578132542220e-02
6.340718868195688307e-02
5.979461739198570908e-02
6.231193424222817440e-02
6.172446197398491485e-02
5.961079194168472650e-02
6.022206956690523416e-02
6.003446607840189769e-02
6.191200724174573955e-02
6.034077705032624139e-02
6.140034204379529736e-02
5.829504407323811421e-02
6.194962099573033537e-02
6.278553557280397435e-02
6.419794556953871412e-02
5.846964712080535836e-02
6.409540028152055369e-02
6.025451829130312742e-02
5.263633618463842839e-02
5.764984509122492162e-02
5.990649785190251680e-02
6.036100341055220669e-02
6.115830160685967881e-02
5.720189698272628437e-02
5.719587020624418428e-02
6.354876081266989940e-02
6.196929377961452740e-02
6.193594075992888554e-02
6.015199800212887166e-02
6.693895070984197393e-02
6.460301459552053593e-02
5.653155062813338544e-02
6.315254935331902908e-02
5.928937154932587689e-02
5.717397854976768307e-02
6.108993103222863652e-02
5.827017093211402099e-02
6.353958291535767577e-02
5.569947069983881976e-02
6.302401941845021949e-02
6.101886878146915022e-02
6.145789286652379724e-02
6.272456633490869349e-02
5.911149998998214278e-02
5.747861303725403798e-02
6.310952856476949313e-02
6.412171017139535467e-02
5.921715789524349682e-02
5.974531909100821991e-02
6.063957699817025537e-02
5.816199709723123001e-02
6.071956933615962199e-02
5.698067840579829763e-02
5.855948747864271609e-02
5.793544548263888927e-02
6.436707688208612166e-02
6.088713807922492560e-02
5.913042182290804277e-02
6.171710043549010621e-02
6.060639881711780974e-02
6.123194289855443673e-02
6.156043051783358089e-02
5.961859559367497369e-02
6.134809380576437127e-02
5.625359114760768164e-02
6.720509920387665592e-02
5.996915639302265871e-02
6.255363831590289581e-02
6.057079264479408448e-02
5.696170519101189517e-02
5.712423892305300288e-02
6.481541783482069885e-02
5.972740084753451473e-02
6.187936702394380983e-02
6.119139855413579382e-02
6.250974685997504054e-02
5.801438544002023717e-02
5.994561328315811677e-02
5.758036810316216614e-02
6.035735476690855944e-02
6.157314403596090419e-02
6.448330299519736131e-02
6.347625040875824742e-02
6.036337457205918910e-02
5.796606580258450991e-02
5.937463639899816931e-02
6.172331357813354985e-02
5.916150110172309351e-02
6.055573087370706709e-02
6.372958786725077540e-02
6.383278593399893674e-02
6.215624597386126826e-02
5.479494341221919501e-02
6.162814773415151159e-02
6.114363880840661264e-02
5.606948167532158772e-02
6.387701654452707101e-02
6.478927096230496785e-02
6.240165260194069363e-02
6.370387958947741625e-02
5.478766782440452898e-02
5.807175749558053657e-02
6.169092674989395259e-02
6.310984457902349409e-02
6.169007077802632355e-02
6.085630172172639546e-02
6.016685489725145247e-02
5.368660405449852957e-02
5.501171506340474249e-02
5.880288333098367820e-02
5.717756210408191098e-02
5.921114006046185319e-02
5.751296600753732363e-02
5.863011710165095397e-02
5.655173289320791080e-02
5.635294520159238318e-02
5.800649558811203643e-02
6.302048016971258104e-02
6.132682067948919818e-02
5.882732222324284915e-02
5.479366409715881459e-02
6.153465353696668805e-02
6.121418787826884284e-02
5.628323071901863289e-02
6.070757151719000794e-02
5.819177582902963081e-02
5.948913189377488808e-02
6.018471746730825328e-02
5.710352974864645742e-02
5.973604578107290231e-02
5.934278118260574719e-02
5.836202054632563113e-02
6.172219433801971744e-02
5.526068867706157572e-02
5.890082275600232870e-02
5.839749753015473915e-02
5.843321926799271288e-02
5.431222094883771112e-02
5.423897170137666895e-02
6.040328103864688047e-02
6.307661935547460852e-02
6.007592102040260063e-02
5.540546382714386237e-02
5.826040291511879604e-02
6.213986899575032335e-02
5.944278141706190594e-02
6.104610118696664894e-02
5.818750449548195508e-02
5.999808525210216514e-02
5.751489808977822138e-02
5.688426925140745161e-02
5.650364906439223067e-02
6.156174836542236545e-02
6.318089700302112477e-02
6.045782109782520813e-02
5.919121066334279840e-02
5.940119471124537948e-02
6.136136088075417466e-02
6.151156560582857202e-02
5.609177566142604238e-02
5.881375414080484976e-02
6.255564092125137643e-02
5.739131079258038420e-02
5.731786074060325753e-02
6.062773722681723265e-02
6.041690203594590053e-02
5.779721642670193615e-02
6.167782862642742781e-02
6.473573394126155844e-02
5.977457931284036602e-02
5.804767196757304459e-02
5.676651537541562570e-02
5.909989833283600669e-02
6.214692618223631448e-02
5.761998266935097063e-02
5.727006174288143403e-02
5.750957157307871881e-02
5.702156463019859151e-02
6.133551747391002146e-02
5.571881153145360338e-02
5.396048221682433338e-02
6.081452859813313988e-02
6.305261430706315950e-02
5.738487404100188483e-02
6.015668022183162655e-02
5.735324689055344011e-02
6.166297969166813220e-02
5.989534321534435019e-02
5.489137773099606737e-02
5.667282680367796005e-02
5.600853490882925362e-02
5.690866262066173603e-02
5.974141485996846412e-02
5.751513523858799853e-02
6.390288337122747298e-02
5.967571259728932098e-02
5.506348079518327138e-02
5.937248741810381703e-02
5.443824051450530527e-02
5.522057577147169299e-02
5.937389980495452052e-02
5.770949603578710840e-02
5.400546342935622773e-02
5.535209037517839492e-02
6.572467029768952473e-02
5.798347136297388876e-02
5.843376315362688866e-02
5.891183072481985528e-02
6.099500317198018606e-02
6.008493000275767076e-02
5.751439937967557647e-02
5.835822673650301051e-02
5.883466285555403325e-02
5.406966450497539128e-02
5.487389628473692688e-02
5.947796291548629322e-02
5.684965602857959543e-02
5.694815532656346407e-02
6.020015862965670539e-02
6.297552867556749367e-02
6.374557018098356287e-02
5.573315097942334317e-02
5.927142127367811264e-02
5.866709059963397255e-02
5.760311762212479841e-02
6.080610425831649984e-02
5.798598744929706755e-02
5.771512116072787663e-02
5.814908379017218881e-02
5.653047804210646621e-02
5.973333691659916955e-02
5.800394764435621436e-02
5.667346577407052916e-02
5.718848897924543040e-02
5.858350183964528696e-02
5.783126193704948848e-02
5.689970674936320472e-02
6.022866086328572399e-02
5.655250189132647598e-02
5.876500749161682469e-02
5.711811936827994318e-02
5.774284969833103770e-02
5.674735168163005244e-02
5.624948786684628305e-02
5.807293240945759355e-02
5.687354089159130793e-02
5.874600030858752320e-02
5.829621712194179434e-02
6.213965737179973081e-02
5.598342351089485164e-02
5.581130443621842158e-02
5.742015644802651170e-02
5.269502755374155800e-02
5.471149556234378847e-02
5.738708331850964073e-02
5.613631653517113518e-02
5.836588481277841384e-02
5.474490027055111535e-02
5.162149047786927791e-02
6.050644065221805201e-02
5.451744974297857704e-02
5.370381868271938836e-02
6.027295513677474736e-02
5.503358041070153389e-02
5.397328333555617003e-02
5.850661008213855346e-02
5.793123031034807385e-02
5.760457477942312193e-02
5.598511734245815996e-02
5.603337702774375401e-02
5.680022415955732901e-02
5.651528365494482009e-02
5.619071000846990321e-02
6.285811434319010793e-02
5.503763429884352826e-02
5.656403764091922498e-02
5.907055469426798766e-02
5.426618853901763601e-02
5.539043599150537261e-02
5.704333746715474496e-02
5.642514623025966791e-02
5.401434734906230412e-02
5.962717532984850716e-02
5.485774239320570511e-02
5.922093824512170840e-02
5.625150381318888559e-02
5.854063212027982299e-02
6.105843724033081787e-02
5.548563026571910056e-02
5.853760857888078845e-02
5.719696537891445082e-02
5.760753000042276306e-02
5.703635525230043440e-02
5.566753939525839745e-02
5.578656501872599621e-02
5.886898427156521396e-02
5.957183835772323494e-02
5.463403720036329875e-02
5.657229453572707595e-02
5.781549898103735541e-02
5.767531672679184623e-02
5.822910617957049312e-02
5.684082990667681939e-02
5.626481080451575106e-02
5.668335222269146878e-02
5.683997475861318760e-02
5.693842566166405078e-02
5.751920145098958492e-02
5.300277251734000078e-02
5.049606409793441081e-02
5.775259880923843542e-02
5.513937193159691025e-02
5.570735169746786342e-02
5.885569498793091076e-02
5.486592326342410592e-02
5.555811218872955953e-02
5.340161758400254616e-02
5.687050176398329715e-02
5.601568410700508149e-02
5.620252869776170418e-02
5.414062096073320868e-02
5.982355676773040004e-02
5.549561559128853017e-02
5.699415737801952209e-02
5.731023235240452485e-02
6.095497976921293581e-02
5.587380842143133131e-02
5.647467453897377088e-02
6.266059959132025403e-02
5.354904084649444312e-02
5.823954910363143139e-02
6.138701853971435113e-02
5.696168870186014976e-02
5.693211647103675610e-02
5.798700496091185180e-02
5.674015387183777015e-02
5.410632687112066491e-02
5.134116978971313416e-02
5.668421338312629870e-02
5.940123257759771791e-02
5.664880587187715727e-02
5.605092434186655787e-02
5.706388751309299234e-02
5.614958407352763775e-02
5.485049726957773319e-02
5.996496161767015526e-02
5.773043710143960922e-02
5.411029551461988413e-02
5.227215402190520804e-02
5.684651283697001595e-02
5.414517686114058564e-02
5.296702454744411925e-02
5.664953080529919194e-02
5.510205869282420316e-02
5.561521820050313591e-02
5.248183613368596900e-02
5.431540781857415595e-02
5.353719027829392796e-02
6.051730061241622494e-02
5.694180757134561371e-02
5.512536157329264025e-02
5.823518984655533942e-02
5.794991794528885770e-02
5.753958783653199960e-02
5.682428868581043679e-02
5.569391712150520424e-02
5.604241987711437722e-02
5.454743617528502730e-02
5.673286050219743942e-02
5.369595186299461198e-02
5.625188605792549867e-02
5.462771268103294720e-02
5.665461328902102883e-02
5.666227561203052848e-02
5.291170441612744885e-02
5.586840366421727544e-02
5.811935056177534864e-02
6.067690540287200979e-02
5.392560032430570444e-02
5.505370773230956749e-02
5.395036937893862156e-02
5.544445378326793433e-02
5.719363314985766167e-02
5.846219028922984562e-02
5.436957034708005815e-02
5.662495278375370006e-02
5.862288166843433734e-02
5.447527129590358508e-02
5.459315423226811931e-02
5.561383848750622166e-02
5.737858508914574912e-02
5.690484000220290273e-02
5.497368570380571640e-02
5.718928375277853443e-02
5.282205605669087339e-02
5.491347746989194006e-02
5.371510841371283929e-02
5.825351915610569448e-02
5.554077530418109754e-02
5.272627326359934086e-02
5.809338881858419623e-02
5.619376304395022614e-02
5.502027171228364433e-02
5.735430120614740807e-02
5.348105281340793937e-02
5.386630751836807285e-02
5.706543535074878881e-02
5.698536770752134217e-02
5.225218204372664849e-02
5.332761669002088201e-02
6.023811774120901852e-02
5.705223261050222650e-02
5.748425739130420126e-02
5.192276816438184950e-02
5.470807288126149082e-02
5.513626167413915313e-02
5.713241696600823011e-02
5.474300929582553293e-02
5.706878996542178589e-02
5.076226695336413103e-02
5.662824243026512439e-02
5.641977075383929757e-02
5.515245202957581167e-02
5.523346581171671710e-02
5.748537246488266000e-02
5.834582835127831435e-02
5.709688446340824286e-02
5.787362315331408963e-02
5.428849610203267256e-02
5.503459026024765111e-02
5.745532914724619383e-02
5.775263373352963053e-02
5.166422833753889221e-02
5.557827526163303805e-02
5.754237511353257201e-02
5.379684035194927383e-02
5.485585396523757346e-02
5.186562545406576963e-02
5.835572061018683143e-02
5.822437681503619261e-02
5.670634549375713762e-02
5.429827396348946983e-02
5.970405420446962819e-02
5.968373520203915095e-02
5.585209938449432754e-02
5.631917562842628927e-02
5.596113643048849368e-02
5.528686396415542770e-02
5.404022954609302709e-02
5.635965678484157471e-02
5.674013076214364654e-02
5.756302145148616684e-02
5.716645282602112604e-02
6.246826294782888145e-02
5.281151896039670834e-02
5.809538531734623201e-02
5.263162420264990565e-02
5.494158176346800038e-02
5.768451419628917165e-02
6.162847899956339082e-02
5.198427642879444727e-02
5.836669740027453784e-02
5.755773050794880941e-02
5.333615589655722744e-02
5.549467057959922567e-02
5.591160335791319630e-02
5.371614858153206384e-02
5.286228600020426160e-02
5.279456985438592959e-02
5.440513182477051124e-02
5.572562855639876661e-02
5.322072663763059014e-02
5.784055729727906325e-02
5.873302235434297441e-02
5.957739422154140901e-02
5.777533968338381676e-02
5.822931488351747870e-02
5.498561720208711839e-02
5.891861906941898985e-02
5.811732001985935037e-02
5.502216926792127816e-02
5.273160230143131982e-02
5.226309804369105860e-02
5.487059727532288961e-02
5.184835431960728436e-02
5.580054437611557672e-02
5.507495097052426264e-02
5.510951357955023999e-02
5.556639721388983988e-02
5.733514383189303176e-02
5.825336031504796397e-02
5.741009885005483177e-02
5.568284766929162966e-02
5.431887375434012177e-02
5.176153882910430881e-02
5.791958836378143655e-02
5.550876841832275838e-02
5.254278944003292623e-02
5.641459347984596751e-02
6.039999101757294320e-02
5.720677458379213459e-02
5.443653793531579022e-02
5.782283482986704665e-02
5.682810933113107560e-02
5.679880094458834155e-02
5.776849980183532129e-02
5.743057128931437771e-02
5.514478195644116620e-02
5.740720276182616905e-02
5.848413544296639927e-02
5.339992323949518255e-02
5.741650136624446704e-02
5.571100366216147348e-02
5.354879367539642360e-02
5.909575481317810158e-02
5.553952123466832785e-02
5.655594326827401153e-02
5.597243707523183454e-02
5.710800665111377683e-02
5.691985365907404476e-02
5.674416047958885656e-02
6.430201782530670096e-02
6.141994650572540210e-02
6.767903433259252199e-02
6.741026416321573012e-02
