5.737670902816054053e+01
1.313682391714209814e+02
2.094446417386992891e+02
2.281391666889856253e+02
1.435012917940456418e+02
1.025575749494104514e+02
5.797773277544742143e+01
5.397740011728536302e+01
2.429321275137398217e+01
5.209456791304123868e+01
2.064912425374706473e+01
3.555241495405211083e+01
2.610044627801938688e+01
2.803831192481629131e+01
2.191476288949585438e+01
2.769060031413966882e+01
1.506505238972517979e+01
2.061064714949325349e+01
7.144044469485690385e+00
9.074432106335637016e+00
7.281466203995282882e+00
1.050433339277067368e+01
8.255712394076189398e+00
6.044493347166026709e+00
8.998038603012204817e+00
8.908457198827468559e+00
8.101218746594321729e+00
9.080376461779719577e+00
7.189686815213773841e+00
7.105435616607866933e+00
1.054058066770201485e+01
5.363435621209638349e+00
6.007044154495501331e+00
3.678916501064736888e+00
5.310317676987457602e+00
6.082450517319464289e+00
5.463505349707549641e+00
6.598312491977270433e+00
6.417491401484935132e+00
5.202696148197178516e+00
5.456775738994559255e+00
5.746425242528983013e+00
4.601780989472628924e+00
3.377612426564462478e+00
3.247094273617936011e+00
5.154832301961517871e+00
1.980701281204550801e+00
4.148011074579841306e+00
4.759971653334734931e+00
2.651263101898382768e+00
3.984651702817503693e+00
2.457534033873243207e+00
2.630052590811636115e+00
3.166590773116429336e+00
3.098481077116583826e+00
3.011550027414830577e+00
3.311217959565585289e+00
2.552667799664353421e+00
3.562476655039973128e+00
2.667064053265177481e+00
3.312619341883277890e+00
1.963562108196546196e+00
2.071821302591955405e+00
2.846959703633900496e+00
2.325750756124062235e+00
2.448270018314736340e+00
2.696339295731349228e+00
2.925349833413565470e+00
2.153344319247780803e+00
2.167372260579681242e+00
1.630268328376052622e+00
3.102678317616453185e+00
2.475382393139716086e+00
2.122329985099807637e+00
1.758573889662871093e+00
1.932905081134683289e+00
1.812093452512237857e+00
1.614886338417983680e+00
2.026921298557101903e+00
1.977801050615985989e+00
2.533298305191172162e+00
1.967568256326815535e+00
1.331246333671029181e+00
1.741537869383697146e+00
2.116995332321027767e+00
1.792514307510736371e+00
1.426661290790332215e+00
2.234523948889476141e+00
1.615570587774797451e+00
1.643937644305835111e+00
1.746943861807762399e+00
1.903960335944513416e+00
1.459949194248333360e+00
1.395126238624006865e+00
1.424127037166361243e+00
1.500379803628217878e+00
1.261931712049150223e+00
1.786463188793325996e+00
1.719313668763161607e+00
1.381898436527587259e+00
1.449046933687431427e+00
1.367596936068314672e+00
1.673164896952116010e+00
1.226787478352290961e+00
1.272906074692201184e+00
1.624050599793209759e+00
1.932621313555464404e+00
1.217515328838867594e+00
1.601777685111218874e+00
1.133850997393346161e+00
1.355935354398790205e+00
1.051394654342440171e+00
8.718001509386020809e-01
1.417703017327844872e+00
1.701189606879755623e+00
1.771704190284735470e+00
1.656879799048267543e+00
1.293634074414769408e+00
1.025394800325874156e+00
1.542492403355913089e+00
1.077283554809043586e+00
1.445903542881065373e+00
1.163208504934932774e+00
1.075488677297183449e+00
1.289661848024403756e+00
1.056517339951395407e+00
1.193077097697011979e+00
1.011368821832039133e+00
1.291325946524393808e+00
1.022449698297522191e+00
8.713230503613745848e-01
1.153605964030388620e+00
1.139746241683769812e+00
1.215559892030426470e+00
1.393321933644253052e+00
9.608766784428163232e-01
1.217397958933227331e+00
1.266981037565948709e+00
9.667679367977456417e-01
1.170554846498534918e+00
1.279455194295886056e+00
1.046304366083500303e+00
9.805235731722156123e-01
1.261516721221303872e+00
9.970221176982750899e-01
9.514580534365429942e-01
9.509653717520748506e-01
8.980103678965190017e-01
9.675033786235547328e-01
8.179361688234059180e-01
8.977278438062666899e-01
1.061366759324547049e+00
9.347656197938311040e-01
1.037460949089157758e+00
8.407720619724821098e-01
9.204917086545629790e-01
1.158202704779753844e+00
9.589042172428119404e-01
9.767707747699234666e-01
8.712358347280003690e-01
8.460859333975904173e-01
8.147263978312222488e-01
9.318324493947360843e-01
8.504429180421817502e-01
9.395507932771152149e-01
9.738615350545735128e-01
9.757594512017387922e-01
7.698435391088637170e-01
7.628901350994218289e-01
8.072419612943836364e-01
7.536336193073456258e-01
7.703225235328707843e-01
8.146503569130754130e-01
7.526014567328442872e-01
7.902254290586064878e-01
6.441318847158876704e-01
7.229212693471978035e-01
9.350221593099170558e-01
7.001111041964102055e-01
5.906555687246159980e-01
6.351659411517556197e-01
6.697950520270642416e-01
7.541810982536899521e-01
8.162354432476813804e-01
8.085678388271323458e-01
6.745900201743918467e-01
8.217953045772183884e-01
7.734553962090112700e-01
7.861103251900204425e-01
6.770286622169200408e-01
7.325834979934424673e-01
7.740080509700956179e-01
6.523818224600668181e-01
5.284227680971226304e-01
6.725384968830750987e-01
6.816981032294568976e-01
6.745565098431575146e-01
5.205364502006079030e-01
6.705395060246961414e-01
5.775096017474836696e-01
6.124182569109619667e-01
6.535154025666645161e-01
7.464029042706952222e-01
5.870527532100228152e-01
5.982087710399933700e-01
5.244483801635099196e-01
5.509460732862989651e-01
4.339457133764716423e-01
5.365776927033856225e-01
6.032686614552031923e-01
5.696668663710986458e-01
6.034503829777212447e-01
5.527176019353072789e-01
6.320113152720429062e-01
5.375857098868047634e-01
4.978572747975678614e-01
5.674265494865224913e-01
5.040949752229205716e-01
5.134122107051164452e-01
5.204144292499600644e-01
5.062854626500719046e-01
4.382711921403047439e-01
5.125753110055953909e-01
4.598595136232217495e-01
4.892652087853440190e-01
4.888473549968110898e-01
3.728790665382744618e-01
4.191844725528087179e-01
4.568833367435195525e-01
4.718862107094306535e-01
5.068966426586638541e-01
4.560873972428969858e-01
3.603815690971333696e-01
4.665133858158231339e-01
4.492808797884491612e-01
3.941670227125920745e-01
4.131887347184981518e-01
3.812860481192479334e-01
4.449474086791211369e-01
3.958029342187277533e-01
3.991577034612199815e-01
4.221649557239303130e-01
3.659257883625977592e-01
4.241949231725412606e-01
3.754749275576794165e-01
3.761876465544204406e-01
3.648690438086500398e-01
3.181439335105127331e-01
3.432793645437905439e-01
3.537182081203307793e-01
3.493475555936217947e-01
3.039759307060748150e-01
3.345870611458034993e-01
3.779671853263973924e-01
3.565595918823778465e-01
3.232379856076494917e-01
3.405205898005747578e-01
2.864734663030617523e-01
3.181418850162890388e-01
2.706326631633384494e-01
3.254879309605647197e-01
3.296962618274057455e-01
2.779270953689885193e-01
2.432063315612500443e-01
2.902142992589036852e-01
2.782373451944900045e-01
3.124534930434146873e-01
2.532787610342253082e-01
2.675545871513120844e-01
2.902106884032621403e-01
2.993524142410586286e-01
2.595578927134070679e-01
2.807178235091500329e-01
2.236235316415179919e-01
2.129858636710606767e-01
2.517595419607840390e-01
2.427409482263882257e-01
2.371604283068175778e-01
2.348650885600163107e-01
2.462445284587347627e-01
2.532730161831232008e-01
2.702514320508059287e-01
2.155398510083945951e-01
2.002170105520851839e-01
2.059866323835408408e-01
1.918294315819513707e-01
2.092672059601321244e-01
2.177503065376755753e-01
2.134889724773912645e-01
1.716737820741841281e-01
2.275095829961047145e-01
2.141617373546371994e-01
1.917938503666221928e-01
2.053085424645529067e-01
2.119904963523397690e-01
1.729702342174667673e-01
1.892236976450453467e-01
1.961555188606727007e-01
2.023335983419566886e-01
1.596089218445547742e-01
1.878324825340828841e-01
1.409078788813543370e-01
1.604128481992648236e-01
1.728094774886721752e-01
1.585069129717196768e-01
1.723154051722936286e-01
1.546794157898636057e-01
1.858789804188928918e-01
1.741182517745573921e-01
1.624888795476294723e-01
1.446080605274254194e-01
1.443937643211453126e-01
1.339015695343794554e-01
1.625243411842749730e-01
1.613359364608138169e-01
1.455179581597635941e-01
1.426295739095055914e-01
1.425142718229424899e-01
1.503900275486839966e-01
1.222532647640286463e-01
1.486794220948487733e-01
1.389932384504653506e-01
1.294413968671834780e-01
1.222120164948537618e-01
1.528699954645848513e-01
1.249319380641619875e-01
1.188939759767793508e-01
1.381196400553703352e-01
1.112997901071764717e-01
1.204754623288384757e-01
1.109794783461941214e-01
9.909974083828215763e-02
1.139599449772515649e-01
1.196064198080623309e-01
1.257146907871142527e-01
1.193158070138867766e-01
1.083581423384252090e-01
1.066904300684538703e-01
1.341316828532389260e-01
1.109334129831840710e-01
1.207019615192354567e-01
1.013467555614467885e-01
9.295041075357729499e-02
1.149196360789523641e-01
1.123819603118260679e-01
1.056899250896503745e-01
9.073174741724301939e-02
8.038507567672077692e-02
1.025202307999911050e-01
1.052947309432387402e-01
9.877220211634464564e-02
1.054784213923991992e-01
1.056374723997666742e-01
9.310586270017572053e-02
8.082677250673467317e-02
9.019793179065424549e-02
8.625470538534699139e-02
7.872310033275406460e-02
9.300628770052950245e-02
9.580244991042120850e-02
9.687621540967723821e-02
8.550774488353013458e-02
9.588187577599145694e-02
8.777011061773055955e-02
8.150805914872620572e-02
8.081414371365565341e-02
8.175869814164167526e-02
9.324938309207367326e-02
8.300760684899471942e-02
8.303083500645151716e-02
8.595656291185113651e-02
7.717771815762382304e-02
6.919755344976682987e-02
7.987703929074309317e-02
7.928438682690434891e-02
7.565356718807678127e-02
8.904518084664517219e-02
8.775452688523273370e-02
7.252856102901672486e-02
7.414543150545956085e-02
6.971879934566495296e-02
8.585684940673452004e-02
8.084854936705321293e-02
6.775036481515216147e-02
8.912102353649394015e-02
8.694595234260855954e-02
7.208458750498118739e-02
7.271631627763439076e-02
8.114443060015080755e-02
7.795929807994095295e-02
7.005643510499164062e-02
8.195982556695960430e-02
7.395497494066817501e-02
6.812054864186189995e-02
7.070450026258631726e-02
6.540812983385628498e-02
6.476792041241960507e-02
6.412431201281408588e-02
6.565295725190263554e-02
7.233417774168157677e-02
6.653135895616038575e-02
6.215338363378131864e-02
6.529793700408044466e-02
6.651504294668425521e-02
7.733525968026089270e-02
8.449468704215877535e-02
6.554400014841534061e-02
7.135863496902213055e-02
6.967502489132068599e-02
7.496503505857524119e-02
7.332586714605646150e-02
6.656652594190147487e-02
6.436619702014687028e-02
6.911243760711457962e-02
6.021861307927278695e-02
7.069896907410425091e-02
6.761847745576814173e-02
6.474533575520528828e-02
6.104196030557931113e-02
6.963519710328230916e-02
6.855502288082127027e-02
6.026120721495467625e-02
7.239620338200401795e-02
6.861416507645258511e-02
6.435319302371497741e-02
7.456335223396427792e-02
6.762450274642338444e-02
6.296290385290050085e-02
6.317409852645228252e-02
6.535652737407074420e-02
6.071485563521229062e-02
6.623261880464217932e-02
6.498293448763228786e-02
6.485055154205139616e-02
5.916311711982267380e-02
7.065466707048090322e-02
7.174334610963621628e-02
6.671984695521568365e-02
6.401861353969234836e-02
6.588637118940376958e-02
6.559964254451679244e-02
7.256667158805628348e-02
6.081728936248462919e-02
6.874110217100996845e-02
7.213459760191669179e-02
6.103603955029444916e-02
6.266761282521109144e-02
6.295271438143996978e-02
6.576377426833965312e-02
6.546156806404813955e-02
6.104319396533673669e-02
6.752069741076639764e-02
6.313547021518838009e-02
6.493069549630710313e-02
6.314923969728018782e-02
5.928359382222893326e-02
6.772661755572115250e-02
6.878584379902712154e-02
6.076810924568352285e-02
6.414086914185394839e-02
6.640980318929695647e-02
6.148166740106903588e-02
6.003109983964202701e-02
7.010697279453488584e-02
6.221457069081000324e-02
6.399228190410467809e-02
7.134946028248813354e-02
6.234644214599523865e-02
6.587624289494906082e-02
6.793045365557449922e-02
5.663458648975017856e-02
6.957019227148733553e-02
6.222539594069090990e-02
6.498458517575370075e-02
6.544882953707155393e-02
6.033415130732421722e-02
7.143441643149860132e-02
6.351571412071468914e-02
6.309494838279856854e-02
6.512838005677953901e-02
5.403468133646652238e-02
6.234438013263826628e-02
6.351140810451783025e-02
5.591221630213831506e-02
6.106466991015627871e-02
6.408007864598135039e-02
6.285373967602410350e-02
7.006422289812234971e-02
6.593142776695208596e-02
6.234437107920059312e-02
6.654881187476446858e-02
5.828219709673942289e-02
5.932706411903863886e-02
6.432499536651635486e-02
5.383682264092810865e-02
6.076401820336218423e-02
5.662958359756530002e-02
5.995818901450420541e-02
6.402603742369766815e-02
6.341856273005105904e-02
6.155844112078356911e-02
5.333659304862175404e-02
6.209373747545319372e-02
6.765998764982146529e-02
6.062533044042044128e-02
6.144732516771103659e-02
5.981319365061042725e-02
6.682921076005686467e-02
6.497413990966899311e-02
6.108554226653571673e-02
6.602833575706205937e-02
5.586114444455523437e-02
5.604457963489607730e-02
6.123189323231145731e-02
5.477593194869840448e-02
6.209454627718835606e-02
6.499958541199470086e-02
6.317302974338186161e-02
6.050928629107102386e-02
5.263333893484985204e-02
5.906477680912033262e-02
6.699554556612616341e-02
5.959273948076486416e-02
6.481011733870598035e-02
5.244103212217970933e-02
5.909171006168048579e-02
6.110155543396270095e-02
6.989921345213161163e-02
6.491572109385836120e-02
6.414275313488794483e-02
5.647722474730385023e-02
5.727466119691049240e-02
5.626150169834039788e-02
6.240938907117082185e-02
6.302946026995433215e-02
6.033383856476397245e-02
5.355303386451331499e-02
5.283147977289829461e-02
6.423149527790378288e-02
5.769343743425344589e-02
5.421150486175650707e-02
5.857215746147640539e-02
5.398539779002838740e-02
6.177991015095689320e-02
6.124291483975281836e-02
5.899052680923856651e-02
6.194976687029814938e-02
5.726914579761013813e-02
5.396121710694797707e-02
5.639272010451090028e-02
5.568335317695843889e-02
5.403296770266641930e-02
6.337602609879061655e-02
5.847194955098529434e-02
5.780313054479571666e-02
5.532110565020462167e-02
6.239264227975283017e-02
5.340577354978124497e-02
5.825870501741655522e-02
5.793766509340040477e-02
5.615151703777530867e-02
6.439394969096705335e-02
5.778100834692916771e-02
5.768781117829671623e-02
6.466202303613018121e-02
5.891000927221891337e-02
5.219498566753806579e-02
5.756762524158866301e-02
5.219067720750793227e-02
5.717838733453311367e-02
5.896852191497971990e-02
5.936922468980563444e-02
6.090576475682236979e-02
5.890186592064901999e-02
5.875579416972143837e-02
5.491419719971539493e-02
4.817085112891426879e-02
5.903325565949039261e-02
5.477863849305827926e-02
5.490923465714152990e-02
6.204160778595712439e-02
5.479722911702081950e-02
5.183968936884542772e-02
5.930961292949380598e-02
5.551213417199774708e-02
5.809896584926978885e-02
5.291712166251207050e-02
5.392795677905151686e-02
5.082044279544938037e-02
5.547296859694388765e-02
5.691636239195028979e-02
5.876738686657557997e-02
5.204283044079847931e-02
5.441634573900883814e-02
5.487527047643057931e-02
5.305038189564661999e-02
5.636100683034455522e-02
5.352835007670384004e-02
5.766674085178496306e-02
5.758279509663656592e-02
5.393117337018054486e-02
5.725138772060210657e-02
5.159418382892381333e-02
5.353641952817620592e-02
5.226202045702212085e-02
5.379898444867912272e-02
4.887193963408402453e-02
4.733009619211307056e-02
5.901654008670876445e-02
5.226211167402346203e-02
5.719903223224909183e-02
6.154650951190053509e-02
5.642927565675169566e-02
5.569423241344701597e-02
5.183855587755053368e-02
5.506704040402012751e-02
5.404561398889704688e-02
4.550556257611054756e-02
5.411997779820904020e-02
5.217848347218755761e-02
5.165157845517683727e-02
5.399094298214155568e-02
5.439172468223767848e-02
5.200799982483512302e-02
5.414701540497628141e-02
5.365130200982296677e-02
5.354402716323674455e-02
5.166920096548151958e-02
5.102473777361393042e-02
5.065057872815890982e-02
4.948688479018975572e-02
6.088573902919276054e-02
5.322685819746154207e-02
5.293779637386186732e-02
5.559394108243866789e-02
5.082454808558206638e-02
5.470023773890311802e-02
4.954066674525393205e-02
4.890489374105865678e-02
4.878362480548563418e-02
4.991473723786646333e-02
5.348507156740611723e-02
5.738775737476429356e-02
4.598359295302442695e-02
5.247249577519800395e-02
4.968009687908944705e-02
4.856503693641042729e-02
5.406268522296115570e-02
5.077011939049253658e-02
5.053304719520076982e-02
5.367187113497452755e-02
4.447571015336478778e-02
5.129420728112314698e-02
5.217671028397571215e-02
5.082983888007690937e-02
5.098273616871591696e-02
4.855081389055658503e-02
6.047400037765025133e-02
4.815489350525632706e-02
5.111206776054799672e-02
5.434117476812111436e-02
5.312251918607421852e-02
5.213281869719426503e-02
5.011476973007516350e-02
5.475252710345218654e-02
5.276577002413386508e-02
4.859978029436238384e-02
4.973912124302707488e-02
5.232707933670193573e-02
4.584998412403181595e-02
5.059824816140300746e-02
4.684965085747886532e-02
5.647111446407585694e-02
5.498825574989926745e-02
5.007897632674750132e-02
5.239452554508341325e-02
4.663051807667500936e-02
5.270970891418035736e-02
5.185986435428379532e-02
4.402639588671078408e-02
5.216526243664754148e-02
4.757146449381323416e-02
5.051589985528255611e-02
5.352271946053151902e-02
4.647453920000188532e-02
5.172505496924333784e-02
4.511018622828137647e-02
5.357250041978810218e-02
5.623256266643415768e-02
4.646577646310693505e-02
5.042158479747553546e-02
4.943880734313401554e-02
4.781509752190910012e-02
4.743321830048400495e-02
4.864232407134794905e-02
5.246881872874699371e-02
4.994568595230768071e-02
4.841785927317177746e-02
5.199077741622830373e-02
4.990424647705164751e-02
5.185787760794940970e-02
4.901801452593912423e-02
4.925011236453972346e-02
5.463976737297472630e-02
5.375820662958797486e-02
5.196494245694974201e-02
5.201579503646506369e-02
4.924203905322819402e-02
5.239469666649750751e-02
5.525758637744765389e-02
4.862045986989305124e-02
5.260583996786064725e-02
5.095722507286203073e-02
4.633026504659420314e-02
5.052349897354219826e-02
4.801057408959203548e-02
4.963862166300402057e-02
4.903998368347387699e-02
4.906974967836499890e-02
4.721440963557534815e-02
5.126395742529474969e-02
5.548210558851201374e-02
5.160340962703476725e-02
5.145168398501783619e-02
4.606831180098270445e-02
4.622792053225779213e-02
5.186509036653529081e-02
4.668336028761257278e-02
4.918001060336390368e-02
5.515606817934562423e-02
4.790634132782130988e-02
5.229905560685368243e-02
5.206723642750120395e-02
4.922787362926336896e-02
5.652349760423308611e-02
4.838307036665555338e-02
4.570883085705188670e-02
5.288432224500339701e-02
4.809165127177683630e-02
4.882555123304783279e-02
5.161436331450976883e-02
4.579533337476227040e-02
5.511557699223709056e-02
4.632549881721499674e-02
4.719510159297085616e-02
5.102647805225783012e-02
4.748269080819451926e-02
5.097636397120233753e-02
4.573723464553006157e-02
5.070149337060506078e-02
5.069551499985763821e-02
4.605962077549465711e-02
5.074527824769396733e-02
4.989147168642417418e-02
4.721227419573730683e-02
5.557765085540131156e-02
4.584921658647590770e-02
4.852734410420818378e-02
4.959914773286321771e-02
4.545040081664063897e-02
5.423474628586826690e-02
4.685426858129421168e-02
4.654270057672856703e-02
5.362895569724193678e-02
5.572362252388881471e-02
5.099844842365405112e-02
5.128112720407943664e-02
5.124070211227611110e-02
5.348095184436880284e-02
4.566481718726578265e-02
4.971906591003240339e-02
4.751657545046924364e-02
5.313852452408581589e-02
5.010006067513352035e-02
5.271864658045438690e-02
4.915290725998311405e-02
5.248149284963453398e-02
4.614704510151618200e-02
5.209019642019879770e-02
4.669587411146830513e-02
5.179889394271985914e-02
4.976427430153407272e-02
4.764545629913233271e-02
5.623291304494107412e-02
4.880190230294463583e-02
4.885420037418121419e-02
5.134847640789818451e-02
4.920525218624315078e-02
5.103352914720615113e-02
5.089720732983810114e-02
5.221072112583170083e-02
4.659766096924407991e-02
4.894807188950495158e-02
4.862193199290747170e-02
5.038418240724373137e-02
4.733363070568780834e-02
5.258440158061704339e-02
4.725800564213009786e-02
4.655327721623040566e-02
5.119833778543608771e-02
4.807784550090155040e-02
4.881171633176847879e-02
5.053894674655721314e-02
4.864726133904457434e-02
4.795694447289435003e-02
5.044324185794762244e-02
5.229736890742346656e-02
5.276404138717518538e-02
5.212752841872370785e-02
5.611066003856262502e-02
4.998996758991883227e-02
4.613660121935773961e-02
4.968060250986203186e-02
4.982938483631961513e-02
4.958713422530522386e-02
4.324319441998642627e-02
4.949296971708568027e-02
5.224855299139485182e-02
4.604259108861814831e-02
5.049064604051463345e-02
5.200135248515180136e-02
4.758056133205941507e-02
5.510111054658705515e-02
4.496039640278098881e-02
5.087428203687814621e-02
4.843418488373821967e-02
4.851320825477583448e-02
5.145519739354766087e-02
4.650136967813873340e-02
4.928881297957300039e-02
4.934042482654596440e-02
4.711641868370957525e-02
5.234214162298923834e-02
4.882242807849179744e-02
5.296081397672766644e-02
5.296569921173195639e-02
4.743120628571705077e-02
5.297065378390691803e-02
4.939366253155737241e-02
4.814087738336487315e-02
5.175704170443325147e-02
4.846253648723920088e-02
5.050788931241638469e-02
4.674324427225555467e-02
5.028813622699482289e-02
4.605057289807153870e-02
4.937883209112764460e-02
4.568536952903115567e-02
4.615077436781179349e-02
4.788134751086320362e-02
4.857362868638790548e-02
4.616206539104406731e-02
4.720420866945638366e-02
5.176557457446739896e-02
4.799837087588523094e-02
5.047412408162501446e-02
4.621851285744523613e-02
5.073600970213465455e-02
5.176964234195823022e-02
4.804696545064013335e-02
5.236467984320108265e-02
5.028387430327579261e-02
5.048114929995328737e-02
5.465364966955578441e-02
4.410736929986248944e-02
5.041069739135892180e-02
4.671732499055290116e-02
4.714155083705082183e-02
5.278850595241511151e-02
4.793542326505015327e-02
5.143780000590855717e-02
4.872854015172846387e-02
4.696862757860379572e-02
4.846758066630836581e-02
4.735267048900543979e-02
5.043441791084894710e-02
5.322665619394873621e-02
4.881819843285131744e-02
5.385389112993382854e-02
5.283259795493613215e-02
5.095978838441984904e-02
4.743430487141737928e-02
5.008117384177995096e-02
4.807245541063015493e-02
5.081882667882314797e-02
4.458593991150534841e-02
5.029688213811330660e-02
4.425308102689383405e-02
4.622691889994448577e-02
4.839987589659724282e-02
4.909071537337092450e-02
4.752545938681054793e-02
4.925334002603381361e-02
4.683983985757175089e-02
5.285844789593977661e-02
4.882162653674115144e-02
4.938720480046979860e-02
4.413331666097661948e-02
4.529434646357805017e-02
5.183331071525725670e-02
4.721327042345996317e-02
4.780738961101265588e-02
5.008109446652866253e-02
4.562234466450731940e-02
5.133348316358098823e-02
4.533629931956448950e-02
4.455333329081333227e-02
4.595159775954749809e-02
4.794953219533704819e-02
4.960219961126653698e-02
5.086900348269635802e-02
4.627128329208130691e-02
5.100262208861144897e-02
4.336951713166606326e-02
5.217109737152987592e-02
5.045144483481205089e-02
4.911802035699639607e-02
5.394992190664352205e-02
4.339373535937579573e-02
5.187271607764450121e-02
5.029116987984164067e-02
4.964688297685772300e-02
5.249122242098887975e-02
4.641135420165323766e-02
4.616973797647024730e-02
4.822161095715953028e-02
4.553459165142959703e-02
4.336471936919170794e-02
4.620518856145711117e-02
5.018260239607189727e-02
5.043376865071441673e-02
4.818268749097097403e-02
4.808329046305739873e-02
4.827328625772248777e-02
4.926819456749561427e-02
4.847601207926315048e-02
4.601246591746151193e-02
4.711523765982604528e-02
4.855802604705776460e-02
4.784082113009176240e-02
4.653067736617839956e-02
4.980625536405846460e-02
4.916606815073738812e-02
4.803978803974415235e-02
4.514975401450722903e-02
4.911588070987690791e-02
4.761184948356549096e-02
4.786002135430960508e-02
4.965286037977610645e-02
4.530258093911904149e-02
4.663287810063999894e-02
4.855660401401530601e-02
4.754748318373847038e-02
5.086650801647659564e-02
4.460526584571449654e-02
4.535693683459518510e-02
4.617138116877292364e-02
4.687968116286532483e-02
4.647501870656265549e-02
4.407083487005975658e-02
4.326910183715179659e-02
5.166276378393599988e-02
4.262862368895205256e-02
4.441386650432718741e-02
5.242494568709758773e-02
4.818731946634471214e-02
5.091885468722579661e-02
4.669217970049498873e-02
5.105899674662690846e-02
4.968542724052233545e-02
4.554448425928989130e-02
5.024977584882668602e-02
4.587988734296716969e-02
5.166596171204818760e-02
4.603379174409513025e-02
4.913754389625912128e-02
4.907728747737707259e-02
4.739637115455520855e-02
4.527452758123823306e-02
5.382866298644158054e-02
4.502571913796182823e-02
4.668093447645207256e-02
4.696053265055893933e-02
4.893824820622725419e-02
4.835509095106784588e-02
4.566098798401609093e-02
4.812062078246748253e-02
4.693937333131065898e-02
4.882460429925241513e-02
4.624086844229370608e-02
4.644391800137986220e-02
4.764058901881097069e-02
5.092821187521823917e-02
4.437818460774517471e-02
5.152708708888473210e-02
5.105516373002400715e-02
4.749044944886437331e-02
4.891193546241771190e-02
4.589910673955745896e-02
5.265251572461868146e-02
4.903202233211290118e-02
4.557420857734514191e-02
4.459896609631067155e-02
4.536550875083345674e-02
4.971552399471705630e-02
4.686933615500404188e-02
4.525779196743436733e-02
5.179267681224091618e-02
4.768955751113256730e-02
4.937424721802747413e-02
5.163635828793253224e-02
4.688164022021111543e-02
4.866538049257371906e-02
4.768459515864346271e-02
4.456716796856322049e-02
4.728735287592960440e-02
4.745254793524717601e-02
4.644911448607919741e-02
4.727244008663527425e-02
4.621415321156559231e-02
4.698854975198883677e-02
4.471986877561402729e-02
4.685074603170774621e-02
4.783458037144157349e-02
4.613899892564139738e-02
4.770456792780391336e-02
4.568645411773761267e-02
4.599362197202093439e-02
4.797049680948151790e-02
4.730392442131420988e-02
5.041942991417756870e-02
4.609093542485036971e-02
4.763288688921377134e-02
4.515442315783062266e-02
4.246883977470976290e-02
4.666842281502719264e-02
4.585339869629759257e-02
4.524102634593675509e-02
5.323547097242822823e-02
4.756231031610837212e-02
4.470638338509045490e-02
4.783214497330940534e-02
4.600295830276793924e-02
5.020946141635834054e-02
4.767688391033244460e-02
4.683503991513728731e-02
4.870723953645785670e-02
4.298614766872348864e-02
4.578674814980360913e-02
4.959353871795672136e-02
4.878147089594241093e-02
4.651774709609186875e-02
4.721840981005117482e-02
4.655559405037770770e-02
5.113104448127813589e-02
4.450760933153723869e-02
4.665414039864703571e-02
4.506944157405876755e-02
4.688006962302834063e-02
4.806375863278541938e-02
4.735729940068639926e-02
4.698498882445909658e-02
4.524728444475360073e-02
4.807566626186014075e-02
4.743736842108131624e-02
4.347827126942874210e-02
4.846792732206223892e-02
4.793947718631926674e-02
5.242635821779677990e-02
4.672617473173032443e-02
4.688582257582823987e-02
4.518447554876845601e-02
4.352218285565482431e-02
4.401170703880202123e-02
4.957989478377866632e-02
4.735323812588879827e-02
4.637555821508997783e-02
4.505236603145180985e-02
4.249843790238383434e-02
4.824546015848373004e-02
4.840354032067167855e-02
4.471399263208103436e-02
4.448707942926409531e-02
4.802975751329392751e-02
4.835153529149442686e-02
4.397861667296620869e-02
4.552830472103903264e-02
4.827443651508324385e-02
4.563046219775091644e-02
4.839220939583026987e-02
4.983855300022747153e-02
4.583101824805112939e-02
4.855104682885365286e-02
4.822966278634181758e-02
4.648677087414525289e-02
4.663023878799648497e-02
4.753566823430766669e-02
5.095025182099582883e-02
4.616469306624909619e-02
4.593848141094654391e-02
4.642181248099843532e-02
4.774566251912463338e-02
4.586317477491051037e-02
4.667576011782385847e-02
4.706820567883283901e-02
4.452936871604828289e-02
4.414683897532087342e-02
4.800019110756433005e-02
4.756808829433133157e-02
4.830768751734731969e-02
4.698246512579326573e-02
4.644748412506171514e-02
4.530787351705545946e-02
4.762070254483810605e-02
4.496774462407965300e-02
4.943713946480807198e-02
4.689900515678670223e-02
4.546467697955130366e-02
4.801227242732740430e-02
4.515340592010960025e-02
5.070518978830312884e-02
4.418862204221089135e-02
4.822559494837022620e-02
4.636598125789413022e-02
4.645024505383314045e-02
4.936847513924207120e-02
4.556293781173453156e-02
4.366308961587116177e-02
4.312986145017328604e-02
4.803760883029418310e-02
4.605055703994460209e-02
4.738126577942825685e-02
4.141161662635445967e-02
4.679873626652369251e-02
4.636960796647491417e-02
4.724895790427406650e-02
4.774565989823701534e-02
4.689189118721315969e-02
4.778920425693325424e-02
4.593113273039602790e-02
4.407151307040340499e-02
4.825407361973613196e-02
4.848990850206975900e-02
4.805563828470503507e-02
4.662816843026403035e-02
4.522412030026405627e-02
4.883255057886275174e-02
4.478979900230883882e-02
4.622146474507621283e-02
4.834933489590730049e-02
4.617077609198152327e-02
4.578138487885674568e-02
4.632582147208503393e-02
4.877714123087386472e-02
4.668600162607187271e-02
4.720612756632471679e-02
4.545519424350930732e-02
4.574059024020661612e-02
4.426817067362646962e-02
4.698816382436640793e-02
4.228380519534914034e-02
4.729842748374617212e-02
4.544561587802749270e-02
4.530845657251495601e-02
5.042538343065211537e-02
4.737403646566375193e-02
4.481748322665070339e-02
4.806051906954483810e-02
4.566070597713016432e-02
5.113629663146014581e-02
4.619899864219233210e-02
4.893900505920569660e-02
4.540054032309200072e-02
4.540341163719478768e-02
4.356296133337048126e-02
4.551044243225661062e-02
4.381747358253158114e-02
4.767474669188085518e-02
4.710026351073481193e-02
4.622575931798318660e-02
4.394198191081123694e-02
4.455565271422629037e-02
4.574114828126192578e-02
4.721279168480971983e-02
4.588850017318875374e-02
4.656065627710442162e-02
4.769499675799358795e-02
4.319165533699913934e-02
4.731939759597179884e-02
4.716558986738593473e-02
4.817565021359176969e-02
4.514487885438530496e-02
4.483508188365394748e-02
4.391435938107494941e-02
4.575677511220964389e-02
5.063082619546452334e-02
4.818454493868935123e-02
4.226213367706777718e-02
4.558163943711764782e-02
4.650395944826735128e-02
4.552069850254319289e-02
4.208300090794630383e-02
4.111993808399213440e-02
5.285111349427190630e-02
4.263208544616020612e-02
4.382903853955329165e-02
4.581896494398966790e-02
4.272228385856113864e-02
4.555929732402477783e-02
4.220641343883167751e-02
4.418169158285814579e-02
4.567198135997067171e-02
4.641402264377339493e-02
4.661146567443831545e-02
4.937687823960669464e-02
4.710248485890557862e-02
4.561627937419572565e-02
4.546515045433188046e-02
4.550320067226203136e-02
4.777136868492024013e-02
4.733399824173715326e-02
4.813706810192162899e-02
4.360595135629873054e-02
4.238209704479355133e-02
4.556959599523744547e-02
4.559031994860898718e-02
4.837221301986224797e-02
4.616974260029219068e-02
4.164589669844206976e-02
4.692434271732061346e-02
4.577915157655011030e-02
4.470471682368372390e-02
4.275879413478646252e-02
4.525959344542861140e-02
4.979867513006536878e-02
4.405630973692706287e-02
4.434890332449233086e-02
4.479917350749772209e-02
4.419754390942953748e-02
4.524961261306752885e-02
4.524656771897881541e-02
4.379721718480156234e-02
4.528423473431064661e-02
4.326255137222319302e-02
4.925056722400330406e-02
4.355261176662781480e-02
4.504555088725435003e-02
4.618839019713634475e-02
4.312689040347890412e-02
4.438251187256934960e-02
4.687442771577191025e-02
4.873635950106346149e-02
4.809844390529960378e-02
4.619767418600572578e-02
4.385292979050994799e-02
4.627473146605147469e-02
4.667417387562981107e-02
4.478741841295975912e-02
4.234314057661408420e-02
4.625148133113762827e-02
4.668854121934734591e-02
4.324206189758219437e-02
4.549455242253684639e-02
4.415456580194544040e-02
4.266362611339222927e-02
4.357966836923018311e-02
4.393372939690122492e-02
4.392501277695347317e-02
4.323414507518649058e-02
4.702625257026808725e-02
4.964821925997774804e-02
4.256042693197600868e-02
4.552731078052953823e-02
4.777668990739656479e-02
4.349265154206211764e-02
4.183747634118473169e-02
4.460617241813987638e-02
4.755116353102317728e-02
4.423556661936714485e-02
4.967721391785306223e-02
4.501415432065574568e-02
4.394314699696495741e-02
4.695648800905376230e-02
4.595801238475940437e-02
4.637980867111651112e-02
4.287233533156812465e-02
4.246838977876690735e-02
4.585497212148829244e-02
4.385543818904535235e-02
4.485718866949153782e-02
4.249427270936086826e-02
4.407599265986728021e-02
4.369962724697393219e-02
4.620752633267206921e-02
4.417250841816989376e-02
4.725957893947260041e-02
4.604448721892232671e-02
4.180396521241964980e-02
5.185466264904686068e-02
4.434253127108599840e-02
4.491875782588414245e-02
4.592764887569988908e-02
4.404311539077791771e-02
4.587865410337053917e-02
4.626732449581928003e-02
4.338268175055708803e-02
4.207711729308431792e-02
4.295461960755126568e-02
4.619143087830808458e-02
4.436358267584841752e-02
4.407067556199889546e-02
4.747893286495750292e-02
4.371083904458820252e-02
4.577383923711656616e-02
4.563001054511909432e-02
4.513990196793728898e-02
4.320542723664954482e-02
4.374418443992217354e-02
4.634180259125386669e-02
4.557560011934504163e-02
4.610369835084609375e-02
4.342038682378648873e-02
4.502554034550910328e-02
4.631507509000667294e-02
4.255547257812291456e-02
4.133826729246343340e-02
4.405304148296680655e-02
4.375890813555478875e-02
4.575831249113423288e-02
4.443335255281398444e-02
4.421027921385708298e-02
4.268813442576984557e-02
4.612062625494396662e-02
4.462981565615595919e-02
4.593733641872475154e-02
4.374828454913621406e-02
4.716625573468007787e-02
4.439432398905696769e-02
4.410792968879574671e-02
4.641885162376062357e-02
4.396866432419413440e-02
4.413500341213192485e-02
4.688435974496078101e-02
4.373838257516608763e-02
4.897082863941885911e-02
4.415501315458103537e-02
4.542657606126637021e-02
4.387919730059457873e-02
4.422159278460090215e-02
4.227030230206915706e-02
4.596681371875973449e-02
4.247226691023184286e-02
4.253087974349171324e-02
4.244903075756101957e-02
4.532762595224690966e-02
4.266838218307898029e-02
4.289088521367295792e-02
4.277934279652944455e-02
4.341604000261659047e-02
4.259846827773129674e-02
4.444189293258397899e-02
4.409535658645977879e-02
4.431760840017206354e-02
4.764297150377730383e-02
4.317027446272538038e-02
4.268891597200107774e-02
4.162583789289938524e-02
4.516693386844222030e-02
4.463540536420396165e-02
4.504415565483399497e-02
4.166566539948499820e-02
4.547121584952992790e-02
4.246849195702357554e-02
4.438579227444306580e-02
4.618081579394993363e-02
4.625795006508040541e-02
4.244314922773170795e-02
4.371197970776513619e-02
4.476377809743452979e-02
4.125414022330398112e-02
4.332939902930326576e-02
4.684148579541486113e-02
4.449981173186320915e-02
4.220149358041199589e-02
4.413868382699962650e-02
4.516224626995955782e-02
4.569045994784341064e-02
4.181394797261314689e-02
4.190405018409365523e-02
4.663656439238369339e-02
4.540873859211408403e-02
4.865146013109492018e-02
4.136039001345359623e-02
4.551537226949234349e-02
4.450281751498886412e-02
4.395598370284482109e-02
4.107459475046817271e-02
3.901335785589715027e-02
4.380271845814113357e-02
4.594281152867974588e-02
4.315518055477123721e-02
4.246497662926872890e-02
4.455591949708860577e-02
4.647236923111328771e-02
4.241221502974474450e-02
4.291165323586488417e-02
4.183383584918938525e-02
4.454301953365125827e-02
4.392090386558213794e-02
4.486285824766379771e-02
4.573309843174867828e-02
4.186915464436175016e-02
4.068491732327809279e-02
4.680433908440635032e-02
4.617590699693661233e-02
4.210522656830874982e-02
4.071924746645189108e-02
4.402192324479958785e-02
4.345317875410392022e-02
4.594354223318813935e-02
4.583505046415847772e-02
4.289354319372576385e-02
4.617956423264385490e-02
4.395499954348786043e-02
4.338535211283837262e-02
4.360022335482333089e-02
4.477308749588417014e-02
4.486024331665295489e-02
4.489128697858787292e-02
4.510798115210508386e-02
4.389882581396886696e-02
4.654445602651045844e-02
4.291723649367203824e-02
4.429676607012681538e-02
4.391484835223871674e-02
4.515632374940808935e-02
4.292500512177861022e-02
4.248043928096945782e-02
4.136713467964702601e-02
4.465244600157089461e-02
4.306869340517240768e-02
4.393750260056398377e-02
4.568474392141629037e-02
4.588959884113943954e-02
4.140684171618105175e-02
4.045447140165674832e-02
4.442594942388951307e-02
4.417440064111316511e-02
4.325720957528048777e-02
4.399157277748363959e-02
4.416701283269514750e-02
4.345505564198860748e-02
4.278275503718664136e-02
4.343499089347707676e-02
4.349010257476718100e-02
4.576115706066229138e-02
4.105981073968649475e-02
4.571773739452632962e-02
4.154934387738807439e-02
4.523178074346604488e-02
4.168600959909835035e-02
4.430454883551424722e-02
4.400309910253080714e-02
4.409837400962458159e-02
4.381999218688928388e-02
4.559203844597321809e-02
4.421182140095423346e-02
4.083742486479982614e-02
4.685485444345786898e-02
4.804517543315842826e-02
4.347262571910689988e-02
4.465835293240300041e-02
4.155070431735520542e-02
4.228901259983052635e-02
4.531015593739626951e-02
4.286469152756738898e-02
4.595251205182107612e-02
4.506205939071782768e-02
4.215013728125865944e-02
4.521050280563360807e-02
4.357633350807436218e-02
4.198501853891023483e-02
4.458301647962905484e-02
4.393874133673809912e-02
4.319545970434080645e-02
4.255719482386858404e-02
4.338215093001036859e-02
4.437447821154406891e-02
4.410989476804608178e-02
4.353056673429950285e-02
4.332061026523659208e-02
4.438734922875208627e-02
4.415683882661401716e-02
4.140185855647322832e-02
4.284742302697636118e-02
4.771263356931518956e-02
4.230950043779360681e-02
3.935868690450901319e-02
4.392842087895235809e-02
4.398298469658699222e-02
4.736046906722438804e-02
4.462488361233157147e-02
4.710610578557297007e-02
4.387226508821169546e-02
4.347624893824835607e-02
4.340731290374968965e-02
4.721384760296352956e-02
4.653737892214433042e-02
4.343558783080201519e-02
4.627751149306608136e-02
4.417391292438772182e-02
4.388731185931881579e-02
4.463814662864017124e-02
4.637655456217202460e-02
4.284106464014137555e-02
4.259499340829019792e-02
4.358294175708008616e-02
4.507997014102450156e-02
4.625037732110540145e-02
4.661235850877559761e-02
4.580005146813664191e-02
4.258483375273185156e-02
4.768933313735179008e-02
4.629326636267368927e-02
4.644979065894200287e-02
4.601465992694858675e-02
4.655907022237701365e-02
4.488860243210523321e-02
5.001365143288333259e-02
4.712962140132532368e-02
5.123007213446226921e-02
5.206199505900913072e-02
5.106314508332493451e-02
5.551895834826292564e-02
