5.648903513433408818e+01
1.246399524832333015e+02
2.076280867051340522e+02
2.286686178794385285e+02
1.483814169479659029e+02
1.015846641968297916e+02
6.112553177521176906e+01
5.327245011098244021e+01
2.497952291830270966e+01
5.177066394664906568e+01
2.027862681418548618e+01
3.455401146079920949e+01
2.694186089032204734e+01
3.005887519328639357e+01
2.180309298558261233e+01
2.768277244001960113e+01
1.566785797934844382e+01
1.924227753867312174e+01
7.306972834159010333e+00
9.698130318018481688e+00
7.482045538699813925e+00
1.068991295491245630e+01
8.245034881663723780e+00
6.023096209395755629e+00
9.140568958490479901e+00
9.271716821747180148e+00
8.550015742941088348e+00
9.294179632457737483e+00
7.189860327444479893e+00
7.070474115822732664e+00
1.030763521778227343e+01
5.647290689202074887e+00
6.422490866164313417e+00
4.056974302322554848e+00
4.978359129774738712e+00
5.964929206656938376e+00
5.213803567146737983e+00
6.342729252132068396e+00
6.251915316130705058e+00
4.910740329624124101e+00
5.659395714199972005e+00
5.434962163450054895e+00
4.636077349425179683e+00
3.360794140697624499e+00
3.009229454237161594e+00
5.040664119020646261e+00
2.217294139962282973e+00
4.492344863621188011e+00
4.676668662826235945e+00
2.465281527594136879e+00
3.660850241719005194e+00
2.770204817479096082e+00
2.588336206735602385e+00
2.958622163210306244e+00
3.205806503727444579e+00
2.980595555330927127e+00
3.263103347901962881e+00
2.634065363445522223e+00
3.374514798007840710e+00
2.767842670303758634e+00
3.233666304893277665e+00
2.046509538822125052e+00
1.929713317710299192e+00
3.230887294976969581e+00
2.261355496874750681e+00
2.363633751233364944e+00
2.701383665219538432e+00
2.945013558503489559e+00
2.083616911203594935e+00
2.135724146455062922e+00
1.596837038301476719e+00
2.966630394162748985e+00
2.538659657905196099e+00
2.441333854227216715e+00
1.855577578106063719e+00
1.708750412553780018e+00
1.729379024194008130e+00
1.575183414199070597e+00
2.074109012226523330e+00
1.912913410985670692e+00
2.404672652183122761e+00
1.856593743452219947e+00
1.309884207142502976e+00
1.818019174047494024e+00
1.975264978477363709e+00
1.625356864927394618e+00
1.425312253041898680e+00
2.231434489792828213e+00
1.456889763248142344e+00
1.782757697762568760e+00
1.716890158159660729e+00
1.835814712819784367e+00
1.499221041147802191e+00
1.188537712046870309e+00
1.470785925858157706e+00
1.434730533390906171e+00
1.198857908830648356e+00
1.775773121142541155e+00
1.762653467892025816e+00
1.367224966600135705e+00
1.417117977457579503e+00
1.334288363860430593e+00
1.565338268763486917e+00
1.084181780737481837e+00
1.277163517941837467e+00
1.502337767647179856e+00
1.885539499835753086e+00
1.366276209878804826e+00
1.518424311980217212e+00
1.208642482259303597e+00
1.282158875906267870e+00
1.050012328196456179e+00
9.664854165381773221e-01
1.285518780838533770e+00
1.554095800705157737e+00
1.786316319251911588e+00
1.422683385818241497e+00
1.224268063089084091e+00
9.668814483175017793e-01
1.580036427109341002e+00
1.137755231957934487e+00
1.334037696438992615e+00
1.059400202350562870e+00
1.152859404673036936e+00
1.211323915556597575e+00
1.088268601036910921e+00
1.155978643902967340e+00
9.319688879244325541e-01
1.233623438650661264e+00
9.991661345257638605e-01
8.870934670520485010e-01
1.025993625029631540e+00
1.090247185188766954e+00
1.180243051331455018e+00
1.390153590699618302e+00
9.268664275734743718e-01
1.141025867068367283e+00
1.240176932827837142e+00
9.975082099384200429e-01
1.103666702109742603e+00
1.164466665684296798e+00
1.025098666193859476e+00
9.723551808043862099e-01
1.248022056958208781e+00
9.705160870051557920e-01
9.083448327248979659e-01
8.802606287358363257e-01
8.626413573420451675e-01
1.023205636380080330e+00
7.206845236909339425e-01
9.542621208330841487e-01
1.076768447094838210e+00
8.699326074283307841e-01
1.069208200221826610e+00
8.507748121357011639e-01
8.623197334311623052e-01
1.048997023325491718e+00
8.931075509434300841e-01
9.845366978738975261e-01
8.623370597195024745e-01
8.034268407671920631e-01
7.926887496726828797e-01
8.391054654737917229e-01
7.697308693570530380e-01
8.854136306516638966e-01
9.615791391163864832e-01
9.063519176897169016e-01
7.624527016911535338e-01
7.520724753415430897e-01
7.651913266007360770e-01
7.271695730523279888e-01
7.703008867905897228e-01
7.816701579743889905e-01
7.447721891516296822e-01
7.474654674700083046e-01
6.628939461530819477e-01
5.815883105563310895e-01
8.415445741027743898e-01
6.902537452252105465e-01
6.297730405532372400e-01
6.272216120079123769e-01
6.404666207154995350e-01
7.163032045237315293e-01
8.127427720588698001e-01
7.198937148770137018e-01
6.339394745576765189e-01
7.374994977049124101e-01
7.138172519951963002e-01
7.881035311483973738e-01
6.102608664817624762e-01
6.888714008472024419e-01
7.184193964425121814e-01
6.886760110309598781e-01
5.194204190520982367e-01
6.025517446559375268e-01
6.366172427967398129e-01
5.929953264463967422e-01
4.975710232683012157e-01
5.884287928356080055e-01
5.127735616794587559e-01
5.532872546500235966e-01
5.978722828300233605e-01
6.737556069557486538e-01
6.072263130478875448e-01
4.888785777654717779e-01
4.972981684666727409e-01
5.315727338484764752e-01
4.854327201119963409e-01
5.455750064984561387e-01
5.336512729363213081e-01
5.632700867740609851e-01
5.979012197693434061e-01
4.487196023153315894e-01
5.535239663402663490e-01
5.256242152909830212e-01
4.664248046477674214e-01
5.261921284426174239e-01
4.371133537324926599e-01
5.326617124492113442e-01
4.991915122879079236e-01
4.707370678071158832e-01
4.395069817457814554e-01
4.360687448243125708e-01
4.441767958155265483e-01
4.637926886043181041e-01
4.762791163320559407e-01
4.061035703606524216e-01
3.694792170679259691e-01
3.647230229195039808e-01
4.263763530586356376e-01
4.352584123351755929e-01
4.741540423895618250e-01
3.612479895381248141e-01
4.429655134455499077e-01
4.262831353546056579e-01
4.360692853832948690e-01
4.162735869568744973e-01
3.533324341168687099e-01
3.683381461994540973e-01
3.784277272436057937e-01
3.868979711120035248e-01
3.964813383873271313e-01
3.023276224335789131e-01
3.882766814679504686e-01
3.575552373344329515e-01
3.750707945175453806e-01
3.916457870195104163e-01
3.198132488345372670e-01
3.441557632499331887e-01
2.996901301781255134e-01
3.474058650371600887e-01
3.046177678190189475e-01
3.120054736021551922e-01
3.340951721048219247e-01
3.349083380379068720e-01
2.839142945268995910e-01
3.152825832469033362e-01
2.635133957163116047e-01
3.083128301938215521e-01
2.689172909707504555e-01
3.054991037105878049e-01
3.004074369410344447e-01
2.653592713199243169e-01
2.616794718195378788e-01
2.786776395568502096e-01
2.498889266756090799e-01
3.184797594240908469e-01
2.473769624031511016e-01
2.504494169039753748e-01
2.475371791066416360e-01
2.842976258895952846e-01
2.275159872709289766e-01
2.552641335521980137e-01
2.340498485532076234e-01
2.084220551979349134e-01
2.504748095167848021e-01
2.140057975268108703e-01
2.471999584767070324e-01
2.291292208911874240e-01
2.078654787053198505e-01
2.293867050652578787e-01
2.532747186007819895e-01
2.176334368195984303e-01
1.927490717606044623e-01
2.196984148066928877e-01
2.100893991937710370e-01
1.904119519924271364e-01
2.165325725415120639e-01
1.931167408309905631e-01
1.737420641056759418e-01
2.138853482055244615e-01
1.997013601877022371e-01
2.059736853137356938e-01
1.955106871764337728e-01
2.164693100337102272e-01
1.700833271223137488e-01
1.605417971429754509e-01
1.801156247882209349e-01
2.037825114344927468e-01
1.570301286398464446e-01
1.753250266142306613e-01
1.730199113336589600e-01
1.695323392458277512e-01
1.616825916799645435e-01
1.493398910482839348e-01
1.351338930866038124e-01
1.495792345281982683e-01
1.766832019653171992e-01
1.593548216685192198e-01
1.591754252824399696e-01
1.285059838377616559e-01
1.246464876583692621e-01
1.074513779420077919e-01
1.350687654373271540e-01
1.569470493709918257e-01
1.202372553470245353e-01
1.361626388325778425e-01
1.531315768418795853e-01
1.593616412145940631e-01
1.273589257614727854e-01
1.371531232206301687e-01
1.158781672111809519e-01
1.396902641824719071e-01
1.259621010267526209e-01
1.591876298753280017e-01
1.338055317696786317e-01
1.332532794551309352e-01
1.202115009978128035e-01
1.279131217432397105e-01
1.192465800840778190e-01
1.109182456749209372e-01
9.583492252155652313e-02
1.248713080536983100e-01
1.126451180469479202e-01
1.207432874157978869e-01
1.112775794148851416e-01
1.317869053036162807e-01
1.095871867277510014e-01
1.210687203394684719e-01
1.010398308904919273e-01
1.070142385192461437e-01
9.905864297016661602e-02
1.008108613120673597e-01
1.146238054290414227e-01
9.981937936940250833e-02
1.089903690504498979e-01
8.936136762403901201e-02
1.106575882841042413e-01
1.030013680693497302e-01
1.036746287797280369e-01
1.110461104409451866e-01
1.059600959213089222e-01
1.120554754780290624e-01
1.081831819050304011e-01
9.314580289963102222e-02
1.006846204901139380e-01
1.017131833617721387e-01
8.345969114357346119e-02
9.701285216628420527e-02
8.011958238105895691e-02
1.064018190237241007e-01
9.979773879610559506e-02
9.649637329038139588e-02
8.871737378759476933e-02
8.624228597333384594e-02
8.417800957902990544e-02
7.919862423998895451e-02
8.960960176465722349e-02
9.654279947731894684e-02
9.099129207794062757e-02
8.707563413874704061e-02
9.466083765284658003e-02
8.257660514778479566e-02
9.225246682670429355e-02
8.081806118054939148e-02
8.043562511513592528e-02
8.197730122869981151e-02
7.968827395298511140e-02
8.127882356525029106e-02
7.891578656508208001e-02
8.259261105743601061e-02
8.383214666315105812e-02
8.844851650848326030e-02
6.911298104802940379e-02
7.691683944844392162e-02
8.894076241134303562e-02
8.160278245382764084e-02
7.022826329982309601e-02
8.598932945397648464e-02
7.648899809261695826e-02
7.849810410174722086e-02
8.264272423852347949e-02
8.758549896457334949e-02
7.194784626659561644e-02
6.657825193388193508e-02
6.636161498178115570e-02
8.689730427059234874e-02
7.365509073038367660e-02
7.460502290143751492e-02
7.624741531624600055e-02
7.712733050380765620e-02
8.611192486560463599e-02
6.892371639715560994e-02
7.759257192888868726e-02
7.689223750884928432e-02
8.207106141856236603e-02
8.239958095005202321e-02
6.513318137361701066e-02
7.921958188677923063e-02
8.150087050456326920e-02
7.217929891605802395e-02
8.291122213562374110e-02
7.733360947761257209e-02
8.065030592833584422e-02
6.852536036040642042e-02
6.665103192449009506e-02
7.504519855561841979e-02
7.891447236477568128e-02
7.664192199907657321e-02
7.260106219073232670e-02
6.264808157104871655e-02
7.724174570265385231e-02
7.664148913184123946e-02
8.045037335475704876e-02
6.966876710959059305e-02
6.103180149038604785e-02
6.669777868613062377e-02
7.678089086208828018e-02
7.564876301719723750e-02
7.325302747781292645e-02
7.039252567206336075e-02
6.965014247516670975e-02
7.811421914245422760e-02
7.361218561329839483e-02
7.353460170296932663e-02
7.818549037776487132e-02
6.739151958236025419e-02
7.862282769704567742e-02
7.138417973549981976e-02
7.116827152808488655e-02
7.290246392967320022e-02
7.325141293985878987e-02
6.216548731674592654e-02
7.696473445724789919e-02
8.050800272153935122e-02
6.875726358127025317e-02
6.432001703200052045e-02
6.344558427029656222e-02
7.231844189315876636e-02
7.414195507894132120e-02
7.034011645518153943e-02
7.089178915367500000e-02
6.849194752129178498e-02
6.934667688548785958e-02
7.226593686671625716e-02
6.971412235988708184e-02
6.300693604302977369e-02
7.684848211673703244e-02
6.190750071095516699e-02
7.417153266963409652e-02
6.819696405431627251e-02
6.730637936952113543e-02
7.258703795465146213e-02
8.034333059857866333e-02
7.783478040942334863e-02
6.944781763393574614e-02
6.762873362087014339e-02
7.257593902473191694e-02
6.412079772163514768e-02
7.900016925746371210e-02
6.849723534783538903e-02
7.440734745293557661e-02
7.219433900019978090e-02
6.618504864112893793e-02
7.694356762147425144e-02
7.309173689011115582e-02
6.418062512088826277e-02
7.151290845224021753e-02
6.090466324007680343e-02
6.878852315661844463e-02
6.792052799959281961e-02
6.487281012666495927e-02
7.954468339663609000e-02
6.951310689813383625e-02
6.717888927162794788e-02
6.610028380414487148e-02
6.453125627275721476e-02
7.615804443870910490e-02
6.936156222025816054e-02
7.895246416066252493e-02
6.986841296865668738e-02
6.610648546934475012e-02
6.729144477666990087e-02
6.675994440010346587e-02
6.438590250530215608e-02
6.501897905497777685e-02
6.285592745404258719e-02
6.652204130019585826e-02
6.623841466670984945e-02
7.666542351045106674e-02
6.843206378998208106e-02
7.081289116474751011e-02
6.946713273954351064e-02
6.312956232844511850e-02
6.958234779647216872e-02
7.394766195404298137e-02
6.957866128640548264e-02
7.084295177100390084e-02
6.950523299137567612e-02
6.560740429945728647e-02
7.010775667434483716e-02
6.538138656648094515e-02
7.254437044890607589e-02
6.845991177447113829e-02
6.703756460103976744e-02
7.047761348270789594e-02
6.877080114564217139e-02
7.103242745076268627e-02
6.502371730557283958e-02
7.559294257040112541e-02
6.846884315485156358e-02
6.422457358677984007e-02
7.347980812817193896e-02
7.211489400153604790e-02
6.362749191354080680e-02
6.965621109992510551e-02
6.282426803914689661e-02
5.910668292369230387e-02
6.539476038705274719e-02
6.124612882820167775e-02
7.044566445587127634e-02
7.058889621345555698e-02
6.640235292384849553e-02
6.608539469113663967e-02
6.554415474072923520e-02
6.136677129529348462e-02
6.787374242852808881e-02
6.732677275109349990e-02
6.343746629092013312e-02
5.977921751343989037e-02
7.037454231596855514e-02
6.474008303905143258e-02
6.887643148955389927e-02
7.007567579445542205e-02
6.510510087470393337e-02
6.788018238772278168e-02
7.654808590923335709e-02
6.044614452282671274e-02
7.376824326104222673e-02
6.235901668673414500e-02
7.281817405346893701e-02
7.135042244265521472e-02
6.615918878798406066e-02
7.784051941697901766e-02
6.148941212102836118e-02
6.239187605041390111e-02
6.597068191238271428e-02
6.534520205328966935e-02
5.727464726073546591e-02
6.515874338699667589e-02
6.625711712039293599e-02
6.154591448149441396e-02
6.841930115833869119e-02
6.848990133726044760e-02
6.186836746233565637e-02
6.084739014783495381e-02
6.575453003454291567e-02
5.830043731779532834e-02
6.462555674540446105e-02
5.375943264497679008e-02
6.341987908766703874e-02
6.285196364287569393e-02
6.444242213075231096e-02
6.359633120723645616e-02
5.943424607074612037e-02
6.779616119236754612e-02
6.423332477502310955e-02
6.297751924802695578e-02
6.485497620810158625e-02
6.257996521838923853e-02
6.195541729390848656e-02
6.252074868993175161e-02
5.876911431553495657e-02
6.750717519897338204e-02
6.172002207328119994e-02
6.247906713222855374e-02
6.918165193343465968e-02
6.473261608676000867e-02
5.986642173150259760e-02
5.947786957702527744e-02
5.768295243255993493e-02
6.741790317490505002e-02
5.456599499660892000e-02
5.671838869313201165e-02
6.217786504450679985e-02
5.825003584160608205e-02
6.147634472537310407e-02
6.029005161945528296e-02
6.301825921109245610e-02
6.154287145786365570e-02
5.949989951598008003e-02
5.975455687014124412e-02
6.066441269527948765e-02
6.497731814704320319e-02
6.069685262208624615e-02
6.286409448745487738e-02
6.259908777298836546e-02
5.401056488853369503e-02
6.242987411835179690e-02
6.352281800215495156e-02
5.753130761965905005e-02
6.624835641248803808e-02
6.057895651483352628e-02
6.522707663791710297e-02
5.960309021178997191e-02
6.053292027776998457e-02
6.321524877161467659e-02
6.206981849687692732e-02
6.736650347572827047e-02
6.850684166740150793e-02
6.220384998862936443e-02
6.366072849401939460e-02
6.096778326915991419e-02
6.177481587601171137e-02
6.565728081849980802e-02
6.406468553680504108e-02
6.525216805987166246e-02
5.627906062510342616e-02
5.500039199072680879e-02
6.836510156485384182e-02
6.497411052210803895e-02
6.362869230149545419e-02
6.271463833371650198e-02
5.821902670672342989e-02
6.109792009649804567e-02
6.007352002087507775e-02
5.844395191406266676e-02
6.070682708205212691e-02
5.543275391357854742e-02
6.170089803280456170e-02
5.503238726339799297e-02
6.126725654170568636e-02
5.782466194504930906e-02
5.404182029664154202e-02
6.082439202056494354e-02
6.250474287298563025e-02
6.264112103241349649e-02
6.240525217880673464e-02
5.732757323356667267e-02
6.297395092666417671e-02
6.055089618053377531e-02
6.520255096351031121e-02
5.776200891774847107e-02
5.523915901854875576e-02
6.829853368168418981e-02
5.932106925499804062e-02
6.336288478015925096e-02
6.211164444025355641e-02
5.963605501806479997e-02
5.917657644127500421e-02
5.838811558715081146e-02
6.096179427671202106e-02
6.207887773258562863e-02
5.974279490085378230e-02
6.044599293366456627e-02
5.869046895490749594e-02
6.336885475255947531e-02
5.965572857404989604e-02
5.801334495927059492e-02
6.195609318330071169e-02
6.425417375616150617e-02
5.432859647873158199e-02
6.481895475179826061e-02
5.873193501961180424e-02
5.737124048501326262e-02
6.192687154779482478e-02
5.072780548781534449e-02
5.627315735432535104e-02
5.901745096884854214e-02
6.368760078792860824e-02
5.769797827030549719e-02
5.861412103764337966e-02
5.580782098328371937e-02
6.486566896568350671e-02
5.530201429538408181e-02
5.959064912916825496e-02
6.079860384927858463e-02
6.033575809686637231e-02
5.823220878495678765e-02
5.590718796882038905e-02
5.918128949917531717e-02
6.563418160277856295e-02
6.267781686177287259e-02
5.903612641626553720e-02
6.325558285282424642e-02
6.984217697370764810e-02
5.954395822650904863e-02
6.341685826698340023e-02
5.219762851416023114e-02
5.574353708577243355e-02
6.486329715722198574e-02
6.049027379574215685e-02
6.009431363750147859e-02
6.447764172940474714e-02
6.152902165384013800e-02
6.833757890543666613e-02
5.923355030443623603e-02
5.506368258937144322e-02
6.015917037333994716e-02
6.491965940169124039e-02
5.843640225718720743e-02
5.466583530781492922e-02
6.040729106539213106e-02
5.409885172037985634e-02
5.439257038082341567e-02
5.843542833317520030e-02
5.719299844090169893e-02
5.597179790829456131e-02
5.705348358776578255e-02
6.360247374681859966e-02
5.728283242456639474e-02
6.277948011658097960e-02
6.231768537348379711e-02
5.653635917578252179e-02
5.938352772379248967e-02
5.389631092652194533e-02
6.256806559148152258e-02
5.704751676839005942e-02
6.170438072672627255e-02
5.837030235829122199e-02
5.602770711200903697e-02
6.208337192174007840e-02
5.694525151010165764e-02
6.229449638912044201e-02
5.588847459684660041e-02
6.195466839962807809e-02
5.870939157150587701e-02
5.808337471599107904e-02
5.992663320137782412e-02
5.848299364824930541e-02
5.541032258351894640e-02
5.792152702029278177e-02
5.480993967131350675e-02
6.447803863393269941e-02
5.561302449795887948e-02
5.980138673938664023e-02
5.586186135801378405e-02
5.595193878313224622e-02
6.019028693243479167e-02
6.130707729309743670e-02
6.059092840361095245e-02
6.514721101513963608e-02
6.211338700075808711e-02
6.251804118723286452e-02
5.947212696627447726e-02
5.887123565407698794e-02
6.286002875552107461e-02
6.097809657362746050e-02
6.243357961867652267e-02
5.879454524758320755e-02
6.172103689956846134e-02
6.044515892544528174e-02
5.535206279772404009e-02
5.985817663940089239e-02
5.522833515055447506e-02
6.070711635383513327e-02
5.737367350010046108e-02
5.173747578718251861e-02
5.890781130679747374e-02
6.058212132305838826e-02
5.537876780727288978e-02
5.819525338917031637e-02
5.863273480099687879e-02
5.681907579067636133e-02
5.659415186380207380e-02
5.541779417017315273e-02
6.090740720354780036e-02
6.204439499480941117e-02
5.964723325671104220e-02
6.042900011470208471e-02
5.670120854570432495e-02
5.455324702627285111e-02
5.995042739664479398e-02
6.396027140259133437e-02
5.758573514140986199e-02
6.389862441164201323e-02
5.974574307508952187e-02
5.852542367807825330e-02
5.401261891570323381e-02
6.101222352365164026e-02
4.996015532632305800e-02
6.495327674886346159e-02
5.661408128790613309e-02
5.614192385590981160e-02
6.156484739748604995e-02
5.475150729406852435e-02
5.456099319931348446e-02
5.525166936871104412e-02
5.882750605371984270e-02
6.485775561369380715e-02
6.254306595441168348e-02
5.936983738554459794e-02
5.793246676440072518e-02
6.258545370034969413e-02
5.561668364799625397e-02
5.990618271411205648e-02
5.893072247710434697e-02
5.737981818797802114e-02
5.749270978876612481e-02
6.210236646877061867e-02
5.506321942578952522e-02
6.183181215118176838e-02
6.067443847025057874e-02
5.386961173638825373e-02
5.803932916777537060e-02
5.958742577552868236e-02
5.819187966432958631e-02
5.799701361992196796e-02
5.766942637575531855e-02
5.844287869801345625e-02
5.160341485123766392e-02
5.935124310482399468e-02
6.055696364117378605e-02
6.054597955328213515e-02
6.120651907591962565e-02
5.529257173773734907e-02
5.915972349593608820e-02
6.148504953629946312e-02
5.558655845729484207e-02
5.640717374693184072e-02
5.723568778259469775e-02
5.796621216909934871e-02
5.732600757329481267e-02
5.471084169246296508e-02
6.207704058407957637e-02
5.741145691539029788e-02
5.716706538810450294e-02
6.301103309237458816e-02
5.163980975680633467e-02
5.773146555229641264e-02
6.144358726761723483e-02
5.643745976068495485e-02
6.314053415931254742e-02
5.871692200856985094e-02
6.184696379600103378e-02
5.759982696000070373e-02
5.594285108637180037e-02
6.230329397589769169e-02
5.391370840347090021e-02
5.790938787767892226e-02
6.362326259962769459e-02
5.461749529065212244e-02
5.848357679079164984e-02
5.756989614653312826e-02
5.436938465719586000e-02
6.011346633754884039e-02
5.745146918947900000e-02
5.889118830028462759e-02
5.785525691537572041e-02
5.958895804471908003e-02
5.992702446005576666e-02
5.722744941973715443e-02
5.733149844961862168e-02
5.910412322845650518e-02
6.180904653256888426e-02
5.601050881969490969e-02
5.847293374826312284e-02
5.706984634723683003e-02
5.666857851051145673e-02
5.264745373062430095e-02
5.928801363365517746e-02
6.186050865866339621e-02
6.110254119366968079e-02
5.950994057805210347e-02
5.375100778755498993e-02
6.283488302694424654e-02
5.885138884466402376e-02
6.104219836604950211e-02
5.968049546939904748e-02
6.141570013496881059e-02
6.017434298025098327e-02
5.318433818958970966e-02
5.640896531990126361e-02
6.215583964050160060e-02
5.679926304052429487e-02
5.533023354385982473e-02
5.710461853643759855e-02
5.700850186888166415e-02
5.716656775012178560e-02
5.509625963983169616e-02
6.167757416834016015e-02
5.553728186759187418e-02
6.061975451099827633e-02
5.692017409911397097e-02
5.729424906942351403e-02
6.178752743482682913e-02
5.463697448097772774e-02
5.472429140385585977e-02
5.854221627308307807e-02
6.023970005017960372e-02
5.617861809250058319e-02
5.429738221878702836e-02
5.387259109241523958e-02
5.984803836457291970e-02
6.196194973808157730e-02
5.922420718745492058e-02
5.707523188128456326e-02
5.517943257619849218e-02
5.758658107562109052e-02
5.530277675310090596e-02
5.820929309387040673e-02
5.900958913052418292e-02
6.251095593888353341e-02
5.854315932092166858e-02
5.946800010233653511e-02
5.996154381703300978e-02
5.993025501402130667e-02
5.869284533098195755e-02
5.812784454975020859e-02
5.592710719933310926e-02
5.951967135569390110e-02
5.697595833119190045e-02
5.663109796610891339e-02
6.003549461900765938e-02
5.212323762245411191e-02
5.658444884477183134e-02
5.963244036038956031e-02
5.435578493260578847e-02
5.237152798749186017e-02
5.782121045150465793e-02
6.038496834267580854e-02
5.501664671815605784e-02
5.589508128838565487e-02
6.411172333994945294e-02
5.592243776268601696e-02
6.127496993552787596e-02
6.269637966534252760e-02
5.397163942228466044e-02
5.854800356662469285e-02
6.402546908366159306e-02
5.968213251275759912e-02
5.442558695414156933e-02
5.935980220151581416e-02
6.033022464526695272e-02
5.682254984496025452e-02
5.844513114418742328e-02
6.349338599706812192e-02
5.576620532324513824e-02
6.116452282067112028e-02
6.092187367125520558e-02
5.253259047324247005e-02
5.652392824585985437e-02
6.143155021574819852e-02
5.898680115406194219e-02
5.943533511799593827e-02
5.449703670726472465e-02
6.076174777803295540e-02
5.976398803271074783e-02
5.991753783209609330e-02
5.917279735855619782e-02
5.806835001979576000e-02
5.909689606079855662e-02
5.689191267828673515e-02
5.635650648559737547e-02
5.276209572753851051e-02
5.835760762592190343e-02
6.324219794475489931e-02
5.647510308522121075e-02
6.259804291292821177e-02
5.647683191348031040e-02
5.636050349818184230e-02
6.040734643955682909e-02
5.718918762121835697e-02
5.784239258936068467e-02
5.829808631690621551e-02
5.824522508296682555e-02
5.851217773671540945e-02
5.522117263255153785e-02
5.684197696997560223e-02
5.860565707468454177e-02
5.341642806212531375e-02
5.551792186735306223e-02
5.373985135245232247e-02
5.708664209491716435e-02
6.033182080704801303e-02
5.817621682572589326e-02
6.133504716468497070e-02
5.880157291005235626e-02
5.324053035963284553e-02
5.432064297710176293e-02
5.125351628904275397e-02
5.953371135864109903e-02
5.950223697107608067e-02
5.909300765665269350e-02
6.236203299263432670e-02
5.490297923661261598e-02
5.766583470902832825e-02
5.662840369481186853e-02
5.862439956005117969e-02
5.649400073287254298e-02
5.564086458186845441e-02
5.969395229278445791e-02
5.617393197938223143e-02
6.098849863424219558e-02
5.905456723356972831e-02
5.458394329658656369e-02
5.341266332154068902e-02
6.094579619097657136e-02
5.830819837102660386e-02
5.806892404133996016e-02
5.785417552972844241e-02
5.702591214792671753e-02
5.834596574417896114e-02
6.082104479997146873e-02
5.662176242633647216e-02
5.809770095438562126e-02
5.757023702964884915e-02
5.776197511175410609e-02
5.643940236463909632e-02
5.573392520271082395e-02
5.999844292545437191e-02
5.884760131122673821e-02
6.538724872574333546e-02
6.099629929666824935e-02
5.806069891100639618e-02
5.722342193539158017e-02
5.517920869028143660e-02
5.762702896109424960e-02
5.227959848021650202e-02
5.915530181445734920e-02
5.989615022238979625e-02
5.655818671700866412e-02
5.439746581981393103e-02
5.675619912131206479e-02
5.861475956497681772e-02
5.627197749141609612e-02
5.603785834242366176e-02
5.695658281523967303e-02
5.629260874589998853e-02
5.995074401926712288e-02
5.471247769965489893e-02
5.848713383789078124e-02
5.949889152132090825e-02
5.525730732715673083e-02
5.562411809344663949e-02
5.851464454536236398e-02
5.857280606045652677e-02
6.207480808652712789e-02
5.569654192985713792e-02
5.519577829097747218e-02
5.894639301517751867e-02
5.936915142239121423e-02
6.057598275175283403e-02
6.081419254012107589e-02
5.501526169022315227e-02
5.605693744135661211e-02
5.261076832924738850e-02
6.130907084413905056e-02
5.508089255683625007e-02
5.885351175280630065e-02
6.402465513716180945e-02
5.679423950550482186e-02
5.389109328824661510e-02
5.628677588341732957e-02
5.648670610954729943e-02
5.678366229545975946e-02
5.962597471687158812e-02
5.759405445784126359e-02
5.440379461516291898e-02
5.806496773084735691e-02
5.997036600532491130e-02
5.435478222859004005e-02
5.473095853944183464e-02
5.896715003940045108e-02
5.521997871852827450e-02
5.987569761831892240e-02
6.132902301025890818e-02
5.880046624841047537e-02
5.611648123673961680e-02
5.686482908776128303e-02
5.395663994160630056e-02
5.492608833185926021e-02
5.402564443229203317e-02
5.635811081059907690e-02
4.985595711874737934e-02
5.532069370484246629e-02
5.589461554527354326e-02
5.679474009861001232e-02
6.121304551775447189e-02
5.324422015053663360e-02
5.618135807472956350e-02
5.534939799886563067e-02
5.817822785786416068e-02
5.638091137312701423e-02
5.398795757717447102e-02
5.578058907166426328e-02
5.831683803254103515e-02
5.338122774367430601e-02
5.426642459798056151e-02
5.421176433723769866e-02
5.885152853071435458e-02
6.131873131862302512e-02
5.680501992028789277e-02
5.813325149173471235e-02
5.841261972353570947e-02
6.016758981055533861e-02
5.513096489205970147e-02
5.476022645985514914e-02
5.133964104240919257e-02
6.348192985926735810e-02
5.508428647208818418e-02
5.634947586308601541e-02
5.840535809936357736e-02
5.766835901326074904e-02
5.845445570645966399e-02
5.684678182231037852e-02
5.483465267986696590e-02
5.450682992437328594e-02
5.677951176490826646e-02
5.967908212074436031e-02
5.991425840847586226e-02
5.614235405246532917e-02
5.636042617757209411e-02
5.557476973141935173e-02
6.187534338468424211e-02
5.590197239154171688e-02
6.187226922406031254e-02
5.687576912223635955e-02
5.598932072868444132e-02
5.652927747616748322e-02
5.476237863216514706e-02
5.851785561783957174e-02
5.467640474186066107e-02
5.836323721141619542e-02
5.285872972425639110e-02
5.242791355172588680e-02
5.250618622027847238e-02
5.358737523693928029e-02
5.868873942380420372e-02
5.552860805972194280e-02
5.861248852230305922e-02
5.810243802649659589e-02
5.606566557175164667e-02
5.871131631761759839e-02
5.412840917839887439e-02
5.735524528282248680e-02
6.292790735725972695e-02
5.458626398700388432e-02
5.810810011392800178e-02
5.883296585429665521e-02
5.244120608691485441e-02
5.797353414165373753e-02
5.495700400678976000e-02
5.804356380420280792e-02
5.906457442287270376e-02
5.794257965018305423e-02
5.630070016872813082e-02
5.162729421752717401e-02
5.645474147554451622e-02
5.787506539777746706e-02
5.068102235619573875e-02
5.603989930448048662e-02
5.569806060105219475e-02
5.844758634891596139e-02
5.549853801622508381e-02
5.424533603834862799e-02
5.766727802877856524e-02
5.149169557485345355e-02
5.542088007683875633e-02
5.843269657843991327e-02
5.743028939155492979e-02
5.756191692886510752e-02
5.396179726123512960e-02
5.381735291516063363e-02
5.677015842782873883e-02
5.140929033776977380e-02
5.783710346028914095e-02
5.641100211646156437e-02
5.190584265253327806e-02
5.250928656779702691e-02
5.535298739756591702e-02
5.651162496794947393e-02
5.450976193221687000e-02
5.449240444409027967e-02
5.925254870238930854e-02
5.223339766760703301e-02
5.888569814352257598e-02
5.536082844155326699e-02
5.537352078193789884e-02
5.564227891596993519e-02
5.837881496333669623e-02
5.385779094954725593e-02
6.054445547951247536e-02
5.523678328345005273e-02
5.773690393509769980e-02
5.880746677560198116e-02
5.473899748969124346e-02
5.634311721815417340e-02
5.616948063284453452e-02
5.818233985851450213e-02
5.555052142652358582e-02
5.766277781402996683e-02
5.445952200977576679e-02
5.295999973296843660e-02
5.695341678600474022e-02
5.885013536811786738e-02
5.797043138830627190e-02
5.852135931772989297e-02
5.260355655784149098e-02
5.660139697806413489e-02
5.260314801915778188e-02
5.415363179907253105e-02
5.762091244431127163e-02
5.266410004604552691e-02
5.514085292796681165e-02
5.484686477547535965e-02
5.467252415950878131e-02
5.860348239103015805e-02
6.180274837743517102e-02
5.611603646734845269e-02
5.675162893579699386e-02
5.178484444233097395e-02
5.693276241505175472e-02
5.678954581914463090e-02
5.242404616391628525e-02
5.695878819818290389e-02
5.180051302495458643e-02
5.633474514802697120e-02
5.478271220634694377e-02
5.452421971103655479e-02
5.680746772207008466e-02
5.571244750117942263e-02
5.316863252620013247e-02
5.564477749488806052e-02
5.437750217295012761e-02
5.229574938982289867e-02
5.082109306356419332e-02
5.505497837438896869e-02
5.511409980567501948e-02
5.594611938836768078e-02
5.210458029007696695e-02
5.582566929258418048e-02
5.529265591563468224e-02
5.641616671192057481e-02
5.204667499183319307e-02
5.706760760432547097e-02
5.553947323791387503e-02
5.290847501289685367e-02
5.574973368138817081e-02
5.330237927264121212e-02
5.575565283941298633e-02
5.240693062165358018e-02
5.517351786129443686e-02
5.362031356964760270e-02
5.800052296067654406e-02
5.179214956736503950e-02
5.796790984754901510e-02
5.509674167924837745e-02
5.406816992222209656e-02
5.489195463767761185e-02
5.442879442523960304e-02
5.041318097871095444e-02
5.452699925340784987e-02
5.596785033569280643e-02
5.113037612673849985e-02
5.498665246595092759e-02
5.071169304438929992e-02
5.499925155392165060e-02
5.546767043000756098e-02
5.745573063849971490e-02
5.597436575645486911e-02
5.373586482642694895e-02
5.622533947036227608e-02
5.524248908831019128e-02
5.306880035444368898e-02
5.953036076963346551e-02
5.239396912117372934e-02
4.956316101856850231e-02
5.705279677147997303e-02
5.536692954015975249e-02
5.534231761790378568e-02
5.579011972062299096e-02
5.484843719874801793e-02
5.523701725739813689e-02
5.401635485579177332e-02
5.400865544154685033e-02
5.424775372903678505e-02
5.441380561356130158e-02
5.711144779818492362e-02
5.112471763821467563e-02
5.820549866706033193e-02
5.515473664127826942e-02
5.301762872343006305e-02
5.543904092087358071e-02
5.662919551183812072e-02
5.654750913703846665e-02
5.702357868936434176e-02
5.263765768139146844e-02
5.548382276760289999e-02
5.276072787378881940e-02
5.204906129090992178e-02
5.240560362415777607e-02
5.232315158327759119e-02
5.356461945837267397e-02
5.606184564697270362e-02
5.309813302745116509e-02
5.204574992029184499e-02
5.698309463029060939e-02
5.338870964841973404e-02
5.093598455632971506e-02
5.019343167598316197e-02
5.654097522417335375e-02
5.271880259224296511e-02
5.219623419183480606e-02
5.097005427008755724e-02
5.338319269086418822e-02
5.605975819905132523e-02
5.383411624787440980e-02
5.362904686553464362e-02
4.970137811111498272e-02
5.386595535757020964e-02
5.800478859869181297e-02
5.449064037894719298e-02
5.441179658443324324e-02
5.587470166477203487e-02
5.660955396497103359e-02
5.389943698786388987e-02
5.323673821677828155e-02
5.234114238268874203e-02
5.360312863201432965e-02
5.122056236553055447e-02
5.693430107704129661e-02
4.864172372852699350e-02
5.032046385835547281e-02
5.457571603997814907e-02
4.987892283213762878e-02
5.705425976906136620e-02
5.563990145734565296e-02
5.411449648975902998e-02
5.555813273194110807e-02
5.401801521249318533e-02
5.513835847717230010e-02
5.219689929510323151e-02
5.141630331867751841e-02
5.399610234158964267e-02
5.266849336845322999e-02
5.358055718421136926e-02
5.331076174531768769e-02
5.296611719975950067e-02
5.125665844162508727e-02
5.229098192877267015e-02
5.547012137415373995e-02
5.261529364837812944e-02
5.235886472210662945e-02
5.102038107076277418e-02
5.285637978239974416e-02
5.232058208278949490e-02
5.209421755171445706e-02
5.200323114748006681e-02
5.730113828287797945e-02
5.126663818768329578e-02
5.106051413577088888e-02
5.246360554105839596e-02
5.527244262273539599e-02
5.399951414651958659e-02
5.429765027256847759e-02
5.151585054260084118e-02
4.903322570971205968e-02
5.267639148457128190e-02
5.316707925420206121e-02
5.146357102083529145e-02
5.232049297345018474e-02
5.359401016645296695e-02
5.198680534878075132e-02
5.539112599335484222e-02
5.067417066072334164e-02
5.001553264338200883e-02
5.697934979552771867e-02
5.174078653256376087e-02
5.739413432180241054e-02
5.096552970813331140e-02
5.330235891242882801e-02
5.270852240541650663e-02
5.021343613460520217e-02
5.291320086409417173e-02
5.078228320364869958e-02
4.924266441363167601e-02
5.473773966334825880e-02
5.327711881445471725e-02
5.167312008778649629e-02
5.290197630695783748e-02
5.266337842552785975e-02
5.411560465146253440e-02
5.292086592132284883e-02
5.300438807501160060e-02
5.202079045535180218e-02
5.453357718944262800e-02
5.349362754113085733e-02
4.823175451466435448e-02
5.111974017434823409e-02
5.943499565795807432e-02
5.342052693991149875e-02
5.072390250279881080e-02
5.073872805442158213e-02
5.108847187598655054e-02
5.371040928346135224e-02
5.327433107880292368e-02
5.172670478519884874e-02
5.177608887926164055e-02
5.372023422230100959e-02
5.091155162488621155e-02
5.153505935067650284e-02
5.482718868834747517e-02
4.958468568591006820e-02
5.732968033727802587e-02
5.174995443800355782e-02
5.069767011891101322e-02
5.228658882069150277e-02
5.559692718213654627e-02
5.377994771598460649e-02
5.229287178634246802e-02
5.184050276408559005e-02
5.667661416214590797e-02
5.431639231773119358e-02
5.115388531634643132e-02
5.286338070427896996e-02
5.023232023473184898e-02
5.218114519109946781e-02
5.342123155827186581e-02
5.355091185640444701e-02
5.245255692221642563e-02
5.034039803806086844e-02
5.465206651439082075e-02
5.513875184606233104e-02
5.241598743426752888e-02
5.391861050893399787e-02
5.652036613317708291e-02
5.685668368913900095e-02
5.621450159227740773e-02
5.150144192011454208e-02
5.517942920508381310e-02
5.056581461476038208e-02
5.246828514118179188e-02
5.641925591797473938e-02
4.949633295935994964e-02
5.454969390099737719e-02
5.297109619250987139e-02
5.414231625935130021e-02
5.661749180824445643e-02
5.161828898598053161e-02
5.286154934784321330e-02
5.425902677135963775e-02
5.641579934605440994e-02
5.667862200254065314e-02
5.198072890625481113e-02
5.253247734654914458e-02
4.962178957422069825e-02
5.389448844794238191e-02
5.971265349839781356e-02
5.000758703129422333e-02
5.092092419259705571e-02
5.734723448295411113e-02
5.328393608726789132e-02
4.944194631369584064e-02
4.987236222179020073e-02
4.973760362266182317e-02
5.469442064086430660e-02
5.411271728910644480e-02
5.148536545540175619e-02
5.124018996153160282e-02
5.420553021339374888e-02
5.370707355891587986e-02
5.328316720578721299e-02
5.061512478943332172e-02
5.387887674332896004e-02
5.211491639225405287e-02
5.729986941869288225e-02
5.426426465013221845e-02
5.314467056394837213e-02
5.028881557300995953e-02
5.747685322150763304e-02
5.568576415142086761e-02
4.992199344042660969e-02
5.395286208981291826e-02
5.706343353829616133e-02
5.670205964869021870e-02
5.623433290803610263e-02
5.408839986570555119e-02
5.422392183697284651e-02
5.064935373833943238e-02
5.465342120964097189e-02
5.215469337458634308e-02
5.252420351864702658e-02
5.221287404984537722e-02
5.251820892350282655e-02
5.433720821928297862e-02
5.252258910451169938e-02
5.191038089018863017e-02
5.303039029232983759e-02
5.182101899182851162e-02
5.415461393192502054e-02
5.588552936901758361e-02
5.263675943257119932e-02
5.326886385988164468e-02
5.527627655692555347e-02
5.642232370214901593e-02
4.994245486221125102e-02
5.204339274850117159e-02
5.271760744648640307e-02
5.330543369390826347e-02
5.266786195373520524e-02
5.346026171314851444e-02
5.773792045882494145e-02
5.560198285736720619e-02
5.492394553400099105e-02
5.725574876966859489e-02
5.383086245672862036e-02
5.567303253606679936e-02
5.378480040048411182e-02
5.154772414979151562e-02
5.398994249120833699e-02
5.498407752184344965e-02
5.397242888760651891e-02
5.397454297999370459e-02
5.309428279841187787e-02
5.400814457033411425e-02
5.884414613545844303e-02
5.491137790142943537e-02
5.600125464563072974e-02
5.629054119570330722e-02
6.211670381611495567e-02
5.971908706688049823e-02
6.343663104947458442e-02
6.879260793556153664e-02
