6.436103995308866388e+01
1.161011858026980832e+02
2.121576033574301619e+02
2.255615236062013196e+02
1.233726539552757515e+02
9.732670138885171696e+01
5.501447064849150337e+01
5.503176091059475539e+01
2.536115196360572099e+01
5.305462222831457098e+01
2.109279446619139264e+01
3.080211607944763585e+01
2.622898835287612229e+01
2.909105078115484133e+01
2.065309939330654387e+01
2.778949779449370894e+01
1.458183579501655025e+01
1.991736990687467568e+01
7.612558702926048859e+00
8.825027228599388707e+00
7.055938866817560218e+00
1.078972666761318955e+01
8.156897965547978302e+00
5.416297712451227042e+00
9.059656678235386451e+00
9.254168147263451161e+00
7.988381560362500799e+00
9.231744831837337628e+00
6.847237782621774294e+00
6.880698438457878652e+00
1.015252912756776738e+01
4.949259168438000067e+00
6.419360155181406569e+00
3.895894158172545030e+00
4.800420305376344565e+00
6.225145423921569332e+00
5.192146521877815779e+00
6.205843837390716544e+00
6.390067919813661845e+00
4.963879177377342522e+00
5.194823933099973701e+00
5.521137903051692497e+00
4.691255370382265255e+00
3.469278489141653932e+00
3.131651744060250486e+00
4.842537104896442735e+00
2.242176580184401580e+00
4.365013411847540326e+00
4.545730348809082777e+00
2.575624016123362114e+00
3.700871361036077722e+00
2.452238427371945306e+00
2.546242848644245882e+00
3.015469269877503411e+00
3.112218264380879784e+00
2.838922402963535596e+00
3.219225054690400878e+00
2.642467688135063053e+00
3.356824870089393453e+00
2.648698603739823465e+00
3.291697307847263776e+00
1.911368951589062393e+00
1.854210698330103879e+00
2.763874512902452008e+00
2.174672783568187384e+00
2.286145412069031213e+00
2.695672014261315752e+00
2.895953048928216589e+00
1.938314767544649486e+00
2.210450225622173193e+00
1.641595832107717978e+00
2.950630638604850198e+00
2.437448939663385161e+00
2.084712680951957608e+00
1.760781624148762159e+00
1.678260743669811594e+00
1.647967695666446186e+00
1.546869600523379962e+00
2.031219574801283567e+00
2.043973767575915534e+00
2.355520677805214458e+00
1.826696929959981119e+00
1.284181472492148535e+00
1.754875134658141711e+00
1.960124168349977491e+00
1.649440881567342476e+00
1.394787144109558952e+00
2.174419626731158406e+00
1.434253479183565938e+00
1.655716389956664258e+00
1.697445848920902334e+00
1.798010817573210129e+00
1.430252165248294238e+00
1.316379570707681301e+00
1.321265343081424515e+00
1.487138965370328192e+00
1.191712833141884920e+00
1.686520757604236698e+00
1.590075975338936631e+00
1.339030908274178477e+00
1.342605300316767281e+00
1.268654250043156573e+00
1.482765764196496416e+00
1.074565036671353946e+00
1.200841683512876790e+00
1.540160255219651830e+00
1.811720270998399496e+00
1.241899129108230859e+00
1.481375220347557642e+00
1.113927765102246115e+00
1.308172367957488813e+00
1.042386090242953589e+00
8.782653063614145328e-01
1.262495665847046533e+00
1.581803659016745023e+00
1.615379898642208323e+00
1.468626647406809926e+00
1.217445223817103406e+00
9.606498594589492068e-01
1.493674435390498267e+00
1.131965465769088519e+00
1.370601403987388611e+00
1.050437131390647538e+00
1.059352341919486795e+00
1.150054369392411457e+00
1.093000394059773450e+00
1.194193509402516895e+00
8.999008788549546223e-01
1.183637623488099866e+00
8.920608366893481023e-01
7.883110855326304067e-01
1.090457549617920074e+00
1.051917378644494194e+00
1.174111759445356507e+00
1.341961250884188495e+00
9.202728154257628912e-01
1.087439612787645338e+00
1.194253114453481590e+00
9.531104433924083574e-01
1.080538606200089236e+00
1.118851853451728662e+00
1.022493817518775217e+00
9.619676530445087081e-01
1.132861353445391739e+00
9.501908821148766782e-01
8.777218203862898749e-01
8.380304436206172936e-01
8.624947359634698163e-01
9.892773188473004131e-01
7.294017102801209074e-01
9.032385469327880445e-01
9.983518570134329861e-01
8.051961851172397822e-01
1.040099408789756152e+00
8.134825804907245272e-01
8.397072645780242484e-01
1.027396634283981536e+00
9.063281217171125226e-01
9.483286225326613694e-01
8.085830489417114020e-01
7.506323251516064943e-01
7.446752706667794097e-01
8.807466493286595366e-01
7.923508878829355062e-01
8.515546210743121236e-01
9.122009616425384992e-01
8.533594454590581746e-01
7.056242382682309522e-01
6.435657842051285549e-01
6.948057426550351412e-01
7.165578743878905366e-01
7.381994631616093372e-01
7.244072384532628250e-01
6.856789542765115986e-01
7.511838243963413486e-01
6.663986283312678394e-01
6.600497838852047439e-01
8.495132749209703960e-01
6.651900802830487125e-01
5.565501957292857682e-01
6.383176878148241196e-01
6.054683999684119522e-01
6.941876123486088179e-01
7.687000542542307135e-01
7.262596196990247499e-01
6.123279751418898575e-01
7.359085263268247967e-01
6.981972714575396255e-01
7.539127812987862498e-01
5.892543645791804563e-01
6.701278889434779673e-01
6.906226388742193745e-01
6.295385195917375665e-01
4.820200866118910521e-01
5.763559729649445629e-01
5.616117333997198147e-01
6.104171087738033963e-01
4.903184415653837891e-01
5.632165951420510241e-01
5.096740480718098265e-01
5.336033738844677687e-01
5.975887613991996972e-01
6.296026788739763624e-01
5.199639847211259269e-01
5.420539791388893081e-01
4.328137660359894223e-01
4.973081980056585083e-01
4.333598947225713593e-01
4.966656239060574518e-01
5.395892701167167571e-01
4.854289612197207893e-01
5.621418929074942783e-01
4.523915928842051626e-01
5.294267969574446564e-01
4.883342258922383494e-01
4.607845668842888154e-01
5.227253114639384135e-01
4.098138730942982866e-01
4.670205018674331576e-01
5.019540680918090914e-01
4.853567268492328668e-01
4.212228020954718599e-01
4.422422199723919922e-01
3.886858011618833930e-01
4.127086315685696283e-01
4.448054409087494609e-01
3.395082592839862023e-01
3.520192241238316866e-01
3.944291505105590456e-01
4.010600278234272009e-01
4.372405186440047054e-01
4.325039478147812977e-01
2.951878841551607846e-01
4.072109705365850596e-01
4.117646550398129657e-01
3.344099315766120850e-01
3.806061844678699235e-01
3.416353909492940710e-01
3.813222044442878267e-01
3.488947378137878252e-01
3.461945823391460730e-01
3.775291998017569206e-01
3.077893898715086674e-01
3.446043490817231048e-01
3.154915352374764170e-01
3.456502479143451212e-01
3.205419728642893151e-01
2.582741475140341025e-01
2.967035992529633570e-01
2.839202532594062856e-01
3.087960085785597109e-01
2.529206213871507125e-01
2.561314874052087465e-01
2.985602795370458917e-01
3.162555938719506798e-01
2.991800700026147064e-01
2.975127544695440052e-01
2.263148357027668367e-01
2.780961957340746804e-01
2.709494213555948550e-01
2.895581209868811068e-01
2.778410677888432656e-01
2.354127745053361531e-01
2.092818773984404801e-01
2.444313243886848674e-01
2.233589694027351136e-01
2.748046521265469222e-01
2.212045237728953728e-01
1.944898508340058840e-01
2.312365297603899972e-01
2.583855850014441513e-01
2.203868876299362456e-01
2.261599598392564081e-01
1.854157533605453323e-01
1.389773770878583170e-01
2.106625995040826427e-01
1.877661527798260288e-01
2.152492686790989374e-01
1.829370543015334527e-01
1.831276440397304750e-01
2.170489823123028239e-01
2.209079271176093984e-01
1.781690288430806401e-01
1.557001888302825265e-01
1.679200187511973030e-01
1.722207996609142200e-01
1.574401061003363189e-01
1.837340225286722417e-01
1.536679523431960515e-01
1.189804562265078386e-01
1.775878267065763572e-01
1.637901609564413052e-01
1.523916616082223452e-01
1.662492148174719020e-01
1.555164675539938979e-01
1.372225653798240241e-01
1.527042958636679604e-01
1.397551720292540545e-01
1.714190759964903943e-01
1.219760554151825410e-01
1.508947419683917546e-01
1.126008360902504418e-01
1.252854757342439229e-01
1.374912828240924811e-01
1.132006232884796848e-01
1.147706104271734584e-01
1.232851805407452067e-01
1.224162738260779065e-01
1.279078826914862022e-01
1.139335281674051931e-01
1.048994194573365513e-01
1.172729168649769005e-01
9.678904241267177744e-02
1.159624437756745785e-01
1.152947754339173764e-01
1.022591500063555897e-01
9.100259350357241261e-02
1.083258895031907337e-01
1.189441265482958088e-01
8.249820846680758213e-02
9.841792515519369455e-02
9.324737946201538952e-02
1.014294428902229317e-01
9.627433562834719627e-02
9.903481312908758716e-02
9.362356556429604626e-02
9.586615016790539512e-02
8.329993722548696689e-02
8.973692464886028064e-02
8.380518834130669392e-02
8.286196087971438307e-02
8.024607139339086370e-02
9.093519057383338267e-02
8.140706001115156909e-02
8.791462148174905566e-02
8.064316691186737551e-02
7.793695936771352639e-02
7.054432851355167677e-02
8.082291199537591786e-02
6.959337490703426665e-02
7.233216280917556529e-02
7.165369243109862007e-02
6.902105482830603322e-02
5.819820673113931114e-02
6.756946255600727869e-02
6.275006245118888715e-02
6.065794711161588693e-02
6.619291259557319451e-02
6.272930880382231178e-02
6.727276442564844583e-02
6.071256578172604806e-02
6.973228285435277563e-02
6.936536509195963263e-02
6.410462261369495596e-02
5.559887847137962025e-02
5.218559070380410225e-02
5.928521411203750702e-02
4.812716998825901371e-02
5.538310517996473947e-02
5.861309576003666949e-02
6.129714080090704204e-02
5.763542744754378278e-02
5.740204523502968198e-02
5.256059471846505349e-02
5.060659427555797701e-02
4.957845664746310388e-02
5.048828043232590768e-02
5.329174590784568205e-02
4.597720290211349675e-02
5.058874152842275651e-02
4.980869896226017279e-02
4.707108912586988742e-02
4.736119128189648225e-02
4.759336510536364695e-02
4.801204811319079863e-02
4.498563225694258982e-02
4.861085766761462368e-02
5.360847729614755253e-02
4.168294827600383529e-02
5.307090704082308846e-02
4.031447791222667054e-02
4.665876802480110885e-02
4.983761476919594535e-02
4.146347564723450174e-02
3.889409426307716827e-02
4.963930735658001608e-02
4.122825140583653153e-02
4.506971639699911686e-02
4.785902633816097040e-02
4.227683192683060615e-02
3.693007087733265331e-02
4.267771408268885430e-02
4.784284762965768101e-02
4.288675782738019665e-02
4.037893066389366958e-02
3.895608080170527565e-02
3.970215178703721814e-02
4.016529872294766212e-02
4.093876334208589041e-02
4.177357184053249323e-02
3.929942317424845594e-02
3.658395265674016517e-02
4.034032342994674919e-02
3.927019878367630362e-02
4.242515029867442028e-02
4.194379698140978524e-02
3.598480198657712237e-02
3.473404772298063770e-02
3.325985373678195384e-02
3.773338739322786711e-02
3.494064385235458314e-02
3.966500329551508885e-02
3.200628257571624946e-02
3.917152904878604819e-02
3.400782647726440650e-02
3.307385881376387338e-02
3.519590310871797273e-02
3.580604197095601376e-02
3.979620125145987702e-02
3.700463009353558569e-02
4.289551574053549615e-02
4.099877181223400557e-02
3.731009332704295078e-02
3.560549087571662774e-02
4.041502195292952238e-02
3.752141565146033253e-02
3.635634021582152819e-02
3.402536925109389543e-02
3.717816456053212038e-02
2.888257429522305547e-02
3.576152631366259771e-02
3.814358527096187862e-02
3.570384836218291891e-02
3.490468954007932417e-02
3.339081235910622281e-02
3.979245966083746339e-02
3.347770940102892667e-02
3.085893013784623412e-02
3.224679131147234479e-02
3.699204212104146433e-02
3.977443619275756320e-02
3.462752987450453540e-02
3.149205985317887063e-02
3.443840424621448515e-02
3.555636481991933384e-02
3.451981741842823082e-02
3.914671194151968930e-02
3.246847744450142431e-02
3.560449061624012396e-02
3.613166059650847056e-02
3.790347284937183037e-02
3.367143495402644821e-02
3.538842241801513910e-02
3.799142633449142936e-02
4.079599952399128732e-02
2.828213216990174347e-02
3.156150311499004296e-02
3.310015229369472206e-02
3.138926021471521999e-02
3.429919146718304890e-02
3.516711553018780911e-02
3.393264787214216038e-02
3.296240353520739352e-02
3.834138685673346009e-02
3.453277747225143995e-02
3.253702020085461055e-02
3.400006280485402821e-02
3.322675495438538740e-02
3.438082071723438937e-02
3.576992926994647382e-02
3.609792400375309157e-02
3.385865404938064732e-02
3.498434633787666365e-02
2.883715452021354611e-02
3.413392883093832597e-02
3.117492901684171605e-02
3.417740621164740839e-02
3.373081325197219843e-02
3.104509471357827163e-02
3.280927529900172501e-02
3.474877731805594422e-02
3.586586316416921771e-02
3.558560861916950507e-02
3.232593979726160194e-02
3.280233933610965380e-02
3.117197493288257487e-02
3.021515105862110362e-02
3.378388470442809932e-02
3.153803252329939744e-02
3.081854860587369266e-02
3.390964027831683270e-02
3.436088610272040877e-02
3.600000193891088329e-02
3.278704807602397797e-02
2.983604172305638277e-02
2.866744511494422748e-02
3.191410168170136924e-02
3.576348196625580428e-02
3.293263273054405221e-02
3.745441123907158887e-02
3.194696229152715894e-02
3.030418526827317188e-02
3.210124412076564848e-02
3.301111772001183442e-02
3.182851589883490401e-02
3.503909686973394333e-02
2.836211167680711617e-02
3.054268852104100040e-02
3.218611367506426374e-02
3.625814870591223538e-02
3.170418803228436389e-02
3.036604996800094589e-02
3.101376111337255173e-02
3.229356025777643802e-02
2.786625874402554048e-02
2.879488975053120028e-02
2.940123551894927370e-02
2.966857635004547036e-02
3.311662850625233384e-02
3.057195453763214207e-02
2.908603992808087707e-02
3.034773221202466398e-02
3.145683493540926690e-02
3.370072240892053178e-02
2.641724188664957770e-02
3.269021240669833794e-02
3.058262266054847037e-02
2.960763316500977793e-02
2.929466698320499010e-02
3.026121379428344318e-02
2.967789993953120001e-02
2.761288650465694092e-02
2.737383398967757966e-02
3.271911535967075152e-02
2.964967834876404765e-02
2.676697104295817919e-02
2.944877228095879942e-02
2.866698766375448681e-02
3.070021681593525925e-02
2.869180656269660484e-02
2.764847016392931595e-02
3.078421434542541815e-02
2.571765063964135886e-02
3.175454582849829982e-02
3.312958686734358837e-02
3.152213087925206242e-02
2.674979526679467298e-02
2.851500150247192680e-02
2.574156042675390665e-02
2.948780590786251668e-02
3.115213377300956460e-02
3.087763656663148823e-02
2.631023055900860719e-02
2.691536139378882669e-02
2.829591920436402841e-02
2.820234510020796018e-02
3.202196351218167258e-02
2.994444974036520116e-02
2.385948667934452427e-02
3.062601454193138867e-02
2.901964005539181199e-02
2.870935968063466348e-02
2.750898618210189522e-02
2.695342418893699812e-02
2.479811712151350558e-02
2.576369927145561942e-02
2.897049714931736533e-02
2.507839250429867717e-02
2.818094657490283900e-02
2.826164124311499742e-02
2.572388785077669993e-02
2.661402501654024089e-02
2.557364593673926503e-02
2.598060692607890437e-02
3.029756530487875271e-02
2.701400383422842416e-02
2.822574529689196587e-02
2.806101353404154980e-02
2.708662606954187480e-02
2.838178009788546938e-02
2.654374824297991292e-02
2.595301443490690904e-02
2.823294275369273715e-02
2.402223565969677926e-02
3.073041433789611490e-02
2.630128651511442345e-02
2.550578394290190301e-02
2.660156789023425741e-02
2.460240576880727559e-02
2.576452986375329934e-02
2.936431752122176803e-02
2.647889322103504431e-02
2.768893423748640739e-02
2.529197540487033991e-02
2.460360905959554575e-02
2.710848663917763551e-02
2.543135879469646601e-02
2.624334567487537559e-02
2.593303015756660140e-02
2.435431548830404441e-02
2.782624601079479107e-02
2.431150293463607559e-02
2.684290805585878154e-02
2.436955239385575275e-02
2.316740041371856407e-02
2.559062252903353263e-02
2.826589486258777872e-02
2.436266359921925376e-02
2.371874444044981545e-02
2.418034497166629548e-02
2.795557929541327494e-02
2.466047196939635117e-02
2.639130757685392500e-02
2.354015845453219860e-02
2.577424775584354066e-02
2.374140732246301372e-02
2.498827610505913871e-02
2.648319282644743741e-02
2.772772123317090998e-02
2.181460301838824070e-02
2.421967084839649412e-02
2.305114736235911940e-02
2.496681760585111806e-02
2.738604746156696884e-02
2.527658929656817141e-02
2.628786382963610793e-02
2.414695320355448108e-02
2.166489839461080424e-02
2.506397573420059838e-02
2.371019368850950729e-02
2.682443429854211581e-02
2.579781345211042826e-02
2.277442068545518228e-02
2.431682438456116840e-02
2.372155643250050197e-02
2.617459284973339129e-02
2.610453218362095151e-02
2.450889198926003987e-02
2.320876659226155797e-02
2.268162260636190711e-02
2.553895569393936638e-02
2.717251037935385777e-02
2.599323567488832920e-02
2.347268977502118062e-02
2.554907932873587764e-02
2.516123084484108915e-02
2.554312747419975466e-02
2.416108178974785831e-02
2.436661285591053966e-02
2.303503740981050624e-02
2.291203700424514558e-02
2.582195290054585882e-02
2.326228190878997307e-02
2.550421243368512086e-02
2.586688502470303047e-02
2.553215647161459489e-02
2.308265077948136457e-02
2.131433902273059330e-02
2.573355581183746008e-02
2.306427737948479537e-02
2.416944291221039681e-02
2.630413071309281939e-02
2.217388025012968777e-02
2.308903670393833846e-02
2.608282631317006620e-02
2.374616156068546508e-02
2.525151084744752319e-02
2.288439143546147983e-02
2.204524459517734694e-02
2.568639700481840926e-02
2.308014337944531286e-02
2.441227744953102310e-02
2.436281020679700524e-02
2.361307809793539506e-02
2.412172842059929004e-02
2.454968607956490440e-02
2.214266635032664798e-02
2.486019480489376141e-02
2.199672548609029471e-02
2.433503578344588941e-02
2.505861674649079857e-02
2.148278334509149887e-02
2.438808437005722876e-02
2.124518660894484171e-02
2.134066680445440012e-02
2.318681538992689584e-02
2.259914030095774157e-02
2.438869605514174671e-02
2.522207068332652999e-02
2.575306870752871319e-02
2.517208191373799739e-02
2.122025673937227158e-02
2.542842472138564375e-02
2.497726227426117288e-02
2.337333896371962191e-02
2.293179784653027672e-02
2.258618064075467585e-02
2.431370513704590383e-02
2.205425809854564406e-02
2.225582011498651938e-02
2.528580281331693422e-02
2.277192046458894129e-02
2.423031028758560260e-02
2.414349269411700943e-02
2.276339144123928557e-02
2.546034530291393233e-02
2.288372139631134408e-02
2.381523754477228583e-02
2.348516102748651746e-02
2.286583943961481569e-02
2.429613038301412994e-02
2.294051704451022244e-02
2.405598067235330609e-02
2.256888551744787308e-02
2.478053667406937902e-02
2.409616034649146241e-02
2.217139412186817579e-02
2.458261587120717448e-02
2.522276935165523870e-02
2.208634742800798592e-02
2.196222676676794910e-02
2.247008814152590475e-02
2.381007773757728985e-02
2.441999828695266481e-02
2.469087692598343972e-02
2.093239988599917070e-02
2.464197163335790641e-02
2.301181519970810566e-02
2.403241700655638080e-02
2.238472246237442967e-02
2.295793415113902072e-02
2.309626199145744727e-02
2.101236456297355878e-02
2.099827298263096803e-02
2.365453753684785762e-02
2.328658621052998728e-02
2.339726172943955990e-02
2.091692984003987524e-02
2.510920629839780149e-02
2.297542256942834357e-02
2.387246942745509595e-02
2.443740301641477569e-02
2.456071713125540512e-02
2.239039107510066434e-02
2.186138459645154547e-02
2.292360547958348024e-02
2.282314070226656652e-02
2.144382741306363749e-02
2.364007938642437301e-02
2.396297187224791930e-02
2.231479763775799999e-02
2.433331333471789454e-02
2.385775672590105881e-02
2.390928564582551347e-02
2.561111361503875389e-02
2.514208463780188280e-02
2.311559769551434218e-02
2.161184686955061260e-02
2.483937221823631289e-02
2.384931427449725472e-02
2.218660060910590884e-02
2.136400490536005670e-02
2.352190968889420267e-02
2.068075194636342581e-02
2.338133014416881109e-02
2.323430241947336758e-02
2.378762451432842040e-02
2.293297643300738070e-02
2.249862528725961319e-02
2.386752322584750202e-02
2.406141561191905628e-02
2.372325859941452203e-02
2.156418365547366212e-02
2.254028323686057406e-02
2.398872541323213495e-02
2.335968725271687571e-02
2.241456488864481886e-02
2.356425789411576224e-02
2.271474909206128157e-02
2.466607381168663821e-02
2.455975308719567443e-02
2.304322074395858191e-02
2.552487004217242339e-02
2.278681163320655026e-02
2.337213101125066791e-02
2.389387822281836479e-02
2.210011372479786518e-02
2.574011675610675051e-02
2.213579651176693711e-02
2.378102056826419605e-02
2.087475729537749403e-02
2.221335268958442646e-02
2.244714585254488359e-02
2.257468329580096869e-02
2.401025346068303562e-02
2.369232057435906313e-02
2.194581531513615374e-02
2.324639751840025526e-02
2.375467583161734383e-02
2.407098876004884133e-02
2.490398191062336009e-02
2.231911680644598980e-02
2.173325346466906810e-02
2.219455662631176704e-02
2.260760889070622184e-02
2.240307982285811086e-02
2.282801056787397628e-02
2.334545117938826436e-02
2.321526016946012447e-02
2.324756860589154497e-02
2.301609898016042377e-02
2.144541698250043010e-02
2.480644030607702735e-02
2.359623478755134424e-02
2.372423695408401242e-02
2.092778777111058836e-02
2.076365117774270699e-02
2.304661682808106099e-02
2.435827286853763096e-02
2.208079349920788470e-02
2.163311366607235248e-02
1.988733001439062925e-02
2.270764990983032902e-02
2.221707587053861968e-02
2.365270172395285420e-02
2.383089389229760963e-02
2.259581279509443458e-02
2.227891059903164966e-02
2.382725850834896755e-02
2.328021469140709176e-02
2.318022325591672164e-02
2.128793112165032128e-02
2.321897835699888654e-02
2.375678088611271957e-02
2.028389246339961163e-02
2.308227887227561753e-02
2.200995777878947401e-02
2.279811265595511893e-02
2.150838819711096972e-02
2.179811288249071735e-02
2.220986838748616882e-02
2.349154384803332080e-02
2.129204809839642387e-02
2.223463375454668225e-02
2.383836411203250558e-02
2.108107862957546430e-02
2.423064847863636712e-02
2.262891288615479987e-02
2.167333844664664361e-02
2.153123865537625442e-02
2.119085101282590367e-02
2.135099826860135247e-02
2.282371288992166708e-02
2.285708399961734055e-02
2.381466600624067981e-02
2.327358667745518458e-02
2.358836523582119246e-02
2.221729622971298571e-02
2.421742388505217572e-02
2.141658616419226183e-02
2.259024443246838987e-02
2.229655768231701696e-02
2.229325802797659656e-02
2.356757601301334021e-02
2.222948224133496423e-02
2.094313089062342648e-02
2.301470077331161171e-02
2.410828370715173419e-02
2.388155781992070889e-02
2.430936469534587113e-02
2.184084666939810696e-02
2.286303375437411661e-02
2.402218076246936604e-02
2.229749583845546182e-02
2.401650225023179569e-02
2.168520447904902573e-02
2.240951975109911273e-02
2.354990741812624730e-02
2.180122903764545456e-02
2.350505867064654059e-02
2.443709640915605469e-02
2.434866609290432804e-02
2.183646428884582213e-02
2.288386726481628913e-02
2.210426101975247054e-02
2.349199983534426897e-02
2.350542010604047757e-02
2.273198510950918960e-02
2.362019696366210453e-02
2.366194259964678887e-02
2.136059475825831735e-02
2.115730169120765697e-02
2.341718356530309714e-02
2.274646141053406415e-02
2.304158569352927552e-02
2.338798611061773322e-02
2.304156567393418620e-02
2.473017865905255408e-02
2.310026069321916356e-02
2.271746970210477418e-02
2.256289705227507159e-02
2.239255102509286194e-02
2.290313413391440248e-02
2.124554974978232896e-02
2.228021266809517009e-02
2.428273310110051764e-02
2.131258070061640281e-02
2.309337768044772074e-02
2.339225462529033808e-02
2.316043761497392495e-02
2.116314778599910976e-02
2.218146866751676688e-02
2.217653189001060274e-02
2.230187678022887282e-02
2.124576319321964252e-02
2.377800038481281061e-02
2.183814108738697107e-02
2.366532821130077138e-02
2.367815668009190522e-02
2.105159215493148522e-02
2.376617476433185230e-02
2.283056381137342841e-02
2.520026258921031007e-02
2.207188520435252391e-02
2.171230975525674164e-02
2.144966444146250567e-02
2.179555517905291256e-02
2.246259710759048941e-02
2.277719419085203617e-02
2.347801510796734131e-02
2.381200871389183710e-02
2.100725244258614191e-02
2.137200176641790642e-02
2.093161660890915238e-02
2.283002393508222136e-02
2.370402743744558227e-02
2.302611374750146780e-02
2.040682033904981166e-02
2.448268880156516392e-02
2.337030514963742492e-02
2.236966442074391631e-02
2.300914333057713784e-02
2.091453567990918250e-02
2.473624763624721751e-02
2.166227262100550721e-02
2.131589084551974850e-02
2.344314363059334452e-02
2.271633984785773747e-02
2.144690810291724481e-02
2.389970276042039168e-02
2.002127174836634133e-02
2.174846167947447687e-02
2.319680585742744938e-02
2.388800332803741114e-02
2.250139297529825735e-02
2.227320856315893188e-02
2.420160650342627340e-02
2.139577261333262467e-02
2.116746940686346432e-02
2.231828872295868807e-02
2.329485685751976273e-02
2.415633628907170108e-02
2.166844651344136327e-02
2.288066422613056414e-02
2.396468081542643680e-02
2.211563639569941869e-02
2.351778211874542418e-02
2.259515666667717693e-02
2.279309636747538226e-02
2.407037143682091290e-02
2.014968340489494900e-02
2.436162835231555496e-02
2.098022836631707050e-02
2.165966877276444963e-02
2.315495386112111434e-02
2.103799941441222149e-02
2.359071805798746563e-02
2.342213554760873978e-02
2.161000042982076305e-02
2.165826920512028617e-02
2.288996885383371566e-02
2.425007585445669231e-02
2.358213409008983255e-02
2.156795857626822577e-02
2.439432814874675087e-02
2.160409548911730593e-02
2.170970898621896183e-02
1.991330021791874044e-02
2.316999403983100239e-02
2.255369722866528565e-02
2.316600683571543029e-02
2.279164020834555451e-02
2.277437129382129180e-02
2.172435901203996489e-02
2.176959878196304751e-02
2.205011836358815314e-02
2.277207139632333663e-02
2.185036280046498414e-02
2.172669338306627840e-02
2.114124646838097185e-02
2.372318947386738500e-02
2.038885448222367211e-02
2.278577396534986130e-02
2.117507542176003468e-02
2.262084888270098071e-02
2.366408055196731267e-02
2.436542036497290481e-02
2.289208826099085534e-02
2.355671345788495560e-02
2.321983398262433135e-02
2.272576905854168869e-02
2.253589830895011067e-02
2.215421428737015738e-02
2.496192009532557932e-02
2.104461869641174529e-02
2.231988031606781456e-02
2.357677725132827778e-02
2.296170588200064852e-02
2.395846853728090739e-02
2.218947354728588103e-02
2.434572974015278973e-02
2.253535595022730653e-02
2.211080364049526972e-02
2.338921563465317169e-02
2.235012158878095165e-02
2.143522488170752222e-02
2.279879728934504704e-02
2.236162247280737078e-02
2.315014984068992573e-02
2.039807434360937227e-02
2.419401941390180583e-02
2.210693996653775514e-02
2.305091485414726207e-02
2.414910377462752347e-02
2.212882332662246404e-02
2.355546890428676654e-02
2.132901561896749509e-02
2.126447209530020477e-02
2.253817173049619746e-02
2.103801564391046680e-02
2.235885904315822528e-02
2.173175588262230701e-02
1.967060583070202873e-02
2.330712838073238993e-02
2.169932147988214502e-02
2.134155295912238889e-02
2.315141137112500594e-02
2.197169107383899547e-02
2.460437289445549167e-02
2.266526491056009007e-02
2.181110961384078936e-02
2.267307888988972717e-02
2.118436818550110609e-02
2.304278741128451893e-02
2.224154937768405005e-02
2.291065449944991450e-02
2.264146060370784627e-02
2.245230528502854123e-02
2.278499514893764927e-02
2.294680125741454385e-02
2.222907645658158890e-02
2.207318748184087034e-02
2.108887711559070954e-02
2.396084797580052758e-02
2.309446377641439715e-02
2.255870579728237388e-02
2.134560499186193006e-02
2.148772637262813534e-02
2.131371319468814904e-02
2.113312522304914079e-02
2.097140164153063133e-02
2.346678791841608561e-02
2.337542977358378002e-02
2.171985197178597990e-02
2.133151606004473136e-02
2.369961507056024541e-02
2.160974102378670353e-02
2.272300592788183832e-02
2.103071780590346981e-02
2.350759241756232576e-02
2.135465324371683266e-02
2.282071427007870829e-02
2.275607051552343274e-02
2.259895857759881832e-02
2.387235843887529005e-02
2.047177095326959545e-02
2.375266071271948942e-02
2.330285786489154354e-02
2.077173902577667333e-02
2.357530969973814158e-02
2.332698593857113201e-02
2.315003409138454565e-02
2.334090226957686795e-02
2.146193526552327147e-02
2.144227492153275016e-02
2.191011693063565913e-02
2.234178736026677312e-02
2.390108409187363669e-02
2.133126243177950118e-02
2.221007262998384718e-02
2.257884623130503032e-02
2.227749913752240588e-02
2.174280502923204086e-02
2.425018858696617943e-02
2.376451487004049845e-02
2.241893587610051253e-02
2.198278942683557641e-02
2.166294881062022157e-02
2.194060915532780598e-02
2.195969108369342365e-02
2.337935988120628736e-02
2.166517275900527520e-02
2.265295589937541682e-02
2.167546094330813355e-02
2.232269363177545596e-02
2.243596961275237320e-02
2.258600176429622144e-02
2.369018756242656856e-02
2.108127296961280830e-02
2.177427187682920082e-02
2.299310237880088439e-02
2.069475908936754122e-02
2.163716937785744449e-02
2.330596578449323913e-02
2.147548176615885276e-02
2.446077976661359399e-02
2.395495063988799592e-02
2.321736476429835105e-02
2.213400386569963629e-02
2.242579121622065644e-02
2.316718895515028354e-02
2.229059105346252803e-02
2.246627849679675923e-02
2.423353366460887295e-02
2.103955164758571431e-02
2.206174842658505109e-02
2.148968678591936174e-02
2.232501350094785036e-02
2.310234600426126425e-02
2.102669543745562530e-02
2.225056885209573260e-02
2.218900965250492768e-02
2.124368591178815713e-02
2.421064386851459055e-02
2.122335569975766084e-02
2.271632249411996429e-02
2.339989537606843029e-02
2.382328065871265957e-02
2.138510119055668512e-02
2.154824630178447595e-02
2.168396553882242714e-02
2.151347307936085640e-02
2.201500120450232759e-02
2.392596499450377195e-02
2.065099937747741712e-02
2.278823163226647783e-02
2.264602638407047647e-02
2.195209531577600390e-02
2.171297143332842974e-02
2.286046748960200020e-02
1.943132303249415355e-02
2.081119793761379913e-02
2.315069710887198914e-02
2.246972017168160501e-02
2.169956276680538171e-02
2.072169204046733423e-02
2.315562715297968602e-02
2.220904561044643663e-02
2.196260843012030201e-02
2.204771340195371687e-02
2.069474695279958226e-02
2.193785101269160598e-02
2.202914595537300291e-02
2.147852920647372321e-02
2.384987408395454478e-02
2.178777069586304571e-02
2.222392352325893231e-02
2.152063096457813851e-02
2.194541321440140677e-02
2.424175432214318096e-02
2.134201431503751287e-02
2.170860022494192076e-02
2.164181505275180467e-02
2.234408911672342013e-02
2.196441331712507480e-02
1.990738221946177985e-02
2.423856498570545193e-02
2.068070853406978396e-02
2.070368474606481407e-02
2.333019842886696962e-02
2.432166479608176279e-02
2.211545976004471517e-02
2.182969776563007530e-02
2.052237598785450548e-02
2.176738320828141768e-02
2.128184987187048752e-02
2.233673740969319144e-02
2.189535268878557012e-02
1.870103103344011169e-02
2.207070490601739654e-02
2.228690167399146119e-02
2.192800792451060632e-02
2.159804914228584394e-02
2.148992966439317379e-02
2.121077729410170490e-02
2.259541802595620499e-02
2.266750131189249409e-02
2.193928650201861300e-02
1.920113899185324838e-02
2.281022894306639071e-02
2.198729696657156577e-02
2.203194115680463805e-02
2.393199576169844495e-02
2.158281559057245030e-02
2.069111437335941633e-02
2.201455643408729498e-02
2.151220956221737771e-02
2.195679362623181516e-02
2.001798647611760518e-02
2.130131320685496252e-02
2.270197940858901045e-02
2.159631112867032091e-02
2.177369150516038007e-02
2.226339408851406645e-02
2.237018983035965816e-02
2.040795459920602059e-02
2.260979849192700300e-02
2.239010965107769702e-02
2.255943656269996170e-02
2.156802050195641418e-02
2.225009315080032565e-02
2.072471151518395435e-02
2.133414259222109893e-02
2.102875438820025686e-02
2.246170590952753510e-02
2.241391157153011307e-02
2.228746744444087824e-02
2.208541499587013054e-02
2.093459525251878395e-02
1.943002450653118565e-02
2.107459578877564355e-02
2.192097627189722175e-02
2.160895154046779676e-02
2.137478760952713636e-02
2.083534729910591077e-02
2.056984770984449790e-02
2.170632717997538624e-02
2.193064741333797599e-02
2.129406928051492259e-02
2.212674862061580344e-02
2.228481877983353246e-02
2.202397666783787247e-02
2.169909306135959365e-02
2.092784582346090411e-02
2.138101950277124588e-02
2.157667165606666493e-02
2.234684315560808709e-02
2.129376861967548565e-02
2.016024027587566547e-02
2.121562360561661184e-02
2.238985342073316481e-02
2.086493756077484329e-02
2.108339191275097196e-02
2.192566887584235930e-02
2.197940088443411585e-02
2.087188840141052104e-02
2.159050268118662547e-02
2.137686235783562219e-02
2.183620935207240821e-02
2.063668666703814825e-02
2.091043289758895765e-02
2.198736557753422707e-02
2.238929527242503742e-02
2.379256310079997869e-02
2.369222765008138776e-02
2.079806663631246499e-02
2.097874926938477977e-02
2.217606474850277939e-02
2.246517774994263861e-02
2.173388992813374970e-02
2.241829562312534427e-02
2.241547910458455486e-02
2.161922860354498557e-02
2.011706219622730676e-02
2.031777346992795150e-02
2.108131765603168603e-02
1.966188505585314897e-02
2.001287626818254797e-02
2.104888262244798344e-02
2.141899321464495881e-02
2.158041412375632032e-02
2.067903896133063343e-02
2.065672924360938481e-02
2.112387844507289045e-02
2.304624938558035713e-02
1.997215899162891814e-02
2.219725780760063022e-02
2.184825038853654283e-02
2.377479241864128776e-02
2.102215464693992647e-02
2.129102482879849725e-02
2.133376969430091086e-02
2.206327774243487666e-02
2.076849060347513501e-02
2.128821064018184342e-02
2.265188734901222092e-02
2.061543987458050453e-02
2.123615962209218083e-02
2.211317712123510998e-02
1.970422925489383886e-02
2.222801098842682593e-02
2.189841695231208030e-02
2.126066979378817695e-02
2.039531359524844947e-02
2.176664431353987628e-02
2.077187361195997894e-02
1.958166921952939760e-02
2.187476916499532173e-02
2.023324998843073486e-02
2.313444910971435703e-02
2.246182420426148796e-02
2.118044450754899902e-02
2.112150413139990413e-02
2.039281007585221767e-02
1.930426735794127033e-02
2.129660438251212637e-02
2.173121628155699411e-02
2.076695234523664307e-02
2.013263117786427692e-02
2.077301901072722140e-02
2.148536703973353071e-02
2.010372763222702946e-02
2.008659243685805354e-02
2.100786848418022615e-02
2.066820134327035374e-02
2.146335825773810352e-02
2.046451442315766131e-02
2.127604038024000568e-02
2.089818347535397913e-02
2.077911996700110980e-02
2.021221611573666144e-02
2.098050108773553274e-02
2.152953665949008596e-02
2.237239358044373558e-02
1.984014057367258083e-02
2.045742641683005389e-02
2.275016659280358275e-02
1.934385805110302656e-02
2.157027975012414805e-02
2.027101506572368678e-02
2.011165931443708449e-02
2.177372471350151606e-02
2.174906938406857490e-02
2.099077403128913819e-02
1.970638617911709550e-02
2.219974429050824982e-02
2.220251206745491035e-02
2.154656571002689508e-02
2.063157542876626824e-02
2.236256529638310647e-02
1.981206141075749286e-02
2.086222699377014711e-02
2.148602276418847337e-02
2.140817848780581303e-02
1.949339562780561322e-02
2.153577894415382651e-02
2.237461684850640398e-02
2.014766696949358074e-02
2.157191089007405929e-02
2.241414877933945587e-02
1.890917116954888774e-02
2.269109107797028999e-02
2.091473536544465744e-02
2.305527061464122604e-02
2.303019591424935314e-02
2.106499724985570060e-02
1.977153401164608720e-02
2.110744077783776804e-02
2.157572740079510831e-02
2.012426206977603951e-02
2.075834627030811314e-02
2.106681931265904154e-02
2.093745608561564664e-02
2.096027626623785112e-02
2.291206219652805812e-02
1.958478624760017980e-02
2.121295096293468810e-02
2.256849665991811013e-02
2.060348007701097786e-02
2.095243579222433664e-02
2.094284281887920027e-02
2.178418835085006375e-02
2.034797792980844872e-02
2.209704111924695388e-02
2.240461612223989402e-02
2.205172021024772583e-02
2.152761261301768328e-02
2.190492383569886056e-02
2.034776620502799435e-02
2.145151212987439840e-02
1.896543215301802268e-02
2.144612581654656638e-02
2.173526474126002278e-02
2.148390622653839968e-02
2.000546235002096523e-02
1.986235178246257074e-02
2.130715904913210723e-02
2.260019474527454400e-02
2.010946267517672165e-02
2.331704132613906383e-02
1.938633767158717131e-02
2.165618146181179024e-02
2.089398154826957801e-02
2.063364938133697632e-02
2.108644416003412417e-02
2.201207898143948613e-02
2.020834966108494765e-02
2.217657255754639650e-02
2.103409331800061219e-02
2.081633311931225042e-02
2.034409535315653828e-02
2.149223318722972079e-02
2.194651558418523121e-02
2.100690101706420565e-02
2.002985581601817930e-02
2.099730819582293698e-02
2.061640744389809168e-02
2.098386348689303474e-02
2.072604311617446196e-02
2.167746099660488451e-02
2.065648606954036126e-02
2.290724638019036447e-02
2.223389107828504033e-02
2.033726051622279304e-02
2.148749327782522797e-02
2.057474109372605178e-02
2.012418149596565189e-02
2.098049953465258924e-02
2.210977617390635919e-02
2.015031551947626953e-02
2.116861221988713959e-02
2.056361859374409781e-02
2.092975552892911359e-02
2.093702321730803867e-02
2.018813505339155795e-02
2.158484589531742964e-02
2.193298983684859732e-02
2.080693395738131973e-02
2.038964267275193351e-02
2.043087831648541033e-02
2.209937961976509227e-02
2.003712399526566545e-02
2.017529047122253519e-02
2.251102203318568196e-02
2.135046612324261600e-02
2.113332464739238470e-02
2.060310060194968373e-02
2.051613097504764033e-02
2.140865987889937691e-02
2.295743685335788209e-02
2.186759986262154509e-02
2.027712705672222310e-02
2.073340629544621894e-02
2.317354618707050118e-02
2.184105817222128237e-02
2.133778563889134755e-02
2.250359461419229601e-02
2.013246342980081968e-02
2.254545867022949776e-02
2.089648157517322649e-02
2.066595446836708497e-02
2.152457812098653236e-02
2.173891709296304001e-02
2.044690331658735941e-02
1.978921036926966151e-02
2.055903119657187181e-02
2.103294860648639505e-02
1.971687807691297964e-02
2.132210521573179793e-02
2.257399158681569484e-02
2.189020283802088629e-02
1.929232027500603699e-02
2.164006297378584520e-02
2.121343804582483464e-02
2.250653370943098489e-02
2.148351676493037710e-02
2.067115256889569611e-02
2.051930532088852913e-02
2.059651807048762384e-02
2.135506015318615336e-02
2.128130041713615153e-02
2.027421277820774109e-02
2.089508112815800789e-02
2.073804294588879604e-02
2.231508749818943496e-02
2.036449735190819232e-02
2.173135931434327234e-02
2.123889341663414559e-02
2.079243702301984686e-02
2.137226148740630632e-02
2.117984965950284876e-02
1.957314781398923967e-02
2.084823390845454844e-02
2.072499658550924079e-02
2.168949884327048272e-02
2.098309197633792950e-02
2.039789499120014254e-02
2.176443799506673840e-02
2.065374711933314414e-02
2.305704384873434598e-02
2.092952719814700907e-02
2.148375554820928027e-02
1.917040127496943969e-02
2.083955463041447381e-02
2.146575944070143460e-02
2.181050883891729950e-02
2.062823551153014634e-02
2.128431822661041792e-02
2.170319456438701833e-02
2.247360587397875115e-02
2.091671543083088378e-02
2.128541538901966221e-02
2.147033769523507690e-02
2.205892810057472758e-02
2.230058149456227989e-02
2.116168193517939389e-02
2.062103294399860592e-02
2.147318722661602231e-02
2.325263215974326253e-02
2.364278608889215302e-02
2.554724225352007425e-02
2.398866699328241689e-02
2.539385462722689932e-02
2.538421734390140794e-02
