5.113588954944651164e+02
6.010805082543877234e+02
2.258915999918621310e+03
5.346589098755911209e+02
1.697227002943569460e+03
3.486418937263794078e+02
3.327184419180700843e+02
5.563911230667875429e+01
2.094930045775613792e+02
1.705939109743460449e+02
1.154914234842377141e+02
1.810753856992580495e+02
3.610470537139175207e+01
5.049954339977611539e+01
7.104844071476919964e+01
7.706242804187370155e+01
3.661774104932032969e+01
7.127415514579804778e+01
3.039992392325392245e+01
4.661774632505311189e+01
2.378610736621444488e+01
3.882696233882894177e+01
2.397056970924962371e+01
2.295487163015392440e+01
2.583996676184257169e+01
2.186295871932304280e+01
2.390868552624441534e+01
1.744551172270620043e+01
2.275693175413340441e+01
1.439547276267039244e+01
1.869950425766023727e+01
1.767090408390150102e+01
1.507045918844464438e+01
8.773712895798338351e+00
1.208953072470883505e+01
1.008543327854710725e+01
9.789209630696925402e+00
8.905998211374033247e+00
1.097540709308248097e+01
9.908235087172553079e+00
8.761675043443810651e+00
9.433069366652244270e+00
9.123244892019949148e+00
7.094487632030688218e+00
6.841892367685195708e+00
1.006095338510674075e+01
4.421274771516804591e+00
8.071876821812679736e+00
9.585008517635591474e+00
5.149186306008456171e+00
8.999031793067734597e+00
6.706783964310839785e+00
5.857312699657002852e+00
5.087364522872278805e+00
7.105533199458377247e+00
5.084964107140030443e+00
4.558348633628954261e+00
5.159274747079227730e+00
6.924190909669702521e+00
4.651722679031845331e+00
4.888235096481731823e+00
3.400577477128302384e+00
4.610036840992782103e+00
5.816427232805053471e+00
3.516172304033077012e+00
3.604490197169444521e+00
3.465101679824484915e+00
3.302002504752686640e+00
3.665928220356912792e+00
3.357994418625673827e+00
2.841250310790660372e+00
4.611072249750887586e+00
3.981187275989591434e+00
3.868104692385386123e+00
2.477920928092639752e+00
2.249936979689886929e+00
2.629243685233420003e+00
2.314581017600577884e+00
3.615056354061044086e+00
3.070981927294266001e+00
3.241512679091361093e+00
3.329983900002317476e+00
2.423055862993093168e+00
1.857887253196262689e+00
2.735546150323532100e+00
2.539238931238001040e+00
1.951870834675205169e+00
3.075457749665657214e+00
2.101993575369447420e+00
1.922893821687819305e+00
2.125486027889807339e+00
2.263905924803182756e+00
1.846747054216013151e+00
1.924254637880050023e+00
1.459671585425247109e+00
1.574963644912976690e+00
1.809956780719522706e+00
2.178024245824548011e+00
2.167175498731396033e+00
1.477557955805869128e+00
1.925721161450016927e+00
1.644799073250994281e+00
1.953339709148470327e+00
1.159285007449051941e+00
1.498717085037645891e+00
1.629736058005491373e+00
1.610889437136748370e+00
1.643452481930566478e+00
1.705307948827284426e+00
1.011442494592367680e+00
1.430259114837666878e+00
1.468600784165567941e+00
1.183590922304844861e+00
1.266567807108219146e+00
1.498944326998301158e+00
1.773128592374218826e+00
1.690190427664904016e+00
1.290032531635554092e+00
1.041104566259356989e+00
1.258175242119239146e+00
1.227464510336185421e+00
1.348931951512327476e+00
9.876963746921361142e-01
1.093946137154731657e+00
1.446744847551588942e+00
9.732800113535741149e-01
9.803726705571474964e-01
9.664284039003879778e-01
1.127981362486909500e+00
1.080425631905978401e+00
1.016886668122903403e+00
1.053457583706479905e+00
9.605241735778469181e-01
9.336451799464277057e-01
1.058854941867424015e+00
8.586610579254557729e-01
1.037552725005293386e+00
1.004604544622785589e+00
9.832451611746317877e-01
1.104856960626213969e+00
1.027354569074839796e+00
9.655114158939762659e-01
7.844429744540882821e-01
9.236519393576977377e-01
7.539692641107824667e-01
6.921930002885013922e-01
7.395038947209416902e-01
8.028532214435534220e-01
8.319650437811016985e-01
6.993725611003019926e-01
7.096594788319652292e-01
9.134589988290161555e-01
7.574949336524635646e-01
8.263853131619386394e-01
7.565074585316401423e-01
6.283312520603843154e-01
6.411273774496857314e-01
7.858504492512916606e-01
7.490174326464521526e-01
6.141620158620370029e-01
5.477036558615430151e-01
6.286001966347164460e-01
6.431063606442972702e-01
5.307307786674054784e-01
6.342235063600139000e-01
5.125484341847801328e-01
5.847202928882931916e-01
5.022080201962642043e-01
5.418942190923098368e-01
5.079139551749087822e-01
5.178920722444904090e-01
5.542332766196270688e-01
5.633822996977975173e-01
4.638644856082227985e-01
6.515015689626720841e-01
4.347084633916963314e-01
4.423901337696153901e-01
5.403705415376056642e-01
5.105942107411175490e-01
5.413091460556530565e-01
5.021727839795472326e-01
4.016578733908612309e-01
4.922988182539653201e-01
5.336506347626953639e-01
4.648395066719757662e-01
3.708458789153224466e-01
3.696620288148228517e-01
5.059431803689574680e-01
4.210733273415513400e-01
3.636035636583520581e-01
4.780963366682607352e-01
4.301557501302716857e-01
3.999145379612989437e-01
2.976342478357989485e-01
3.414661325908600054e-01
3.691733600345009636e-01
3.761324764772517315e-01
3.022295610575300717e-01
2.788148142766162518e-01
2.966771277204909296e-01
3.800154027487659958e-01
3.656418715938297703e-01
3.847505008675570215e-01
3.796047170548783045e-01
3.181393950507178658e-01
2.029687379577258532e-01
2.731615119852639495e-01
2.687247143577652375e-01
3.058762290519642657e-01
2.790700143874481620e-01
2.902597054387917042e-01
3.567035572482873951e-01
2.974466861939352169e-01
3.005539542292815502e-01
2.259321186257957081e-01
2.520747647156186821e-01
2.702126671756847620e-01
2.231816925478482538e-01
2.792560984947344283e-01
2.617698755700084701e-01
2.515074283271285793e-01
2.042518302609548364e-01
2.370874364507082888e-01
2.818262430559189680e-01
1.992668383708376678e-01
2.065651186140601003e-01
2.122044687463059409e-01
1.864064963119316243e-01
1.785811138215121219e-01
2.038809071481060553e-01
1.947352778836065335e-01
2.384765060587111241e-01
1.794239756671138775e-01
1.777532079445478530e-01
2.254695166791803596e-01
1.693619168921951523e-01
2.119070952935577512e-01
2.098793455541013708e-01
1.922040984802842467e-01
1.966308019174408117e-01
1.556383580948020873e-01
1.984806536718347891e-01
1.750352465519780798e-01
1.558456833985943923e-01
1.431285129615800511e-01
1.720037313511675325e-01
1.556287148859307468e-01
1.355946802715515265e-01
1.488020233519300461e-01
1.712146264216189429e-01
1.488946267885375430e-01
1.218657100243248359e-01
1.335074438436145705e-01
1.499117707777028186e-01
1.415910317120258055e-01
1.175762395488137019e-01
1.505934366874714381e-01
1.406396920213532631e-01
1.340165533483421434e-01
1.239016595605242632e-01
1.283896650162462683e-01
1.318054870210973728e-01
1.202681266887178080e-01
1.252581217596530350e-01
1.393615282179500592e-01
1.019213326138263126e-01
1.120673258570206859e-01
1.002477638586785486e-01
1.184740779096124103e-01
1.182117122670277715e-01
1.081300449851704121e-01
1.088344477772855839e-01
9.705092669177205200e-02
1.001797045945611170e-01
9.041560668952297597e-02
8.843783519903043733e-02
9.217957363982268171e-02
8.578352847328024611e-02
7.828564034760801538e-02
9.907065692662316014e-02
9.161056710582694829e-02
8.899920659272161916e-02
9.608395275398193269e-02
7.481190271590368313e-02
8.286961793473548998e-02
8.327471239998049390e-02
8.139175807459013423e-02
8.269134668332644988e-02
9.171233374864326549e-02
7.407875896731917764e-02
7.694678292792607455e-02
7.335657910248659375e-02
7.007207091882128314e-02
7.093428100488116672e-02
6.579905289659396250e-02
7.261402533239186274e-02
6.650300207265763541e-02
5.889920497782776682e-02
6.259670109300080609e-02
6.772995809129447875e-02
6.473241586223302257e-02
6.184056455002826663e-02
7.132961958767651545e-02
6.535043726058617497e-02
5.365711217397273192e-02
5.537815855432411810e-02
6.216757416493388921e-02
5.831602596497363622e-02
6.059565422534202161e-02
6.434684608537252770e-02
5.068539754746688442e-02
5.358316599814712256e-02
5.871056965025854557e-02
5.586704171194357277e-02
6.393298036569268483e-02
5.059467733429275776e-02
4.833154071781743666e-02
4.962202570290071696e-02
5.608801160848732315e-02
5.164210409194868595e-02
5.384947408142731068e-02
4.417318067625150557e-02
4.112200101890141346e-02
4.429527447375585653e-02
4.941864476119935817e-02
4.703752686251959358e-02
4.411707710906068863e-02
3.818228093765908826e-02
4.632709424862328090e-02
4.176328203834907965e-02
4.278946923587551021e-02
3.377042583830774936e-02
3.743508990732914016e-02
4.568514448235179437e-02
4.238131822162800183e-02
3.190504535043525020e-02
3.776597055901267236e-02
3.874889767684733255e-02
3.949004975439781434e-02
3.536759741198309409e-02
3.856312445077433176e-02
3.689536096669839005e-02
3.084745201318639385e-02
3.403237260700133632e-02
3.304853875155450843e-02
3.662887723419156610e-02
3.216648310857184861e-02
3.070825451717233701e-02
3.714427782624897534e-02
2.991968895409873042e-02
3.676364015588951678e-02
3.783587784328722864e-02
3.496131346425307429e-02
2.863932628013602169e-02
3.319431811533525567e-02
3.140488724550837690e-02
2.957172802356467303e-02
3.172571853829912747e-02
2.924747124660035530e-02
3.036664032973138833e-02
3.777028800759271721e-02
3.086733049164142387e-02
2.904769891444616142e-02
2.505210203721478651e-02
3.298444930975492212e-02
2.744590908468496487e-02
2.914613142093390452e-02
2.652479945983791595e-02
3.043979078224956850e-02
2.588393531250169841e-02
3.198350655143528121e-02
2.539454780733002917e-02
2.428903725872028074e-02
2.335886199900550145e-02
2.514987195751426305e-02
2.508199341705890165e-02
3.143401558506766363e-02
2.690087901474010404e-02
2.253249486321302897e-02
2.548457590988074256e-02
2.101886279856350626e-02
2.677601892194607716e-02
2.611303223023999504e-02
2.273642600855074400e-02
2.579386501461774714e-02
2.444416531443919030e-02
2.427767797612101139e-02
2.372925554467680484e-02
2.348762729984654046e-02
2.646324279485277528e-02
2.672756410729984836e-02
2.419955843901483439e-02
2.551359024245995755e-02
2.290215483853032252e-02
2.317855990223500334e-02
2.529914339565377673e-02
2.054201757346999294e-02
2.291332878597248865e-02
2.367967135099361548e-02
2.602141496590436309e-02
2.557750137467249343e-02
2.484018647819929981e-02
2.206095397487965390e-02
2.449342740467045157e-02
2.392913214657528195e-02
2.704986642105062719e-02
2.314906473667614761e-02
2.435807894639484272e-02
2.193076162275308522e-02
2.035927050992090634e-02
2.166126959176874547e-02
2.201545321050160306e-02
2.148358674559671874e-02
2.433143160416821257e-02
2.405790281553848650e-02
2.365942207193044711e-02
2.539081306560220241e-02
1.973080153163002740e-02
2.213432768470884049e-02
2.280758185634055787e-02
2.072189433732591138e-02
2.133794667039691853e-02
2.008639785231577587e-02
1.896427458247710793e-02
2.338204833777342631e-02
2.312720897520870872e-02
2.043010359849336058e-02
2.031865565183559041e-02
2.138480127546095802e-02
1.826976757046128857e-02
1.947708924776936357e-02
1.978759537665299509e-02
2.206715202279941820e-02
2.123047646070127387e-02
1.973986112977625662e-02
2.298686382305620626e-02
1.776741737873536314e-02
1.870609193599617054e-02
1.712541908383852576e-02
1.924902045123917660e-02
2.333582027052016547e-02
1.791247260923708659e-02
2.024278345725752729e-02
1.961295994191375458e-02
2.039175242045965925e-02
2.113789210351250600e-02
1.691483795282251734e-02
1.921096447061151208e-02
1.980352576573359349e-02
2.213074657172758516e-02
2.077485840178701013e-02
2.321095059259867602e-02
1.777536586866478030e-02
1.817528404365798683e-02
2.416441698888411801e-02
2.000967315708731056e-02
2.071117366521161435e-02
2.409718558103947708e-02
1.989517698251985073e-02
1.655630852924674934e-02
1.814636996180488820e-02
1.861671309286132281e-02
1.933969082597507272e-02
2.101811351971244468e-02
2.011099102633528979e-02
2.102757541668074173e-02
1.841796327235939099e-02
1.663258222597103000e-02
2.003203086611727440e-02
2.083897638067992372e-02
1.834590733002310417e-02
1.856599645480004612e-02
2.016799201335559705e-02
2.114121877868182023e-02
1.960039308878268327e-02
1.966882348452934220e-02
2.114766165193514291e-02
1.675537017276109916e-02
1.663527365693242763e-02
1.710541935225050672e-02
1.810879327706879649e-02
1.831864137075477419e-02
1.674714354649066081e-02
1.817290105175511927e-02
2.076403176275101389e-02
1.688205792765412952e-02
1.931273082743852412e-02
1.918349947877631342e-02
1.906609985745959940e-02
1.404273917164321553e-02
1.604112606217937900e-02
1.835206931982255249e-02
1.701502161661589199e-02
1.809617117393881591e-02
1.968812817688905814e-02
1.869054024520799134e-02
1.767770743055867635e-02
1.860880586179176552e-02
1.508366784193316060e-02
1.802238847411754066e-02
1.901205999277664691e-02
1.710437310873157493e-02
1.631105098759710881e-02
1.691786383706825325e-02
1.737747140187851508e-02
1.662354693568575750e-02
1.763212863045052203e-02
1.810672670385674379e-02
1.787326402647194598e-02
1.720079862932919271e-02
1.691690837382533313e-02
1.533255943867135526e-02
1.878065520768044255e-02
1.896984842172953767e-02
1.686429825878323421e-02
1.980294745615886545e-02
1.725113272395691413e-02
1.599157370511841356e-02
1.700693952664863312e-02
1.704328237172613586e-02
1.697372833582320301e-02
1.995119907670120721e-02
1.557297283172323805e-02
1.703836538981751830e-02
1.684494261947923344e-02
1.538719564008613795e-02
1.841733667305579109e-02
1.939123179025804139e-02
1.731769949854955817e-02
1.664868779706218938e-02
1.684536593036464400e-02
1.718489210667168213e-02
1.737882194096188396e-02
1.495016320750030235e-02
1.522790904288182263e-02
1.570617827503296982e-02
1.517220053632752433e-02
1.621783926095984527e-02
1.584600852714281027e-02
1.722082853753019796e-02
1.587334282989426651e-02
1.693707951496460293e-02
1.598077989844502722e-02
1.318148248427151656e-02
1.825447562073035865e-02
1.746763977325774958e-02
1.581927838244207712e-02
1.641349847943146881e-02
1.525709523427548099e-02
1.573910801963462891e-02
1.669256196093666864e-02
1.512532438527058355e-02
1.519884430109443366e-02
1.605723339724091439e-02
1.594636650754334070e-02
1.554000871644763485e-02
1.570468957862940218e-02
1.507536795956687312e-02
1.473913658444868380e-02
1.571702148597046295e-02
1.724464289487548721e-02
1.627880688245631619e-02
1.453158456785580595e-02
1.549467318251441378e-02
1.343192271924287251e-02
1.601277861114728737e-02
1.648131324647610779e-02
1.456204370896958290e-02
1.531802317588320389e-02
1.538544862443525472e-02
1.548346098463270100e-02
1.481978728850515820e-02
1.416110677836255639e-02
1.639798296408645148e-02
1.363765920115279570e-02
1.313495241253404520e-02
1.432847855058442740e-02
1.528567988287017620e-02
1.571203753757264773e-02
1.618600780351019119e-02
1.524473874517349656e-02
1.436028277259985587e-02
1.334627618454609262e-02
1.322601475240347581e-02
1.456014604874152421e-02
1.424727858931887359e-02
1.385595239765724171e-02
1.303893157683559505e-02
1.152875002456709395e-02
1.356787384262058034e-02
1.358333829867998215e-02
1.415853988935406559e-02
1.312142885103215369e-02
1.352441943145313123e-02
1.276042317407192865e-02
1.465161122988451782e-02
1.291697238422772134e-02
1.326386119802851205e-02
1.336608903285401405e-02
1.549041411371160012e-02
1.337282002655017232e-02
1.372439194359633199e-02
1.285190627150451827e-02
1.413961205008094218e-02
1.208463342634969080e-02
1.331471915704077365e-02
1.306182426312876323e-02
1.166511114131982101e-02
1.373308024872156932e-02
1.276600958609794452e-02
1.277286852770315867e-02
1.226100889483531901e-02
1.181925678536360942e-02
1.224579084040892593e-02
1.520290221641333941e-02
1.321255923389199304e-02
1.193759384173791530e-02
1.130662115270433636e-02
1.181263182312093651e-02
1.269627010846698621e-02
1.296338527532648471e-02
1.171805457265713557e-02
1.244758755896517750e-02
1.211719958632488658e-02
1.166669194562366257e-02
1.043765221178308798e-02
1.098074902186656036e-02
1.185907714861715243e-02
1.247340448934131790e-02
1.272978330451845011e-02
1.162224687823368470e-02
1.163286730954951088e-02
1.077876302448517627e-02
1.225886891871038643e-02
1.210704529457432704e-02
1.202711105118441613e-02
1.143887224308142748e-02
1.345924153625864886e-02
1.293433051595666537e-02
1.075258695492992307e-02
1.118375123242979288e-02
1.127329539776580382e-02
1.191878479956325933e-02
1.197044882788422283e-02
1.129453007211314759e-02
1.191702694529306675e-02
1.069225357414954267e-02
1.089983422482292998e-02
1.088947268585954177e-02
1.211334605619823757e-02
1.200147598385985399e-02
1.158339200738902654e-02
1.130436224837894771e-02
1.056716261892627975e-02
1.063899411131618081e-02
9.966145661528955785e-03
1.225200205344285226e-02
9.819404617191967999e-03
1.143303568205072430e-02
1.095336739407362647e-02
1.011367694494651713e-02
1.086848084835954908e-02
1.130839621485804636e-02
1.203957940137878428e-02
1.247389522232240748e-02
1.114248619233166628e-02
9.741700492008150206e-03
1.058314024373027684e-02
1.022484541415850587e-02
1.185062342466559199e-02
1.161378394460370334e-02
1.081273895960744962e-02
1.033731006731129602e-02
1.067170686908073055e-02
1.046386643029707797e-02
1.121748387960245369e-02
1.095688095084874913e-02
1.074635411183456034e-02
1.073417538333612531e-02
1.031416520419646717e-02
1.098210959448804071e-02
9.518894288998581976e-03
1.086407816833692350e-02
1.057714271121733968e-02
1.119555768223226902e-02
1.123676556136111657e-02
1.004424151754120843e-02
1.033099163569109295e-02
1.087049045601652664e-02
1.213851698542842486e-02
1.072963045219166127e-02
1.061274047705021081e-02
1.136083216758348134e-02
1.066490646756536841e-02
1.003891020060624327e-02
1.088943610070598408e-02
1.148554932576251186e-02
1.083852046109353047e-02
1.031245783179451404e-02
1.133799669191631887e-02
1.150514049531410794e-02
9.954339264643638149e-03
1.028941903081934464e-02
1.142165219769510250e-02
1.111878752527138345e-02
1.061426061006864874e-02
1.014835641400648782e-02
1.051131790187585097e-02
8.896406805844941923e-03
1.073049424306515322e-02
1.008755590879361654e-02
1.145181979196838347e-02
1.053021298958792262e-02
9.565376071824584908e-03
9.494470936779771456e-03
1.194373600266084023e-02
1.039652847505611807e-02
1.076548024736324015e-02
1.076984885035228538e-02
1.071306586586247625e-02
1.077849619168571964e-02
1.014511647653556017e-02
1.069239284610748637e-02
1.045006612509189955e-02
1.095346995924789679e-02
9.969122958654239725e-03
1.028160547196885558e-02
1.206872380829903356e-02
1.051109268844641585e-02
1.123694289404664551e-02
1.061849868321188689e-02
9.425106380853935997e-03
1.144643137366954493e-02
1.064400874920543548e-02
1.179696472377874533e-02
1.024614220379787763e-02
9.963688313659404064e-03
1.030261206420078277e-02
1.034954750952112208e-02
1.048436557261485380e-02
1.039408907676016812e-02
1.100030510450798749e-02
1.008958957809341465e-02
1.019085284413211515e-02
1.057873739506714865e-02
1.115704640182007060e-02
1.046714858349209049e-02
9.778177082967447892e-03
1.043972549956456025e-02
1.133009778056205674e-02
9.688548013954254370e-03
9.260615651633594125e-03
1.138433050528661096e-02
1.059660256263996771e-02
1.001586144706356415e-02
1.049448425390957403e-02
1.063038969768934430e-02
1.089101537395250480e-02
1.041738473277874569e-02
1.062298051028641964e-02
1.178270859988121526e-02
1.045182334823776399e-02
9.614334950109113334e-03
1.100081250278677619e-02
1.078346486990500175e-02
1.059193562007641060e-02
1.058352415501129760e-02
1.030256117592565253e-02
1.135784920995292629e-02
1.147179795490772640e-02
1.165857163350430582e-02
1.010819614972298733e-02
1.068406314532870799e-02
1.048630575793856913e-02
1.149644090208192145e-02
1.185942890186673059e-02
1.148789158638304463e-02
1.096361421407544313e-02
9.291625208182672027e-03
1.070793672883970163e-02
1.172054969867807744e-02
1.021321460181390944e-02
1.122116460861541203e-02
1.013883056538894718e-02
9.423707871826276020e-03
9.834979732797044169e-03
1.184063394992011971e-02
1.069347623312177399e-02
1.097661890029047634e-02
1.023703417662255588e-02
1.030361485450445765e-02
1.106403903388503661e-02
9.811771205144188476e-03
1.116136405133736145e-02
1.060974982655792272e-02
1.062916780794079599e-02
1.068180172048271287e-02
1.100538332308395595e-02
1.005432776306301214e-02
1.040710394750312892e-02
1.083196856728358554e-02
1.015337346395561897e-02
1.043019800150963260e-02
1.047057079586212469e-02
1.069645683940702655e-02
1.050818844468713077e-02
1.199352257015020608e-02
9.682067033775778112e-03
9.823998982660422236e-03
1.076358425079032392e-02
8.906363068158128921e-03
1.008610341382724235e-02
1.007476531916613217e-02
9.860810424901901225e-03
1.057604587813780819e-02
9.991746040000573301e-03
1.049132634318638950e-02
1.083024781348617543e-02
1.047826365919242095e-02
1.057677989507585861e-02
1.002953295114821820e-02
1.108387168306790814e-02
1.025959907753927827e-02
1.042422694777174474e-02
1.046296166750301272e-02
1.037781616886081400e-02
1.078191005700448665e-02
1.087903808596265426e-02
9.837578623131655250e-03
1.006156219840052303e-02
9.950733385311820445e-03
1.107003490839682767e-02
1.015099923300817088e-02
1.008914681784664133e-02
9.878941086486747042e-03
1.040053004397023528e-02
1.013203671742444849e-02
1.107116823796002077e-02
1.100485760785442982e-02
9.840154370424908023e-03
1.050402423139763959e-02
1.046266528754767958e-02
1.049672736897550550e-02
9.707161040858091824e-03
1.029368901205126967e-02
1.033264151468520770e-02
9.929321382625309542e-03
1.054180741049823809e-02
1.051329442070469966e-02
1.003042934616336229e-02
9.529682977576725555e-03
9.479778761478705948e-03
9.977891569325549395e-03
9.996086563282133991e-03
1.079816737050370325e-02
9.653400103326813600e-03
9.664893635510526937e-03
9.761898780243855392e-03
1.083977525399224852e-02
1.005015036245461395e-02
1.032084567008663412e-02
1.058104180637202234e-02
1.000913773390025782e-02
9.032316905645825997e-03
1.043545426550352567e-02
9.708010126235927517e-03
1.036615967144346138e-02
1.049573634094883544e-02
9.032207235135002177e-03
9.699585235894939150e-03
9.735884541358940519e-03
9.066415678208115947e-03
9.949283070455908207e-03
9.159254103583487627e-03
9.574821104698602939e-03
9.979402182578447217e-03
9.425889356206680267e-03
9.935939405266602797e-03
9.183579478203713481e-03
1.053836869284625020e-02
9.804768680294301958e-03
9.383977270725402109e-03
1.079406960119715791e-02
9.924383818008980160e-03
8.798595377578937934e-03
9.509101170048462129e-03
9.193064021364607055e-03
1.022955630927304370e-02
9.506417008216878212e-03
9.279260801546035387e-03
8.818523162503227875e-03
9.656899463040860901e-03
8.769777494057122771e-03
9.903957910865797409e-03
1.023339054862161535e-02
9.539668861501765171e-03
9.220431355696050157e-03
9.537214762311837374e-03
1.024478744638626301e-02
9.095090453675767211e-03
9.200682897268082708e-03
9.370468840998763538e-03
9.384024642314633263e-03
8.745727495049045175e-03
9.311743246095863236e-03
8.597599067383453891e-03
9.414642191887033149e-03
9.658168743906118958e-03
9.002118977997885726e-03
9.205930941491888980e-03
8.753121744131552376e-03
9.102652653937332375e-03
8.795783243253921940e-03
9.857975470970746501e-03
9.140413530785332363e-03
8.995138297687303372e-03
9.140204347469507024e-03
9.762991308544129859e-03
8.960485505661003325e-03
8.722242273925331912e-03
9.508822268731764379e-03
9.744385185947994354e-03
8.821751033785603727e-03
8.291829492247524552e-03
9.095789873745612278e-03
9.345917106274597222e-03
9.151461780379068281e-03
8.872432814741518584e-03
9.118668785668507595e-03
9.464303247571637101e-03
9.750681799300544780e-03
9.317773072218087094e-03
8.535268893332710258e-03
8.843698128536078146e-03
8.800208414048450375e-03
9.239659724061299526e-03
9.317252995088003142e-03
9.615568601342256924e-03
8.572581427607025434e-03
8.476224317371522377e-03
8.683897343101140698e-03
9.566047990466456513e-03
8.905181797465903937e-03
8.018891640952407682e-03
9.356553913031270472e-03
8.410878428508487478e-03
9.202604401380189147e-03
9.260985353189020788e-03
8.670756289880362719e-03
1.007084476978264802e-02
8.658196220507053537e-03
8.208276138999652527e-03
9.238965109779008825e-03
8.232988403606705460e-03
9.661747463886254106e-03
8.544637648654087800e-03
8.788948508838149987e-03
9.594184354005256057e-03
9.228636325897734277e-03
8.930345835886028052e-03
9.072450785430480336e-03
8.448742741883232335e-03
9.088657112306214661e-03
8.373954779569196816e-03
8.549427572369937972e-03
9.147638249771451388e-03
9.129970329404664409e-03
8.845114196885538529e-03
9.811677584251676104e-03
9.241871225365771644e-03
9.119825299497381563e-03
8.302536661983037081e-03
9.111246394116418248e-03
9.542597634486046920e-03
8.675030414223986949e-03
8.235433005531507880e-03
8.922225590997468619e-03
8.937225966176876382e-03
9.679506883111445997e-03
8.398622965937557056e-03
8.947790197564904277e-03
9.803321368799288241e-03
8.515727144307051397e-03
8.264756512429596857e-03
8.682852620994699691e-03
8.390395230917698302e-03
8.851867668345761789e-03
8.314591334530403027e-03
8.375452044170549407e-03
8.994912909283942284e-03
9.191856674642697594e-03
8.762099970455116196e-03
8.805059704659579448e-03
9.487841869328283301e-03
9.698891453836662110e-03
8.171247035483965998e-03
7.972579739865532159e-03
8.798567926593107991e-03
8.816834848857266552e-03
9.161705673604053635e-03
9.558369020940735844e-03
8.926399830545606040e-03
8.092234550564156997e-03
8.637353452015638852e-03
9.397274500704225209e-03
8.343843492714525523e-03
8.874391338342431032e-03
8.869831232969083157e-03
8.973717565034979721e-03
8.640321297550589488e-03
8.237958225969668410e-03
8.967909747138560692e-03
8.591945794716258217e-03
9.219170673818059131e-03
8.967552001916659701e-03
8.829968395187740710e-03
8.001111747103743441e-03
8.153791374848359461e-03
9.095095353306874297e-03
9.283602063241379321e-03
8.351592911709202621e-03
8.967586716217430462e-03
8.729643095400380776e-03
9.342410260401310534e-03
8.545145385570515270e-03
9.061437883576025157e-03
8.289909750353026061e-03
9.170235867051320169e-03
8.889470967785051761e-03
8.393524223515174548e-03
9.455869317858758838e-03
8.393164057737392825e-03
8.281278220558236161e-03
9.147353684254564896e-03
9.157118190316655346e-03
9.074561655568611634e-03
9.013963165742948716e-03
8.877599765044206712e-03
8.626798768294231812e-03
9.395101111961541920e-03
9.502593423729020772e-03
8.733279801797760172e-03
9.244271293091908467e-03
8.678807457945105636e-03
8.929307899975574142e-03
9.064393512947679574e-03
9.314225441244935316e-03
9.288193676404411792e-03
9.432674348642580350e-03
8.604988043374423023e-03
8.754725197858042110e-03
8.746171567171837774e-03
8.338943829205008179e-03
8.914920643427149891e-03
9.011377486404466286e-03
8.667874836186698767e-03
8.647616210729493214e-03
8.411210113253495685e-03
9.114052226802261958e-03
9.376553217822413896e-03
8.992114778699848363e-03
9.159032909843493192e-03
8.286480232845765820e-03
8.904801207509504754e-03
9.079306233150043204e-03
9.124367272785392780e-03
8.896873743113332608e-03
8.597926165181101962e-03
9.102019316276337840e-03
8.436484353013518761e-03
9.082738654716412952e-03
8.764177572947241465e-03
9.444321339390245387e-03
8.539269190803309290e-03
9.179227284096185685e-03
8.644092103052204712e-03
8.974969140339053922e-03
8.754372924993538210e-03
8.580471381979587822e-03
8.385992140528498659e-03
9.358556395076158066e-03
8.517474222824925750e-03
8.916800080859772770e-03
8.737561349167347405e-03
8.566668626303982140e-03
8.967510301567607409e-03
8.384584505761615361e-03
8.715384627872828013e-03
8.969894516226015885e-03
9.040994882775963554e-03
9.022997827514388225e-03
9.236452892661662500e-03
8.674902158186951345e-03
9.025337237718648181e-03
8.852361134258399100e-03
9.243655210938526989e-03
9.343593138802003609e-03
7.858579866934917169e-03
9.083457456315884027e-03
9.237562255577844855e-03
8.607511414331147498e-03
9.185224943226001290e-03
8.776632502512838122e-03
8.396808004382149554e-03
8.953651821215907747e-03
9.160001774795114432e-03
8.881026997122801192e-03
9.441281448332092957e-03
8.406649520446582077e-03
8.130091162833204266e-03
8.335874532436164663e-03
9.267778296964616913e-03
8.960355139523548673e-03
9.116035047126901103e-03
9.124719072636610154e-03
8.736733150764995973e-03
8.379076011334163701e-03
9.422858853582254460e-03
9.167303506208274860e-03
8.467683341528879984e-03
8.064489537198472544e-03
8.964102678391960496e-03
8.833462470227523844e-03
9.012672616159032868e-03
8.717710174454837771e-03
8.636907314326541449e-03
9.031604289072910074e-03
8.464314921529752372e-03
9.029765040244278756e-03
8.412473069394075728e-03
8.697641089641734019e-03
8.759783648689881477e-03
8.894937280411303882e-03
8.536162201403473676e-03
8.380571823134411180e-03
8.000497512823627824e-03
8.740129375117589028e-03
8.592739284523578588e-03
8.858656806216010093e-03
9.280687817861277972e-03
9.033129454790254920e-03
8.115614650121893980e-03
8.584112358697883541e-03
8.632777694655757728e-03
9.132200282919951395e-03
8.125357938325328613e-03
8.306530824588173254e-03
8.770249278050142733e-03
8.356473883062685154e-03
8.808778073424453764e-03
8.790748936227693600e-03
8.979421747318782829e-03
8.974484712478176737e-03
8.058840030243678496e-03
8.592324222488031613e-03
9.022418054605378310e-03
8.510574272686676975e-03
8.623729137601241282e-03
8.704552882079739928e-03
8.137233365404934401e-03
8.275258693778044308e-03
8.647379983557591451e-03
9.108026024545775104e-03
8.147717114556208770e-03
8.782476528719860426e-03
9.023545509120293670e-03
7.718455084373828171e-03
8.436944717750693989e-03
8.254612120597514327e-03
8.738744225167864935e-03
9.249179784880682750e-03
8.323991267384775114e-03
8.583932485331404252e-03
8.418113625963962593e-03
9.110664461375700754e-03
8.171212506092689204e-03
8.715621248306593821e-03
8.115639633960445784e-03
8.341354269946386901e-03
8.719824101745175804e-03
8.200384940375275711e-03
8.054895407654225764e-03
8.929672590273057473e-03
8.234334604356484399e-03
8.719710575685530804e-03
8.190453914804949123e-03
8.383535095489334441e-03
8.607208784056373518e-03
8.044269151831357975e-03
7.677013705847578195e-03
8.735513792220881216e-03
8.682873842975946665e-03
8.707416751201735305e-03
8.470100980739976582e-03
8.240390656370076561e-03
7.532355684173804543e-03
7.782389601068777883e-03
8.661125255117186478e-03
8.115751375802535833e-03
8.241597210600236714e-03
8.216486849572891479e-03
8.955711291758657044e-03
8.497884379419340384e-03
8.199675129292883710e-03
7.967942960616036796e-03
8.545674420905636365e-03
8.456670976693406172e-03
8.217423839155831369e-03
8.548259070839914556e-03
8.055608672807371140e-03
8.162652053570852023e-03
8.000639051051383968e-03
8.171432319145983253e-03
7.955894760471973401e-03
8.557596603204454047e-03
8.381793019828883556e-03
8.195266747719474540e-03
8.342753026034970681e-03
7.807590305139943364e-03
8.624420455359320392e-03
8.376350251982895775e-03
8.390510467016495250e-03
7.773266029232422068e-03
8.521473471969282995e-03
7.407767264715504722e-03
7.930472392980543114e-03
7.887125036497367667e-03
7.886645213022614592e-03
8.120531777951845581e-03
8.248240472548594437e-03
7.763274249747671892e-03
7.996293339364869343e-03
7.749366010443067138e-03
8.059688045272709808e-03
8.314321914743762892e-03
8.102086527255880979e-03
7.951715868795847589e-03
8.285787899140764634e-03
8.142520252029867775e-03
8.487029556228911989e-03
7.425150999571445733e-03
7.641546647692588727e-03
8.761550465584714772e-03
8.886379077119128597e-03
7.849880980955474888e-03
7.704147927592818260e-03
8.474660315363707550e-03
8.419038601692253529e-03
7.538598732718159237e-03
7.951674668183909833e-03
7.856306473482978919e-03
8.053064502308962189e-03
8.095199766795598342e-03
8.097233166181116298e-03
8.141075047487110819e-03
7.680865364470971894e-03
8.110338704202179130e-03
8.579321074441141615e-03
8.071821642928592166e-03
8.216088571520356945e-03
8.260176751140279466e-03
8.490048363243310470e-03
8.210639187883056814e-03
8.020568511237847684e-03
8.115779868608291245e-03
7.728426522667601953e-03
7.703670575031721160e-03
8.084923997896616837e-03
7.520140028689384880e-03
8.088521028126625587e-03
8.472759320700976038e-03
7.931421143244242120e-03
8.387933825033222490e-03
7.773647296760262046e-03
8.093136891739417457e-03
7.843930505040305409e-03
7.835445014420095236e-03
8.002565069828108252e-03
8.176004618625686005e-03
8.173226116235891153e-03
8.091511162730258971e-03
8.053262363485212683e-03
8.410532933146272136e-03
7.992898555773718730e-03
7.929987502854946371e-03
7.685971994373189467e-03
7.641725880158413420e-03
7.966017601128035086e-03
7.574539340688147757e-03
7.399597628072017083e-03
8.249202832398317559e-03
7.864183760481740365e-03
7.802115670466180063e-03
7.813189645733758029e-03
8.169235050332453868e-03
7.982261486373858766e-03
7.688727102958968843e-03
7.524760169276330929e-03
8.075904856878575108e-03
8.444468302477680169e-03
7.642327977319873442e-03
7.853089547792206290e-03
8.385307020044755616e-03
8.088794033029957087e-03
8.657228895024121976e-03
7.734635442305801481e-03
7.514556780210544969e-03
8.202667013833023560e-03
8.077470631932166106e-03
8.121531838047930940e-03
7.798274512352749641e-03
7.625025528154369750e-03
7.623928956582597290e-03
8.572910425578178159e-03
8.572317051915087985e-03
7.626695818947993796e-03
7.060415280247187876e-03
7.590351768153811782e-03
7.857317744846402385e-03
7.604737013363843320e-03
8.502116712186046782e-03
7.689570267892732909e-03
7.733064197589255284e-03
7.628803773170173691e-03
8.359913417051527060e-03
8.084845448048423242e-03
7.762642685472549535e-03
7.440613030426162892e-03
7.814993403960659307e-03
8.031426955409719584e-03
7.916336115741424637e-03
7.773115785544112109e-03
7.757605513829190017e-03
8.268386196216406803e-03
8.086520152742755763e-03
8.465719115950190443e-03
8.070318331824574698e-03
7.441593059913868824e-03
7.938620694227259411e-03
8.068569588085550137e-03
7.757541702687109630e-03
8.066183922076492624e-03
8.165603147552829774e-03
7.786866808044311077e-03
8.303403663064970117e-03
7.766711100015002284e-03
7.414056544662540361e-03
7.919671370164362359e-03
7.979948126574841483e-03
7.837342859031586062e-03
7.644530029341829389e-03
8.269625519364337193e-03
7.468870383176323853e-03
7.513358369015399330e-03
8.537442501575941492e-03
8.055274666878062609e-03
7.721220211405251804e-03
8.658302887880898677e-03
8.152919105449941972e-03
8.338384981461119741e-03
8.102551040528335399e-03
7.996920408297568741e-03
7.911712196939032354e-03
7.768929211512422967e-03
8.103231619900475372e-03
7.743218296497021876e-03
7.291328161206194793e-03
8.452406947570684226e-03
7.465756135115367287e-03
7.206651813660405227e-03
8.465421124450743864e-03
7.490766720976175727e-03
7.702546599507368447e-03
8.602854927092593723e-03
8.371550164154592868e-03
7.637681013860726266e-03
8.326258012096006064e-03
8.005684025279529228e-03
8.293340220740293839e-03
7.483033435805028395e-03
7.724055749035335997e-03
7.930124409081154568e-03
7.819406684160111476e-03
8.765944697524950466e-03
8.149156992121930898e-03
8.218107470288402508e-03
8.061194719628300351e-03
8.443103057742953194e-03
8.731497347115499061e-03
8.182846951710743763e-03
7.988380275083457535e-03
7.534373687521643374e-03
7.680724946836623747e-03
7.902912631879723676e-03
7.636111793427687380e-03
7.879473283452415738e-03
8.229608737502771762e-03
8.175843605534683506e-03
7.497008791034473485e-03
7.846241443417070749e-03
7.947488977840274846e-03
7.525071905844194289e-03
7.922897143046246649e-03
8.287196677598699518e-03
7.650574677559173961e-03
8.135134107660781794e-03
7.423000870024789102e-03
7.522398624209640158e-03
8.022946448847125683e-03
8.503892964606001720e-03
8.080662170385385229e-03
7.402154264216105790e-03
8.004409756747000657e-03
7.958157433113637394e-03
8.128182440634424202e-03
8.299613508292336128e-03
8.039402778451497020e-03
7.990233433559116791e-03
8.066593608008387067e-03
8.314425319624075758e-03
7.434971744946910002e-03
8.300562346619310555e-03
7.639351042069043515e-03
7.693804230737234275e-03
7.534413550005258572e-03
8.080480185986345376e-03
7.661118550293119847e-03
7.906130483600479902e-03
7.636502365138814023e-03
7.852063106807300255e-03
7.930687105351592533e-03
7.792597277757114249e-03
7.658006047553884629e-03
8.174858678440801926e-03
8.253833265585335324e-03
8.091066630967857012e-03
7.557842073296572316e-03
8.342255143840316203e-03
7.994875998419791532e-03
8.289310617240884527e-03
8.196360607248306951e-03
7.415231242332715952e-03
7.473094183025921246e-03
7.857961444767623885e-03
7.547757951101768947e-03
7.395162005325812103e-03
8.065717036132166728e-03
7.662146430098661434e-03
8.054761441732448055e-03
8.133072501666843354e-03
8.049012825555189668e-03
7.758325070061111370e-03
7.901362252826043403e-03
8.299693478861881052e-03
8.031788337827534818e-03
7.997725025860375273e-03
7.562736207813125673e-03
7.589177869931111424e-03
7.983688279629157572e-03
7.949113709248079376e-03
7.423119349968121047e-03
8.228890553650365994e-03
7.771442322152717630e-03
7.779000463658547644e-03
7.924298074782090001e-03
8.431775490578176033e-03
7.656442150738056868e-03
8.079748451417378616e-03
7.530989111728687152e-03
8.062494679828727945e-03
7.919222401443517384e-03
7.996198532055305563e-03
7.703378590327986455e-03
7.611427947354781898e-03
8.001539856383417526e-03
8.133549543648057462e-03
7.792156998258093978e-03
7.731584152130295019e-03
7.803742052436449944e-03
7.989895466254516229e-03
7.350704213943288871e-03
7.510296964743590209e-03
7.922049595289644419e-03
7.272590829072249873e-03
7.605938966405720661e-03
7.717268384414086718e-03
7.660800942611580532e-03
7.514475075545609326e-03
7.858173853565166012e-03
7.349438001403413648e-03
7.382246099357341225e-03
7.760738251589852782e-03
7.395958966209608201e-03
7.763032206846575030e-03
7.487507591401771322e-03
7.246044535009969582e-03
8.102998038962640551e-03
8.056192059015285928e-03
7.832069358221964775e-03
7.872042487682298292e-03
7.611017813278859491e-03
7.712619800479684692e-03
7.735684815684517809e-03
7.470524770449637336e-03
7.584912819148629214e-03
7.832441141109452998e-03
8.216992579686516890e-03
7.921965115815294417e-03
7.318499518400554266e-03
7.979576241728019922e-03
8.065198847224112899e-03
7.802270932269872450e-03
7.635938444679508594e-03
7.541772367617691035e-03
7.972186162169382986e-03
7.946506637968432304e-03
8.364402652545456854e-03
8.270982655760487218e-03
8.635656515136846609e-03
7.896959968236300434e-03
8.046805327025419521e-03
7.676314298566585571e-03
7.900899768308270593e-03
8.321576959452518102e-03
8.000513753914948595e-03
7.779699099572411243e-03
7.707660202948590951e-03
8.286237062527256059e-03
7.830680368065822197e-03
8.177960880874754826e-03
9.128930374898969885e-03
8.980788925376086487e-03
9.612082434143333354e-03
1.031413785649214904e-02
