3.062538364599382135e+01
1.258647776828569675e+02
2.361240115016105960e+02
2.347669475049310108e+02
1.685997110542025723e+02
1.129794196905629349e+02
5.917099928627769145e+01
4.751671756372879685e+01
2.854965622025877181e+01
5.727309076725745740e+01
2.101616065731713334e+01
3.914727850232861783e+01
2.624236045843713683e+01
2.818417149280795186e+01
2.074508816605244022e+01
2.995850972993579830e+01
1.623140667708972629e+01
2.213617166924265689e+01
7.700379958456700535e+00
1.064036895367386926e+01
6.670175212956786837e+00
1.150106107261393973e+01
8.540650629529068283e+00
6.273396632919767235e+00
9.560343051738758646e+00
9.849032726666552051e+00
8.454124808418409742e+00
9.259737902645660768e+00
7.650232516694882356e+00
6.842160681260003763e+00
1.054089490405328000e+01
5.861257836580888281e+00
6.611924191419838337e+00
3.605750952110180041e+00
5.090444704301297030e+00
6.131760249026452669e+00
5.167028258152341458e+00
6.188200888403819100e+00
6.398723623035310837e+00
5.022516247156361580e+00
5.114774769354434980e+00
5.521627677368990739e+00
4.850938914826865123e+00
3.562526508395321478e+00
3.237308505352681109e+00
5.165673297326629054e+00
2.082038322404103248e+00
4.466289047478826824e+00
4.811454676282514775e+00
2.551216431416233998e+00
4.099908589378041590e+00
2.608187934937811203e+00
2.593218484849919125e+00
3.108915748745206820e+00
3.262115640696023888e+00
2.980323886045969317e+00
3.006404145587330046e+00
2.560650632320955911e+00
3.457708271046182169e+00
2.585712119904910899e+00
3.317469827576802643e+00
1.791624605055559760e+00
2.022558912011287013e+00
2.865183901758562524e+00
2.190240451273554267e+00
2.363358017119894239e+00
2.483939986432130098e+00
2.757264580842844204e+00
1.879652888387926213e+00
2.094201324646156159e+00
1.497656040878600381e+00
2.910132683013753496e+00
2.469999071637658083e+00
2.109626953442130581e+00
1.702537707905186881e+00
1.658581650196464308e+00
1.532664978848324866e+00
1.486257819438909555e+00
1.967986256073317675e+00
1.904658205046955599e+00
2.366696983976233515e+00
1.797088558914139211e+00
1.315710647914098974e+00
1.661273983220150408e+00
1.926541668225832948e+00
1.670250401462373135e+00
1.238224843720025614e+00
2.177843324733936825e+00
1.446698167942712887e+00
1.589625602095321222e+00
1.614047119905176464e+00
1.760216976594549676e+00
1.359743752186904020e+00
1.209098626679321331e+00
1.283252719100518746e+00
1.328021605435187658e+00
1.109951627978144950e+00
1.662803755321268007e+00
1.636517174193281798e+00
1.290832889214792889e+00
1.365488268745016942e+00
1.180241804353358681e+00
1.473140796961820653e+00
1.018606706279059138e+00
1.096964812566395553e+00
1.462339883349909719e+00
1.657161790707327054e+00
1.227182814052518056e+00
1.416338698315082967e+00
1.058793645058334620e+00
1.280132184098950132e+00
9.390038183778280922e-01
8.235099495927437063e-01
1.188269560852232454e+00
1.437206122372041150e+00
1.531217890340153653e+00
1.453664168622075259e+00
1.160542986412483879e+00
8.115541684118174892e-01
1.349213916896750076e+00
1.000598424311577750e+00
1.272762891386687745e+00
9.235299301941505279e-01
9.415693477479128992e-01
1.101288488283987510e+00
9.978851495060102605e-01
1.057699555083905230e+00
7.554429417757134724e-01
1.068647220607397585e+00
8.720790975603016637e-01
7.410196840674351249e-01
1.008162533887145385e+00
9.636950576744039987e-01
1.021774760014081629e+00
1.166895642794576693e+00
8.057730325289975681e-01
1.009402046906916928e+00
1.009058139925468334e+00
8.402368182300666843e-01
1.008654405802722032e+00
1.020420990854508103e+00
9.576949988186231888e-01
7.836410908771079820e-01
9.737359829861480520e-01
7.966007856664008013e-01
7.829384360873333781e-01
7.359316443436892952e-01
7.597311617278583729e-01
8.364639089486904933e-01
6.650918462613386595e-01
7.748349673726386833e-01
8.848556088396755115e-01
7.501545955563649892e-01
8.868435683431791228e-01
6.488689439829830041e-01
6.942164702410952293e-01
8.846882180176017796e-01
7.807116243274663248e-01
7.466404444909705562e-01
6.640409384260066439e-01
6.647607610466856887e-01
6.596795979141453214e-01
7.391785607376596401e-01
6.688530523579340192e-01
7.431724687660647977e-01
8.072138442491059163e-01
7.380996713395567843e-01
5.712529286716391264e-01
5.767237701180790710e-01
6.057520189283149836e-01
6.055622315285252855e-01
6.441181493482310838e-01
6.211610091298814806e-01
6.030172751539362164e-01
6.550506137219413993e-01
4.928912883095716846e-01
4.993431000925598884e-01
7.019500115906617266e-01
5.459004967547328446e-01
4.466295110073458807e-01
4.994398504173085951e-01
4.755507537648095417e-01
5.351812840819537564e-01
5.998127083787836433e-01
5.850883538615255786e-01
5.019592228304881054e-01
5.713007520368229564e-01
5.562494182704772472e-01
5.933016658375329655e-01
5.133121410575115506e-01
5.233659428329922036e-01
5.730756035468580478e-01
5.272132598890215682e-01
3.659598979868283197e-01
4.548452830016158077e-01
4.271201109357392611e-01
4.643036714251420061e-01
4.009544295317392093e-01
4.249184423327067583e-01
4.100788930591307002e-01
4.619093260692212488e-01
4.466926736256670027e-01
5.097164764443873342e-01
4.201076894284135888e-01
4.056421845627568579e-01
3.278353814116032883e-01
3.700706593687456136e-01
3.187203317732194008e-01
3.708101055187484896e-01
3.940484891883686558e-01
3.866523930660366593e-01
4.376885957079629796e-01
3.402320239119194789e-01
3.976415886660434884e-01
3.473512040014982705e-01
3.294417881188814734e-01
3.770692851366101994e-01
3.227997111860871904e-01
3.363407885599290492e-01
3.459029929231037248e-01
3.337835753616668066e-01
3.241232096442126509e-01
3.405243951962464433e-01
2.931970148857934166e-01
3.106168701418617339e-01
3.094665371457492320e-01
2.492969532240425501e-01
2.711093978452457365e-01
2.727321259964138878e-01
2.918321276758599758e-01
3.033077759231852522e-01
3.196574976303934168e-01
2.032953644432268503e-01
2.908712788091543655e-01
3.029740687022840495e-01
2.466475886733907885e-01
2.808264915692856301e-01
2.559157272944964090e-01
2.607843788769332871e-01
2.379054103807875520e-01
2.498668538536258088e-01
2.579912750404314004e-01
2.241368738506743785e-01
2.367117549898434536e-01
2.168402044801163164e-01
2.409499144271632642e-01
2.238435276822004771e-01
1.780781743067165745e-01
1.990483360358001053e-01
2.117125468046198722e-01
2.019021727700973934e-01
1.718517410032253112e-01
1.799424471230809952e-01
2.167374238482258075e-01
2.037499795283001791e-01
1.914262009445783785e-01
1.977511258355283685e-01
1.648348358791923707e-01
1.775254865757086020e-01
1.665539886330859587e-01
1.955566390636491458e-01
1.790742667905468044e-01
1.638645448620059397e-01
1.439869834800349968e-01
1.552954685520142319e-01
1.415734775717641392e-01
1.567081958891781701e-01
1.458133509451054188e-01
1.346953211369573411e-01
1.416532464392843693e-01
1.648226182954100338e-01
1.302813519614648419e-01
1.331589123917289730e-01
1.227188202572626202e-01
1.051178908220822134e-01
1.281972803222828916e-01
1.194853485633362994e-01
1.243566338826402051e-01
1.167885720022046880e-01
1.115060606185649256e-01
1.272350993796957097e-01
1.319234432446318439e-01
1.055961953870151737e-01
9.406830370517955953e-02
1.071074234138020831e-01
1.077163822906794521e-01
1.017697629946700544e-01
1.173510956495370378e-01
1.015846980143791101e-01
8.606641570831510824e-02
1.096044108677311224e-01
1.011654819787497495e-01
8.898739278560781341e-02
9.548302834426944385e-02
9.919620720006705472e-02
8.047900656601414404e-02
8.518346783232028097e-02
9.343451372457736714e-02
9.270757485728321756e-02
7.256293343181631494e-02
8.628808828754175320e-02
6.783517667926901307e-02
7.607894636442120995e-02
7.906027659351186343e-02
6.655935390757264369e-02
6.904681494316895762e-02
6.830880956528168069e-02
6.899479169784340782e-02
7.415677259505988606e-02
6.446968370637071177e-02
5.420312073220730914e-02
6.410147315817263380e-02
5.564276060347859987e-02
6.337013762541154893e-02
6.736116853860252274e-02
5.455836849176346620e-02
4.813917014033266412e-02
6.162799596823194392e-02
6.437371913177408755e-02
5.263750027025821537e-02
5.933810815581990611e-02
5.090593028113064855e-02
5.206175065031493771e-02
5.850647163300943393e-02
5.598500889262487262e-02
4.758426509786695818e-02
5.477572133940863258e-02
4.581278132904264416e-02
4.674358694800803682e-02
4.700356439723360480e-02
4.290652842942964396e-02
4.211572892066996893e-02
4.376837457663468323e-02
3.740461853968837097e-02
4.830066687425584732e-02
4.672929553426698884e-02
4.633164039562719105e-02
4.330930407318287628e-02
4.313273849329663651e-02
3.813886981584997671e-02
3.636172012300142170e-02
3.551994678335864547e-02
4.126262896650519096e-02
3.728701985650706430e-02
3.698828131529412894e-02
3.658277891725997266e-02
3.404796701326928687e-02
3.158161991828870724e-02
3.357887442633872982e-02
3.652843861581930168e-02
3.811316430679724532e-02
3.717705043912365032e-02
3.767091248788014685e-02
3.299802474295667615e-02
2.444122612270306985e-02
3.062124652070372793e-02
2.972872289928781345e-02
2.964775578874670123e-02
2.735880784905116506e-02
3.143746793202636253e-02
3.061268195644250081e-02
3.207568961193151685e-02
3.238526885075832668e-02
2.778892465598628223e-02
2.658285308005928563e-02
2.837680320166727915e-02
2.637447598492452180e-02
2.490783218481953942e-02
2.593342216454302615e-02
3.404087213995062727e-02
2.741361458862166464e-02
2.434725668071976643e-02
2.487404643050433739e-02
2.545671332703771175e-02
2.440759683779301220e-02
2.352186071250862709e-02
2.530142036129940514e-02
2.796273742688321073e-02
2.447550966656654448e-02
2.608462003797339113e-02
2.410929116767536809e-02
2.612959520669341784e-02
2.512701781108971424e-02
2.397219235275644192e-02
2.243642766840174205e-02
1.987298874934031664e-02
2.048436709965849312e-02
2.525139911675591126e-02
2.289237513573443711e-02
2.305952554176044292e-02
2.449609282144866659e-02
2.107411532280314970e-02
2.136276860880542000e-02
2.038661069281075267e-02
1.988048587609283352e-02
2.020234910466759889e-02
1.908528902510271338e-02
1.939128131833850119e-02
2.261985168090807630e-02
2.075141421100894917e-02
2.409831050129389654e-02
2.236847380874055699e-02
1.984553194325723580e-02
1.991026517411583971e-02
2.191249960487371209e-02
2.072716788208772351e-02
2.055495448979263035e-02
1.962811158137221443e-02
2.173211990014459541e-02
2.347973395230253807e-02
2.131351428284159605e-02
1.899196759225620784e-02
1.980050890671632147e-02
2.214583632235344809e-02
2.024297937148556228e-02
2.173715629865423035e-02
1.803303674598856488e-02
1.919561663085426681e-02
1.989287568032883230e-02
1.788785155582344952e-02
1.932763158863718897e-02
1.919122622064001887e-02
2.238746439086574183e-02
1.652226923910013121e-02
2.178804648251797885e-02
2.001554575124453450e-02
2.177130034190206259e-02
1.890172998349303260e-02
1.681784290007464280e-02
1.985645694994095031e-02
1.896608800222106261e-02
1.614876437404939857e-02
2.035515915677760940e-02
1.820049471641989672e-02
1.767872958204840320e-02
2.000008788623740610e-02
2.073347416882068486e-02
1.855903393699293719e-02
1.703039560127804844e-02
2.050667289054362852e-02
1.623677777378335074e-02
1.855426601558718414e-02
2.217940973995213144e-02
1.705846583487409876e-02
1.820437085560012991e-02
1.809111543546739614e-02
1.688685298494700671e-02
1.815296173404537527e-02
1.791280251393668685e-02
1.799619371558828715e-02
1.580469934242811555e-02
1.516236610127880829e-02
2.238888609005846436e-02
1.633483648890014447e-02
1.850372998674514741e-02
1.773411697529396827e-02
1.863292743470238572e-02
1.720936905921020485e-02
1.435767532474205993e-02
1.829957699374504254e-02
1.782515232169250285e-02
1.674899441130661693e-02
1.821688184795227511e-02
1.737166875477948180e-02
1.846916507135506341e-02
1.922587308327398242e-02
1.560943425518780334e-02
1.717203326363274038e-02
1.563637355872143572e-02
2.036164213959948052e-02
1.602776044424134710e-02
1.717293855238259670e-02
1.877153644472399560e-02
1.957311787807880510e-02
1.750345784722923473e-02
1.717468699648733166e-02
1.735975048552183125e-02
1.534460122125135169e-02
1.485452307533212390e-02
1.625881709264755462e-02
1.488689311473628644e-02
1.776538223616427187e-02
1.782085246490642746e-02
1.580347409215324475e-02
1.852835621415360387e-02
1.607757429907560875e-02
1.636718149994480578e-02
1.819332563555884838e-02
1.514264102084222560e-02
1.738177161061574272e-02
1.658946199287079926e-02
1.619798377314892249e-02
1.754766258709822627e-02
1.556055962255599445e-02
1.824658481215338593e-02
1.698120553714867892e-02
1.675307360937373577e-02
1.764110926357078876e-02
1.707583810789770062e-02
1.596785930333880985e-02
1.362308827397300075e-02
1.623680440905288583e-02
1.365239006827098818e-02
1.339011734687318121e-02
1.359576464421092742e-02
1.561167927288008642e-02
1.593136767629971945e-02
1.492524707029343513e-02
1.651673064562677110e-02
1.532537061878267576e-02
1.456507483412823600e-02
1.802981506222441424e-02
1.392863236992364362e-02
1.655181051145391408e-02
1.723945024269994686e-02
1.594748896489141948e-02
1.847398901679617872e-02
1.501434809564621692e-02
1.654450374367124471e-02
1.852622588818437013e-02
1.626505641109644851e-02
1.547487741400920686e-02
1.621300340959924702e-02
1.521212458433939332e-02
1.659214489542336357e-02
1.393427877159095739e-02
1.811927285996211417e-02
1.652260838934765594e-02
1.502629779857329005e-02
1.475329870717765647e-02
1.505460362661228610e-02
1.544610511688955870e-02
1.550329199560569922e-02
1.509566858683223690e-02
1.569455708740630923e-02
1.566045594466972113e-02
1.576608237059713355e-02
1.502759635134704244e-02
1.517169474686570242e-02
1.779120672080703250e-02
1.580978024363727599e-02
1.558258637227242192e-02
1.715224096732527112e-02
1.405388693663665867e-02
1.577092163800290769e-02
1.613249935132307633e-02
1.589931532459601740e-02
1.584922885523435895e-02
1.358285936141864943e-02
1.513610814392193395e-02
1.566685503224050230e-02
1.385891239994484561e-02
1.469866848362110130e-02
1.630247373562978760e-02
1.482611320150198017e-02
1.574303664860469618e-02
1.427678746201763854e-02
1.568488437150880252e-02
1.520264966896106053e-02
1.561997145527714223e-02
1.494989665247621960e-02
1.692215288428566486e-02
1.374687671385301825e-02
1.325594968823990555e-02
1.539042663006181567e-02
1.483645891177792948e-02
1.494858649257084851e-02
1.398630544475999542e-02
1.356147031435695968e-02
1.411124688607831752e-02
1.416488265630350823e-02
1.439680349704204436e-02
1.589888189048483183e-02
1.576402818567635908e-02
1.521691434268722908e-02
1.398836700769160411e-02
1.627651312632743402e-02
1.243762787173456966e-02
1.578427536315350765e-02
1.513572321531077465e-02
1.469669149582766496e-02
1.495201772699266372e-02
1.523274035546273893e-02
1.478883759639541828e-02
1.509160832471045759e-02
1.454338503172575986e-02
1.497745637569985154e-02
1.539978094512287586e-02
1.326011009425423839e-02
1.437542781082827396e-02
1.441167339870509309e-02
1.494382622319063644e-02
1.492499157631857996e-02
1.339764745541539154e-02
1.506939490376405823e-02
1.486518855079057774e-02
1.651117896875385627e-02
1.390850319749572551e-02
1.412790313984750058e-02
1.575509845651353394e-02
1.375799504616404337e-02
1.442306960303135245e-02
1.441260043645841392e-02
1.560337845915404226e-02
1.432269658523227691e-02
1.375577080191925199e-02
1.518549922548089251e-02
1.419491910040163694e-02
1.431745673156370816e-02
1.472413325480320147e-02
1.311600023579614742e-02
1.507203763306377321e-02
1.451144801688562282e-02
1.395561198450137944e-02
1.472639727205202545e-02
1.428389438194171274e-02
1.423761045845151237e-02
1.482766874367068971e-02
1.436970938058564594e-02
1.512954600425509694e-02
1.356926761410385575e-02
1.437377189901670356e-02
1.482334815016494306e-02
1.503013634030539621e-02
1.493719085396796875e-02
1.535229591676764982e-02
1.562272483092310392e-02
1.478639716063541443e-02
1.405048144680883133e-02
1.437172567035515693e-02
1.335232367573226976e-02
1.606023992761817024e-02
1.470774678283928716e-02
1.420862391386202954e-02
1.496438930508555386e-02
1.308992702441670250e-02
1.561620861157809841e-02
1.358890535309974917e-02
1.408211973352157913e-02
1.467208534517325594e-02
1.448752039881430649e-02
1.509301274033578513e-02
1.454795470472088244e-02
1.458709065821854264e-02
1.496368776478779368e-02
1.194721971821972872e-02
1.588229436815391526e-02
1.464488824025084700e-02
1.435892227192237143e-02
1.460615068748645842e-02
1.495762006624541847e-02
1.456314637250103600e-02
1.351239392660460309e-02
1.346533646214553674e-02
1.480804661309557090e-02
1.355724203122671799e-02
1.381712434849330894e-02
1.352024851505971743e-02
1.392649971232859385e-02
1.416323836493797901e-02
1.452940142970732956e-02
1.582026646308978476e-02
1.337596406981344729e-02
1.403158873697461957e-02
1.563355985993874347e-02
1.258615026107127305e-02
1.522953169077562868e-02
1.376910648450717194e-02
1.498306916410033912e-02
1.441010256682081180e-02
1.298780932383560537e-02
1.371275365196558335e-02
1.364556633946063628e-02
1.469600075016148748e-02
1.419708444751873432e-02
1.525515422954498539e-02
1.454394610278172441e-02
1.382996045208322033e-02
1.455810170440582571e-02
1.457189297605385701e-02
1.424042980306090139e-02
1.426329798956019190e-02
1.376159394160591035e-02
1.388387212453203422e-02
1.389633365792959652e-02
1.462158020576996391e-02
1.494909512130557401e-02
1.414386815134214583e-02
1.504298287990204694e-02
1.437985089134801060e-02
1.337853200722516171e-02
1.464602247800257835e-02
1.374707937088200972e-02
1.530155539245878910e-02
1.459061152057122314e-02
1.489095137568553079e-02
1.367729607656212494e-02
1.406806871297105153e-02
1.371519122191143178e-02
1.420576009155548325e-02
1.404630564749065856e-02
1.550385978894198470e-02
1.336317890886971720e-02
1.379165749916696007e-02
1.466346905243279958e-02
1.296138338333548828e-02
1.547672814795393419e-02
1.526251585005656414e-02
1.472616216601778036e-02
1.380223344562977322e-02
1.295822810280375208e-02
1.448715573616077626e-02
1.362938207808082718e-02
1.372630556676807979e-02
1.325646867774096793e-02
1.401434431352895776e-02
1.525306276319463028e-02
1.299619780121009059e-02
1.432063896468799453e-02
1.263437973409799013e-02
1.336619598084864448e-02
1.589300467944875644e-02
1.429534670911613951e-02
1.415791488032894577e-02
1.409826898677277868e-02
1.358291405646472674e-02
1.436804273889441021e-02
1.449535980152946019e-02
1.416348546545724389e-02
1.400193885845285244e-02
1.367185275492930827e-02
1.436089087748415941e-02
1.509064296477137697e-02
1.376419773991397963e-02
1.436800695749196680e-02
1.425626609661392354e-02
1.417667544753159307e-02
1.390870768601862491e-02
1.376018822449744800e-02
1.472025541167818960e-02
1.432714371134851533e-02
1.585680428749417295e-02
1.357994562083214563e-02
1.583491539079682695e-02
1.471825595776572911e-02
1.377615784419434705e-02
1.516973358530790406e-02
1.399266603850834664e-02
1.420615590939752065e-02
1.349204745480971600e-02
1.331598470713740538e-02
1.501162424612515270e-02
1.341689963734035360e-02
1.434780420863030446e-02
1.391019617087056910e-02
1.272661597721564015e-02
1.549735610801788142e-02
1.452183290090664110e-02
1.414512755058107939e-02
1.469822059396768375e-02
1.414813045827500830e-02
1.503238371291477048e-02
1.507076713595010067e-02
1.343852194955329205e-02
1.361881672762196328e-02
1.332295007169324863e-02
1.491562091671678157e-02
1.406015130521265193e-02
1.340236004804872677e-02
1.441363412209136982e-02
1.340824708365004857e-02
1.344345786234685779e-02
1.309076256978537224e-02
1.380818441152488821e-02
1.543647275316851857e-02
1.478370614721510705e-02
1.450672153870024433e-02
1.396892803634841931e-02
1.470806491291887057e-02
1.278107146450674012e-02
1.313410102109515733e-02
1.370360173110053703e-02
1.471450705296370280e-02
1.379012232879062681e-02
1.314005246622488438e-02
1.461170232684569706e-02
1.486260548078687481e-02
1.299724181046328988e-02
1.468088948114245826e-02
1.463313183518781535e-02
1.367577256799090181e-02
1.433662816834908350e-02
1.348809015022719993e-02
1.426766263123591463e-02
1.458503533537340927e-02
1.460724047218275867e-02
1.325003151007658579e-02
1.423112866270371916e-02
1.500754010967307421e-02
1.333168506398524009e-02
1.435943537836286213e-02
1.473186303159591988e-02
1.332171990477010529e-02
1.294841739832042378e-02
1.280581644405623908e-02
1.242132471133014678e-02
1.460787125580712519e-02
1.476424905817145562e-02
1.405632517280028596e-02
1.340149451729059395e-02
1.440716134122884545e-02
1.411106657852597042e-02
1.398538440205581920e-02
1.409980415824161476e-02
1.467428429880382988e-02
1.309100136976441148e-02
1.442111752275730512e-02
1.374396216876862253e-02
1.494410144122672833e-02
1.368240156911923466e-02
1.559539059343997142e-02
1.508792011978800710e-02
1.359086156739618481e-02
1.375052246789591585e-02
1.478997787364637329e-02
1.383871897531709083e-02
1.432873882659604220e-02
1.375721732678608818e-02
1.378261850824221216e-02
1.328344472327972446e-02
1.269563068625572874e-02
1.451674585199989702e-02
1.397078776513484971e-02
1.335439236429961443e-02
1.442274858157048707e-02
1.417684978195668695e-02
1.439092073123421703e-02
1.376953035302921208e-02
1.553150222355549614e-02
1.486015579954675161e-02
1.247508310520248354e-02
1.482175887493528132e-02
1.396535012010493605e-02
1.500567663980121105e-02
1.390675012676530556e-02
1.263309650654431682e-02
1.455524229486451597e-02
1.280107535081228230e-02
1.280009900425128910e-02
1.386910731383259390e-02
1.375149664511694098e-02
1.511160844643900936e-02
1.476568995309993949e-02
1.608360270844928427e-02
1.427629849074675897e-02
1.353297342381880493e-02
1.447303087416025417e-02
1.369668018813785700e-02
1.375061150927442064e-02
1.411813130174533609e-02
1.448529789245853530e-02
1.422108617723210483e-02
1.287128822802678825e-02
1.388188620837272659e-02
1.359196487951467615e-02
1.308967480628381308e-02
1.427122955868544846e-02
1.426939026437332690e-02
1.475062634264605842e-02
1.353772508171327896e-02
1.496329976754861082e-02
1.395285471010402137e-02
1.342726520341396175e-02
1.574044838075130265e-02
1.357220287292440486e-02
1.356377471286574279e-02
1.370985041137680327e-02
1.423313115730873504e-02
1.541523466836845421e-02
1.391936413992758519e-02
1.328328781907983647e-02
1.459873355402120133e-02
1.479281407613463294e-02
1.414838089961104051e-02
1.332234632489792681e-02
1.511430672915604380e-02
1.350125035069120634e-02
1.419113338888718795e-02
1.507223974530677926e-02
1.415090539976979374e-02
1.403912447163178229e-02
1.366916254538486607e-02
1.324476469227702999e-02
1.494084815419758662e-02
1.336556563037174031e-02
1.366495073916819229e-02
1.411473032584542424e-02
1.355862692181181335e-02
1.365418924851408145e-02
1.305173457257797695e-02
1.456232038701604781e-02
1.284538354401590712e-02
1.373352999026920124e-02
1.294301928096867720e-02
1.365579140204542692e-02
1.425827982395463760e-02
1.490657183865193129e-02
1.367797917407334064e-02
1.454393723673331508e-02
1.319769797321873259e-02
1.379509043643150322e-02
1.430579425382653112e-02
1.436091538750931991e-02
1.449259982135218602e-02
1.432669738320867941e-02
1.452657923896838628e-02
1.422436640029223556e-02
1.319996733792232202e-02
1.435079907636511651e-02
1.336959240898114368e-02
1.571632107767573228e-02
1.507237298742052610e-02
1.376752782340622330e-02
1.406763351541957634e-02
1.314774563083901879e-02
1.329437919124330965e-02
1.471122324725784164e-02
1.308613323390206071e-02
1.349699431446702187e-02
1.342862309452364650e-02
1.426493041352786158e-02
1.360939985041075689e-02
1.427259957422353023e-02
1.490298711764408666e-02
1.484138366210595479e-02
1.398158709499829934e-02
1.289465727115894286e-02
1.221045016057216784e-02
1.483051938431213281e-02
1.359433522305929232e-02
1.334964456834015524e-02
1.332694621702597282e-02
1.339401464785387220e-02
1.316181311874155095e-02
1.404270224453009822e-02
1.358415672856687524e-02
1.456342106745702435e-02
1.308557311302390586e-02
1.398851838619216519e-02
1.420811423873057956e-02
1.479787901401797938e-02
1.422843003618566408e-02
1.333602548592239222e-02
1.466836800104483370e-02
1.319433976471518985e-02
1.406339098705188667e-02
1.500144320088427595e-02
1.371162498954029210e-02
1.468750566939879161e-02
1.353546161657624008e-02
1.593963658057262478e-02
1.493353593137298867e-02
1.474036017242013816e-02
1.526705165737794051e-02
1.322888980210679827e-02
1.368888081962848884e-02
1.444882871327981579e-02
1.411160050415159045e-02
1.378323238633722553e-02
1.352469202356674192e-02
1.401323191437873344e-02
1.445900688927766534e-02
1.297376142823304310e-02
1.479329144182263238e-02
1.337499635037875736e-02
1.387162800376728726e-02
1.436150454623172715e-02
1.399871649124630017e-02
1.430665473361159706e-02
1.434303684765879210e-02
1.398139807052597126e-02
1.360533071788068774e-02
1.345200778824404315e-02
1.454166547215265254e-02
1.432767534601552852e-02
1.333036903624958136e-02
1.384495071729551288e-02
1.381762920069050035e-02
1.378681076033669989e-02
1.436201336675359611e-02
1.511350282380198758e-02
1.326880248612252559e-02
1.329394718075325652e-02
1.404528175393756143e-02
1.332535689550423154e-02
1.438597392728819396e-02
1.434143538722794896e-02
1.238567551302216865e-02
1.379995775655116011e-02
1.272499983217758278e-02
1.475575670890500422e-02
1.417735515231164679e-02
1.313830795025760882e-02
1.325335589728923215e-02
1.428633056780507886e-02
1.379059041325664779e-02
1.382857560263145089e-02
1.343969695341046613e-02
1.373358446142193372e-02
1.424500638060627149e-02
1.494188888297866107e-02
1.433289271801264052e-02
1.374261391764685161e-02
1.442057999146858539e-02
1.332542849954300272e-02
1.424409951452324831e-02
1.468163759405893831e-02
1.390562643813883503e-02
1.499479648223548192e-02
1.433953449071611458e-02
1.381627578868157430e-02
1.444110304296510397e-02
1.419819416345835007e-02
1.403295999356294309e-02
1.477167071510149254e-02
1.336797847782634704e-02
1.367554760784236642e-02
1.268507136213817624e-02
1.447145023290756678e-02
1.392472191436710562e-02
1.498398540234467322e-02
1.341463930553698017e-02
1.370235927748672186e-02
1.384345886568764256e-02
1.388731297610619128e-02
1.403684453209104628e-02
1.481547958904765559e-02
1.422481874827383717e-02
1.521472540335135071e-02
1.388814439226869479e-02
1.441163888801166165e-02
1.350917178291929227e-02
1.477984643937241098e-02
1.434942094848293791e-02
1.332205518679638497e-02
1.496272174388607774e-02
1.379188388718575152e-02
1.390418117697559547e-02
1.343353614484987454e-02
1.403357180606956342e-02
1.375626586255665994e-02
1.307221023534662144e-02
1.486459376476246229e-02
1.483677760865630829e-02
1.348848792624659718e-02
1.456534082523949086e-02
1.279808636155479670e-02
1.295225609801851398e-02
1.385403974475632287e-02
1.352971541733961891e-02
1.464979480659503452e-02
1.322119693982258017e-02
1.363583895461541358e-02
1.470508130865626033e-02
1.304804192364114775e-02
1.477519609294105501e-02
1.414109550229847648e-02
1.478583950239363738e-02
1.389798577569240599e-02
1.475265487239464657e-02
1.465416441743109567e-02
1.229567845544181359e-02
1.372987155461741215e-02
1.423405811317379234e-02
1.390139559110643852e-02
1.385165525428661178e-02
1.320252293131964072e-02
1.464034151331765343e-02
1.442270092208168715e-02
1.267596269945032127e-02
1.328459522735942443e-02
1.307233601205115905e-02
1.333103254187957554e-02
1.523116776962079796e-02
1.298162786130536463e-02
1.274761377826611093e-02
1.429920667618753485e-02
1.508181308519461472e-02
1.414105500963387663e-02
1.373469914759441017e-02
1.504634164326847448e-02
1.386713366784892050e-02
1.305154196258793108e-02
1.393364200999660900e-02
1.356046282925145278e-02
1.349235740422908419e-02
1.412913929210152415e-02
1.337770757284575431e-02
1.398026250070330025e-02
1.450970284475680029e-02
1.434376839661240938e-02
1.430219861537771961e-02
1.273438835913036013e-02
1.310693514514853567e-02
1.413469730823841038e-02
1.530710974600965613e-02
1.267695172020576189e-02
1.466124500109913797e-02
1.500103095136881386e-02
1.265650539141953065e-02
1.464844284833990290e-02
1.384089902609823494e-02
1.409464582151679322e-02
1.463260815528446071e-02
1.392034116463656927e-02
1.416264264740129883e-02
1.284623854599629619e-02
1.474731624479650935e-02
1.340118156207422903e-02
1.387679099664585088e-02
1.378506219728087463e-02
1.370765505391651103e-02
1.409717625385868006e-02
1.442893925538684188e-02
1.244171685692151315e-02
1.251260775449966958e-02
1.362892360195671650e-02
1.367509589516789290e-02
1.369101472958576295e-02
1.386955456891880711e-02
1.410747140007450988e-02
1.354962330315968855e-02
1.330119730504255963e-02
1.410530892036974265e-02
1.409653527529006883e-02
1.321662655835265793e-02
1.359654198747557892e-02
1.423147343514532225e-02
1.429710581486594301e-02
1.435318571649729993e-02
1.353365730100690445e-02
1.327877330992308091e-02
1.270359859349535873e-02
1.355275171516692398e-02
1.389530960671622045e-02
1.357085477191524898e-02
1.362946311224257426e-02
1.355915943798390033e-02
1.395932255140815322e-02
1.293626651191185847e-02
1.403142972103614897e-02
1.338478650352871273e-02
1.384087047507416048e-02
1.408044898345048833e-02
1.409334629678867835e-02
1.408686171802167424e-02
1.381301721848222051e-02
1.452055550149659001e-02
1.419735740186515126e-02
1.320814321957911909e-02
1.300629142171966061e-02
1.316428048929883798e-02
1.422755893567962185e-02
1.352039169111038212e-02
1.428901679122891386e-02
1.265605048339631805e-02
1.443847183470321587e-02
1.340184790180075879e-02
1.388703843404234112e-02
1.405652396546946438e-02
1.334052416721958831e-02
1.308280297732761568e-02
1.479950458021767404e-02
1.392320693213203522e-02
1.366254227759441074e-02
1.354323481059596657e-02
1.345316499340937916e-02
1.384308261484544153e-02
1.345310384306260508e-02
1.263028123666145620e-02
1.463251344512613884e-02
1.419860901327002836e-02
1.402487929380034221e-02
1.291869243484989986e-02
1.379960019539190792e-02
1.477897355702272042e-02
1.342503300503914559e-02
1.259133163924251383e-02
1.432662878567529663e-02
1.305422946865531994e-02
1.428811423042700840e-02
1.353675111191066788e-02
1.329883816095296482e-02
1.332051885922978275e-02
1.265406608499799329e-02
1.506304504011862951e-02
1.304408837165899580e-02
1.251622011150975260e-02
1.405487139832561558e-02
1.462678913175768057e-02
1.312934073872313451e-02
1.234602539818545688e-02
1.411977679379852399e-02
1.401600428017537106e-02
1.318440661064696970e-02
1.350127744210946265e-02
1.396700787032497879e-02
1.335756475567873199e-02
1.434096563767072591e-02
1.493860398126827665e-02
1.370427769182460016e-02
1.343893382730104551e-02
1.277343771457743575e-02
1.307017409763199661e-02
1.451232946920572725e-02
1.402187881899686836e-02
1.364923120893618905e-02
1.386396484405467804e-02
1.363917528181804971e-02
1.334702363550989077e-02
1.360944547237782215e-02
1.254003411072121370e-02
1.372519054997762764e-02
1.263398785809737197e-02
1.205630323939694583e-02
1.397004111740318862e-02
1.341210323971548171e-02
1.459350334663348479e-02
1.431571809497134140e-02
1.348037012737500658e-02
1.387951630089366388e-02
1.391746050981219375e-02
1.331346700404142068e-02
1.400613662795134780e-02
1.385178105615613060e-02
1.359966547822569378e-02
1.298373783791091293e-02
1.446810615050596500e-02
1.297924184227071918e-02
1.401457356224522846e-02
1.337145062257114742e-02
1.267335761403648280e-02
1.358393188839005124e-02
1.291512808558650978e-02
1.307377419202847800e-02
1.452098577759730266e-02
1.248781632523480664e-02
1.394564589609299105e-02
1.354122829839715311e-02
1.293142025261204836e-02
1.236773931856586205e-02
1.307143032447136838e-02
1.384208974781635064e-02
1.213775488030587393e-02
1.221505057913682170e-02
1.331146634070612227e-02
1.238784643842371150e-02
1.365870709262214169e-02
1.421819960228309400e-02
1.296031852703209350e-02
1.349520165811391934e-02
1.281601032772740172e-02
1.433189161101896397e-02
1.368624196748781038e-02
1.410485773876051126e-02
1.324066376997771848e-02
1.292315799880822298e-02
1.371291256888437261e-02
1.394455189746785298e-02
1.260119126879702921e-02
1.351224294645865867e-02
1.276741573094810137e-02
1.371584708508757217e-02
1.409564830422642585e-02
1.275279615867701971e-02
1.413290426688372167e-02
1.253363205036977027e-02
1.352513850726178024e-02
1.366813884945718843e-02
1.303314271442696133e-02
1.371959127470815006e-02
1.286927165126780688e-02
1.351819396419355959e-02
1.300298031593335145e-02
1.316705482325731744e-02
1.293530967173743551e-02
1.305686672637162114e-02
1.386870953334610503e-02
1.274425059085215750e-02
1.318995564507450917e-02
1.380647050541772627e-02
1.218857319267255268e-02
1.326193935017429444e-02
1.317438113119909215e-02
1.237139679901413762e-02
1.340111719884490467e-02
1.333979718732384613e-02
1.374006088797944010e-02
1.410961800779028663e-02
1.320032306703159547e-02
1.295942099555889848e-02
1.380940917058664889e-02
1.286361902610390004e-02
1.274159424465256922e-02
1.359159924628488419e-02
1.333007908929271547e-02
1.322083485724144872e-02
1.382807562214339106e-02
1.283215452537743093e-02
1.307949584829148568e-02
1.290203719085110216e-02
1.394600235430980620e-02
1.275630953330769354e-02
1.386317700433341814e-02
1.232169894737875082e-02
1.407589180699251631e-02
1.257560268643173260e-02
1.260789918942431878e-02
1.355753549684567821e-02
1.244046282203870035e-02
1.231723716481226798e-02
1.342509500464024973e-02
1.325671392995691165e-02
1.300539431426758069e-02
1.271896588573733639e-02
1.350982226274587486e-02
1.321626841457819272e-02
1.366542080178941194e-02
1.296314157310081601e-02
1.346813255946044049e-02
1.248671052092543456e-02
1.196161937615555781e-02
1.339726794608250490e-02
1.338377743443769190e-02
1.283617761035475355e-02
1.346541846523859401e-02
1.286310442887443270e-02
1.257230324059561977e-02
1.238979615729431799e-02
1.211682921810678520e-02
1.334872528020463779e-02
1.292639130954873275e-02
1.376027576747001872e-02
1.353322558910521542e-02
1.342632389688127453e-02
1.281590939852323037e-02
1.241070537430877252e-02
1.359898774428803907e-02
1.320609603865564342e-02
1.295926452057106701e-02
1.356480947214208123e-02
1.357958765577547446e-02
1.373543991321076949e-02
1.274877878334945876e-02
1.193016790314138133e-02
1.328257452866077326e-02
1.267046423231460439e-02
1.317453851046850206e-02
1.264448362628850520e-02
1.213394701551076711e-02
1.359628291611113780e-02
1.269390064860308545e-02
1.377374821235734931e-02
1.210413199992546769e-02
1.298618967040651197e-02
1.339143982331861445e-02
1.274117677954102711e-02
1.334254427677920157e-02
1.281698376789914239e-02
1.295538429889457610e-02
1.326380784467270577e-02
1.282604010930176765e-02
1.297393282159357147e-02
1.351019886446863660e-02
1.280807071689913854e-02
1.266600420144157503e-02
1.227457840515670286e-02
1.377913277582095385e-02
1.249879590864052571e-02
1.344611829701493864e-02
1.307388277570498657e-02
1.287968268663555217e-02
1.374136103549254521e-02
1.256604621995891999e-02
1.349062974926545574e-02
1.350316293411122845e-02
1.318095750552090301e-02
1.310667732601077974e-02
1.303892064930748697e-02
1.236723524229746927e-02
1.202573762133837647e-02
1.214784568471086179e-02
1.313874211609873145e-02
1.343560880828620699e-02
1.265908771138988739e-02
1.236196416727175160e-02
1.296468219943531543e-02
1.365109809225559072e-02
1.355940973750394303e-02
1.271882997537774479e-02
1.308184296444825541e-02
1.308820619044322349e-02
1.293348981113282177e-02
1.289320633807542783e-02
1.355792384974466996e-02
1.257731144264116231e-02
1.237653044667225838e-02
1.300946416658630041e-02
1.274185497963523789e-02
1.316726418591148209e-02
1.378407506965348937e-02
1.241778095685389278e-02
1.298505367399212067e-02
1.297951616737833685e-02
1.258675667913119675e-02
1.421430915140007266e-02
1.211582650546567073e-02
1.266022991570145764e-02
1.252181942364518838e-02
1.367938466716369858e-02
1.300592741893103095e-02
1.239569145921907284e-02
1.263456655498760260e-02
1.351625867926667043e-02
1.272143549170338950e-02
1.281329998075935069e-02
1.306049963055958517e-02
1.270365356309592457e-02
1.243200235008352743e-02
1.340767251144641195e-02
1.280426596474074606e-02
1.235226436456701021e-02
1.235929485181741679e-02
1.290147617095521726e-02
1.366651073757442665e-02
1.348061944126504458e-02
1.201659444161226956e-02
1.252176217505969469e-02
1.176684673407613936e-02
1.352076433256538777e-02
1.281570885513950639e-02
1.228763998484442253e-02
1.356777772113951924e-02
1.257919349410680128e-02
1.249982051361780803e-02
1.274116961150571249e-02
1.272188859177883144e-02
1.232892509545509101e-02
1.248350893612353019e-02
1.296662621409527642e-02
1.306068994385006961e-02
1.311848247116718068e-02
1.226365394543528844e-02
1.336030320338282146e-02
1.273208907481248112e-02
1.351093434627972587e-02
1.302228497275934732e-02
1.268805479794820994e-02
1.255878748984779088e-02
1.322482107528397295e-02
1.253946583245446784e-02
1.307660551836921543e-02
1.346159085959747030e-02
1.197071456233369038e-02
1.289564108831548275e-02
1.299747581376102870e-02
1.327323051043671591e-02
1.371871566505325143e-02
1.281796880168347384e-02
1.271890365758207402e-02
1.225903467730195782e-02
1.297377892547458070e-02
1.186447276544706775e-02
1.228176335428649360e-02
1.248021839965325619e-02
1.220664588166922582e-02
1.350746163475297773e-02
1.309851341836333442e-02
1.260970415777813367e-02
1.261105398321827470e-02
1.249486132137781098e-02
1.313915398858543811e-02
1.277681225898828939e-02
1.282454263594386308e-02
1.300373545827612255e-02
1.263414906687725797e-02
1.252258379659717744e-02
1.258242317706118572e-02
1.304063411640285497e-02
1.325049126612120633e-02
1.292642246655632127e-02
1.346305852720941498e-02
1.381769058955254967e-02
1.309060905378611230e-02
1.267079517741600062e-02
1.172023308931387925e-02
1.251695579368917489e-02
1.385937843193544954e-02
1.306485874654198832e-02
1.341076506803270604e-02
1.283367016234454247e-02
1.270489869815031626e-02
1.324964763433633501e-02
1.311225572533041180e-02
1.374691391580233277e-02
1.309309929956381686e-02
1.340191484635179855e-02
1.300587860249403753e-02
1.227290660771327042e-02
1.307434004247689033e-02
1.306754759263220080e-02
1.286698553647980595e-02
1.306246360268616125e-02
1.297970701707619294e-02
1.358451859089596959e-02
1.312125082271217019e-02
1.285251309481628447e-02
1.292208374740072205e-02
1.300242916007588595e-02
1.377430947297740571e-02
1.286584629719104804e-02
1.297762575443772021e-02
1.286307038116377144e-02
1.336442250999742704e-02
1.400541273272159527e-02
1.255519799424614086e-02
1.358881808668825283e-02
1.367985470532850564e-02
1.385054188844323485e-02
1.388568961354072658e-02
1.474567392795450051e-02
1.461561552975551917e-02
1.559025320626247248e-02
1.548817730372024221e-02
