4.333695487725717754e+01
1.201651232319655804e+02
2.335324865673038630e+02
2.447707869333005988e+02
1.669448623442129929e+02
1.127290120805034377e+02
5.917298994341023644e+01
4.745407391413834830e+01
2.926458665468878806e+01
5.748893859346564028e+01
2.143653176325517862e+01
3.951562269108450920e+01
2.642019213219320051e+01
2.905052567318040602e+01
2.054825461804280451e+01
3.009406980709960067e+01
1.638089572895627555e+01
2.229390717657501852e+01
7.179654165083316109e+00
1.009163606482070996e+01
6.883283637695012835e+00
1.148390937486849772e+01
8.474653518289230192e+00
6.098780150211447371e+00
9.569713816488869540e+00
9.668748372990043194e+00
8.413753093686919371e+00
9.344523832875063718e+00
7.712651829122157743e+00
6.897427031585680268e+00
1.018308044459578987e+01
6.061801239977362421e+00
6.590585205814526226e+00
3.811547018007734877e+00
5.249474975874594662e+00
6.110347316884202407e+00
5.142640404218251859e+00
6.066202654143926232e+00
6.334442461347485676e+00
4.846484894541445598e+00
5.234465266839362307e+00
5.631482208841246617e+00
4.751880462655754478e+00
3.521158183729875102e+00
3.101195191972242693e+00
5.005307836240394437e+00
2.093188593752469018e+00
4.472496755911366861e+00
4.597263700944019149e+00
2.672651519413064225e+00
3.999915400464439053e+00
2.636243007575256314e+00
2.581788406146119375e+00
3.033069442978102437e+00
3.202536544547290198e+00
2.806906245866481520e+00
3.006933613967351704e+00
2.606207972757192959e+00
3.386818188196834001e+00
2.632897514858433929e+00
3.267976314074295008e+00
1.802208579524233967e+00
1.972358768913755167e+00
2.918435464582359806e+00
2.142675457727867716e+00
2.343293815032120087e+00
2.394502413391275564e+00
2.811686555861740988e+00
1.937714509294745202e+00
2.110018638003825941e+00
1.532195007412940679e+00
2.884440736955976803e+00
2.419400882951460829e+00
2.087365151433730581e+00
1.674270323116276549e+00
1.575408745818767997e+00
1.571673472645557013e+00
1.523364464586690836e+00
2.008827012698044090e+00
1.932124090688686735e+00
2.339468995230607806e+00
1.811575857581122051e+00
1.237979482967373368e+00
1.649729800353066711e+00
1.943458812472562913e+00
1.585409481879650917e+00
1.275838319616740213e+00
2.177989616649152360e+00
1.385865513094852064e+00
1.545588849817642441e+00
1.508844696325500223e+00
1.675334308148892504e+00
1.365089640740143606e+00
1.202674437564347221e+00
1.251281403739172182e+00
1.367691109173569952e+00
1.122197723094100708e+00
1.668217788714029037e+00
1.575805245887879069e+00
1.255247336059059471e+00
1.308257099453574712e+00
1.206673240825211657e+00
1.423806032732757743e+00
9.880821588623385221e-01
1.106702874740235654e+00
1.412636092439738977e+00
1.607930888402966829e+00
1.147658968768240140e+00
1.387295421013366337e+00
1.007576495828672591e+00
1.226486328084728683e+00
9.998860860120168947e-01
8.204952268473113541e-01
1.125902932372173870e+00
1.395925828976690708e+00
1.550048074642741636e+00
1.401927061194713442e+00
1.122644973442995520e+00
8.673376525322769037e-01
1.370578182164408521e+00
1.015011389598958536e+00
1.250821860960418475e+00
9.187414335607619886e-01
9.121680600276208528e-01
1.071501265026050476e+00
9.446777515624127375e-01
1.015844789246183932e+00
7.912940928751998060e-01
1.087344676557606471e+00
8.889434448841941894e-01
7.305615498652601181e-01
9.567341138488034691e-01
9.323404436042479482e-01
1.015339075470495622e+00
1.169165712738779117e+00
7.580967571547252426e-01
1.013036331457198180e+00
1.042350928465508142e+00
8.203884706074566768e-01
9.703978785137313823e-01
9.978515943478939443e-01
8.941156715154957579e-01
8.002260807048545699e-01
9.134506093921501702e-01
7.582285349734049218e-01
7.708194824107376109e-01
7.508065392738202393e-01
7.372223984155202858e-01
8.242974151927926485e-01
6.609743982894293879e-01
7.548104345002176752e-01
8.594644010944467727e-01
7.066226688660832700e-01
8.881437446649784739e-01
6.968526328412154580e-01
6.615609118896474961e-01
8.411042180718812933e-01
8.025933517343465384e-01
7.566747792729316968e-01
6.711861456884095078e-01
6.548327086181774392e-01
6.303489116400733394e-01
7.260941016003249482e-01
6.772930156033124538e-01
7.222439785468437456e-01
7.457532237986054247e-01
7.108387405075906607e-01
5.483222097470319412e-01
5.504655071401076682e-01
5.838240337948088499e-01
5.924639018954790393e-01
6.071514552660111086e-01
5.914287884214514124e-01
5.810741711938222087e-01
6.411265075939475144e-01
5.304030179504519715e-01
4.968583414928288700e-01
7.007851846922726891e-01
5.249883810927680194e-01
4.139718499024151455e-01
5.185896036475042825e-01
4.896634810226608847e-01
5.426058204934308682e-01
6.098030544449173362e-01
5.694680328765230337e-01
4.594505205083125876e-01
5.542520709736257212e-01
5.615999733816520179e-01
5.749849806770237493e-01
4.927252909082506793e-01
5.299221590098865953e-01
5.371680845788396885e-01
4.927672463179963991e-01
3.469415751136428194e-01
4.405830537169933003e-01
4.354295127384977815e-01
4.600122504704398652e-01
3.886412993815206995e-01
3.972395873154663803e-01
3.759864526576868204e-01
4.133801240156645407e-01
4.396754387892143900e-01
4.639094524556453547e-01
4.194946141806782380e-01
4.076465675083931761e-01
3.296293362331720878e-01
3.695558712551286207e-01
3.084874459803884639e-01
3.672042222140524670e-01
3.807952074345875015e-01
3.679807786515849610e-01
4.330552439572144530e-01
3.287633217788967777e-01
3.841321015985043053e-01
3.567379429973353555e-01
3.362012087556580653e-01
3.599980869590417298e-01
3.137003472077715682e-01
3.274720315242053981e-01
3.662240483749705233e-01
3.245633640179707569e-01
2.966626611902130617e-01
3.429221706104391143e-01
2.861987258154579661e-01
2.963900533965957984e-01
3.219905878110866371e-01
2.292414676354109504e-01
2.593048353788997007e-01
2.591362729639504203e-01
2.803546254798624515e-01
2.980662454646315629e-01
2.859114816501265866e-01
2.055692841901252121e-01
2.836258816490425660e-01
3.028816314026438472e-01
2.290533256739702705e-01
2.620706991378963790e-01
2.398350732526756124e-01
2.604175801594347806e-01
2.340961337679142440e-01
2.256891549710840494e-01
2.390887589254619139e-01
1.967836165233805001e-01
2.169503195943326412e-01
2.015757287844817669e-01
2.257853429065507511e-01
2.138717066208473405e-01
1.713279237766524576e-01
1.994728478347635447e-01
1.747226913240666757e-01
1.940210022423004554e-01
1.678042942618394040e-01
1.766714342921281711e-01
2.115845136461039500e-01
1.903937945875847082e-01
1.724230142448295311e-01
1.822028886321329089e-01
1.590871691887579542e-01
1.682612966334554871e-01
1.625646945296745083e-01
1.790382343950170374e-01
1.772369665848333997e-01
1.594279590165800231e-01
1.300310063477516098e-01
1.569863550872132307e-01
1.345188879038287655e-01
1.546315484942434593e-01
1.384285815680941778e-01
1.291998601444329930e-01
1.344098750676122611e-01
1.509864357341364760e-01
1.306147000556119042e-01
1.326055721727937009e-01
1.068337496380173390e-01
9.609074583362170463e-02
1.142971098129820784e-01
1.152689132089024238e-01
1.264239808889774108e-01
1.113791316434254441e-01
1.034478107122635271e-01
1.164399680027913969e-01
1.205454267895667980e-01
9.910398828278572936e-02
9.227012234230805299e-02
9.476842079535680030e-02
9.180767198917258454e-02
8.860653279534100313e-02
9.880871266195365155e-02
9.121488345472233972e-02
7.479918759960713093e-02
1.024083729512586527e-01
9.725414051841846375e-02
8.592585531361801587e-02
9.889712982371764993e-02
9.063644740740438299e-02
7.619295727171220001e-02
8.663510954882638893e-02
8.307592331390560580e-02
8.836316174344995000e-02
6.582819963796129881e-02
7.292524615278840605e-02
6.332870932767717398e-02
7.412467040521342199e-02
8.023981514467649900e-02
6.562411613626238649e-02
6.395141904084124251e-02
6.528430767656856482e-02
6.868908211722007939e-02
6.479545582028851947e-02
6.436457707702759878e-02
5.505986093992282226e-02
5.618583005869166869e-02
5.525652847164368858e-02
6.082880084275424371e-02
6.547616185900291541e-02
5.454285357618610108e-02
4.801975922044963985e-02
5.528018842123345183e-02
6.452530750915416724e-02
4.390510207903746548e-02
5.838784574857933118e-02
4.721652033054270226e-02
4.661724454113250898e-02
5.230246273397769902e-02
5.081727503755589792e-02
4.404581169003577573e-02
5.782467402326718631e-02
4.968279972338270067e-02
4.015057412083499616e-02
5.100945833498967547e-02
4.337263910887793894e-02
3.910858062976393240e-02
3.608177682921089729e-02
3.603714128526322447e-02
4.319185333306051894e-02
3.968638245404997739e-02
4.584180828923139356e-02
4.100101435961789331e-02
3.621763743406527375e-02
3.862433515328018291e-02
3.811312295550484119e-02
3.300899209543450841e-02
3.638264097493797838e-02
3.436422276335869552e-02
3.447236742601669096e-02
3.232268259870120508e-02
3.300613621479873278e-02
3.417424414715914543e-02
3.139353436525302299e-02
3.133487068606359560e-02
3.002626725980343456e-02
3.227148460740340147e-02
3.626664367622236401e-02
2.960248752256926241e-02
2.603861254253861737e-02
2.820139383247179110e-02
2.698952498704574460e-02
3.094480737441430290e-02
2.663781995257233012e-02
2.853871962543087434e-02
2.777223504959261749e-02
2.767264202252709554e-02
3.011658911500306873e-02
2.389550660332461288e-02
2.602151963466273893e-02
2.362269624186394412e-02
2.622660414025427059e-02
2.726430976114331897e-02
2.545670070812882865e-02
2.777121683307507902e-02
2.809920479701008555e-02
2.536554504679120955e-02
2.245707199444905988e-02
2.324524644739152726e-02
2.523741119620632675e-02
2.223064770060590931e-02
2.201259221719980425e-02
2.206217785898174563e-02
2.129341332505193043e-02
2.385859272329215672e-02
2.478329337693521706e-02
2.493416334039536345e-02
1.915869645620393510e-02
2.022300895256461464e-02
2.197658446760959380e-02
2.134610315648322737e-02
2.166323432526101600e-02
2.489338841544012221e-02
2.226139256234528976e-02
2.304672203557360521e-02
1.916968358341926415e-02
2.257205840388862642e-02
2.465066029378980977e-02
2.068563740535443729e-02
1.757672793718416393e-02
1.921221957600384098e-02
2.092636551266881945e-02
1.947287773484636733e-02
2.220222551263378516e-02
2.096333511111293443e-02
1.775600664881558238e-02
2.005728884023584568e-02
2.318509759750994603e-02
1.697607776667136789e-02
2.049383659834401461e-02
1.820747176115625546e-02
1.899382118037430331e-02
1.986292976478286690e-02
1.930710387248378915e-02
2.040635107825390648e-02
1.618854754755180356e-02
1.940992211591906214e-02
1.733371887472833980e-02
1.872282350352018343e-02
1.650653105500827708e-02
1.962626173198161669e-02
1.818655813316352385e-02
1.928395257144958561e-02
1.816983745742089401e-02
1.775189811052816508e-02
1.512002313060201338e-02
1.823117875930731560e-02
1.895941085043690438e-02
1.586936396647425918e-02
1.883353370103819924e-02
1.563113303949769523e-02
1.776158676441550940e-02
1.973749317097089895e-02
1.809878503270002242e-02
1.642204274036209583e-02
1.746154077539633157e-02
1.723877787061665195e-02
1.751917965942590555e-02
1.657474116164116620e-02
1.598449489880035546e-02
1.723992642454224428e-02
1.790111569908530917e-02
1.652634503501033275e-02
1.673144296762471561e-02
1.945779757488939540e-02
1.645599282184510501e-02
1.787737520263756041e-02
1.629587733276843461e-02
1.419609648904589932e-02
1.548991267743842284e-02
1.618723198395061180e-02
1.509055628781382115e-02
1.695523770080624784e-02
1.631033409572596460e-02
1.498100000342457092e-02
1.552538638999480768e-02
1.731206837936430376e-02
1.650482636934088448e-02
1.741234696533991086e-02
1.874931423163397892e-02
1.641836924603549963e-02
1.761301951467900140e-02
1.614352923665663547e-02
1.699827510898659425e-02
1.716854250112131997e-02
1.439476775791773480e-02
1.443643575940311251e-02
1.837869225142018531e-02
1.673647172518916842e-02
1.666629635054938177e-02
1.559973568515761119e-02
1.503570186723542611e-02
1.750237551487630536e-02
1.433328823542804296e-02
1.762779329793854113e-02
1.585909033861772344e-02
1.538945854044552163e-02
1.405834302310485923e-02
1.668720552099513255e-02
1.607948800750012147e-02
1.613773992496217100e-02
1.561492517711559301e-02
1.576983928129264620e-02
1.402155894959513163e-02
1.557614431202353905e-02
1.375073525013847421e-02
1.517454903248465631e-02
1.628526523420845487e-02
1.556837150458647082e-02
1.469392498902633015e-02
1.578406812822161914e-02
1.583676097419074724e-02
1.657336548896296002e-02
1.450279558573987562e-02
1.737283128446890854e-02
1.513369371524754363e-02
1.715302195770960006e-02
1.413378045205508811e-02
1.569731342716570999e-02
1.567558439282238508e-02
1.576127247472904405e-02
1.475937875560651147e-02
1.447780965879900093e-02
1.370862744683462760e-02
1.637541090820091375e-02
1.317218712701842542e-02
1.688108389804549025e-02
1.541744305088871975e-02
1.507856068737914446e-02
1.417774932975423598e-02
1.463867873823902072e-02
1.656641047621247240e-02
1.383639607694712829e-02
1.266281619344491148e-02
1.557963760790806972e-02
1.749223410070473855e-02
1.481391780216397697e-02
1.371435046189445513e-02
1.400333226107716884e-02
1.601691830501493150e-02
1.305262637655664124e-02
1.556195911076631126e-02
1.583435857980697650e-02
1.602704762691541454e-02
1.669657288113122681e-02
1.382619471388784292e-02
1.543586139723139919e-02
1.607320523473681692e-02
1.341200011597997593e-02
1.318315019287284381e-02
1.505200936406138681e-02
1.585765462999341041e-02
1.542167426604583273e-02
1.332811243255794913e-02
1.529985526436249653e-02
1.377025083085043830e-02
1.355775014063891407e-02
1.366358308772622557e-02
1.392373204675134875e-02
1.435041613079541568e-02
1.459339634469014949e-02
1.384528266872260376e-02
1.354406855378632347e-02
1.366159665377985818e-02
1.361065451244383891e-02
1.369700474899047948e-02
1.241988843561389784e-02
1.349233044393315269e-02
1.335338037761090411e-02
1.379702174136834825e-02
1.397215557079262496e-02
1.587971761324336387e-02
1.309583502225971675e-02
1.285373936358047593e-02
1.511435586771636523e-02
1.340570078798063863e-02
1.387930257763574093e-02
1.482872356071630350e-02
1.302419845779020056e-02
1.450994963199733409e-02
1.354500653568559490e-02
1.403904824821827074e-02
1.522598476631760109e-02
1.492608591806191334e-02
1.428567434663297747e-02
1.133153897321802564e-02
1.543452482215554485e-02
1.271729093700789230e-02
1.509073041977456592e-02
1.446067270224725594e-02
1.280008681565997751e-02
1.302833856623329158e-02
1.445581276204549633e-02
1.226301584753690041e-02
1.238630507566810049e-02
1.336718531432913581e-02
1.470321766775986756e-02
1.390972916962107328e-02
1.493411212064293600e-02
1.428369378933743404e-02
1.200019226137328220e-02
1.271006841523993069e-02
1.426859874003135603e-02
1.325910738146088806e-02
1.276770231602325847e-02
1.223485443238586656e-02
1.257827619325445345e-02
1.394833802760180215e-02
1.230068191438101442e-02
1.307216244051553899e-02
1.460969505253673605e-02
1.266658423014209271e-02
1.348419942351425024e-02
1.215161177305562785e-02
1.463787529757702363e-02
1.304662829503791012e-02
1.478231388516554855e-02
1.378924651587079206e-02
1.382661844755599806e-02
1.452631238979869288e-02
1.397091609094499969e-02
1.273488844703068133e-02
1.358080689805117071e-02
1.446908764334190953e-02
1.340670076979665233e-02
1.265562713529322196e-02
1.512646398555276932e-02
1.323800717974518357e-02
1.205373948494221220e-02
1.282457264399730797e-02
1.218657445229565095e-02
1.367283339194045287e-02
1.299521300487395566e-02
1.248465688056239579e-02
1.362739042111409463e-02
1.192381160885272635e-02
1.383185760194702123e-02
1.372879810656169909e-02
1.259531208869902469e-02
1.378249471944315192e-02
1.185922843996825571e-02
1.295613259041215361e-02
1.383312890499711727e-02
1.374935111953445172e-02
1.389997629271217186e-02
1.330626633462201301e-02
1.218473540036037021e-02
1.326929456337875776e-02
1.280543797565772933e-02
1.345520996124168790e-02
1.230535312859848580e-02
1.279665739162540693e-02
1.220995122745570025e-02
1.327998869154049105e-02
1.295653484482692415e-02
1.176902827986477627e-02
1.436086417103663547e-02
1.500782361446290417e-02
1.244019259255452897e-02
1.300085858274492405e-02
1.222910838812637548e-02
1.288011352346454287e-02
1.283075410650693499e-02
1.281840474267999762e-02
1.269965048341738928e-02
1.192230533135331914e-02
1.341564229745677121e-02
1.328821836610847087e-02
1.229633322232282812e-02
1.228953582496797661e-02
1.224220627013905029e-02
1.208258799768248751e-02
1.200171667775758004e-02
1.302093466896022192e-02
1.446193422750849736e-02
1.228904598189946816e-02
1.419412790635726437e-02
1.094699825267729694e-02
1.281617845393491842e-02
1.291346245746903022e-02
1.390078775916951496e-02
1.395009578752397054e-02
1.295752492863578263e-02
1.340574436226422625e-02
1.269499422685162367e-02
1.218123053767530134e-02
1.466459655267543863e-02
1.296706372502408160e-02
1.340694224336482117e-02
1.280754594321329917e-02
1.246958805284457267e-02
1.301039545676834462e-02
1.211994849362519645e-02
1.438515475942502529e-02
1.396324315533812276e-02
1.158525420013867963e-02
1.425923891666497530e-02
1.350981527827190345e-02
1.304399082340358326e-02
1.354257692912447415e-02
1.303568973491976007e-02
1.394052982980049579e-02
1.196459908037919920e-02
1.218434824665402295e-02
1.299656159129990683e-02
1.271770563818487056e-02
1.191322351855418106e-02
1.166302184406344845e-02
1.322023080419711463e-02
1.341505407930878614e-02
1.308342842783119866e-02
1.329681776282162428e-02
1.227385176722784084e-02
1.187409190602670660e-02
1.244270857306438612e-02
1.233132579566491478e-02
1.452581902479770440e-02
1.337014047594395523e-02
1.170512374289487366e-02
1.295897602683112812e-02
1.186304202214660472e-02
1.299664681539129153e-02
1.335645641937076820e-02
1.292299066975128620e-02
1.312890911369827759e-02
1.302597802576663071e-02
1.321650454794979362e-02
1.336793926023482383e-02
1.304803600643323833e-02
1.357225867200193871e-02
1.113751646703091229e-02
1.333328103973040364e-02
1.183027042317237425e-02
1.231786927460789931e-02
1.306277632256699212e-02
1.287651708716611859e-02
1.285730342795107610e-02
1.341051018087591716e-02
1.358051885830626956e-02
1.229148347321903749e-02
1.092704284903660283e-02
1.399355838343774132e-02
1.273224590770030175e-02
1.406853458772860423e-02
1.254048920154223791e-02
1.231871953681741398e-02
1.245986420195019373e-02
1.183961952656957181e-02
1.335616382912551726e-02
1.222374212767039607e-02
1.242448341199256338e-02
1.397611026956333685e-02
1.166793260537858125e-02
1.281366489352947328e-02
1.189080676150185666e-02
1.217165490144470237e-02
1.359908298069874115e-02
1.209210492051704389e-02
1.206611224802438265e-02
1.304695207331044507e-02
1.263252881277737369e-02
1.353256078134309690e-02
1.305853102953186649e-02
1.413956575101070305e-02
1.296567924028304251e-02
1.349546480771448599e-02
1.349825985612696996e-02
1.231783379346091528e-02
1.291560193005306806e-02
1.398340033336789058e-02
1.280575409364358500e-02
1.350895023912860975e-02
1.244139623067603596e-02
1.370411564968474633e-02
1.137562466008449659e-02
1.309166973466120536e-02
1.332458929870619820e-02
1.358509097597968354e-02
1.346088852581408223e-02
1.289056495234121476e-02
1.175515625277029526e-02
1.289154053726926201e-02
1.345943766094262646e-02
1.341220585017295283e-02
1.173129292434020934e-02
1.183106376108223300e-02
1.304099832272658313e-02
1.182696150617547869e-02
1.280800000255303238e-02
1.304213843927275879e-02
1.182434336985851639e-02
1.437467482330602279e-02
1.125150777965127497e-02
1.311543203348080472e-02
1.260755907495108089e-02
1.230388741523305747e-02
1.222832982060418142e-02
1.299990018512733533e-02
1.410212358692667506e-02
1.247447784171078558e-02
1.195470512833135199e-02
1.360038320233246389e-02
1.234408983059647955e-02
1.306124079324674087e-02
1.198780676062843886e-02
1.271270159555261230e-02
1.382567987836432616e-02
1.309977126289453390e-02
1.250024886557036738e-02
1.241083262444849997e-02
1.313740783245773321e-02
1.316619174517049025e-02
1.302798554778132438e-02
1.345846532286175574e-02
1.307896445071044141e-02
1.100512715575828297e-02
1.277811385228594387e-02
1.247175767395619292e-02
1.205767014047245782e-02
1.211174581663927372e-02
1.335090679105393335e-02
1.372315237575896969e-02
1.188510742048254874e-02
1.291240774713276959e-02
1.339529315264978773e-02
1.275832989061110971e-02
1.287876950221747592e-02
1.160895473553456500e-02
1.492100806042539161e-02
1.131236583658919680e-02
1.192021710150304240e-02
1.319092874847606518e-02
1.289142473788000218e-02
1.291646959360678512e-02
1.277897847755226149e-02
1.283221579251271963e-02
1.278890857724080711e-02
1.355884973436658272e-02
1.314350814787753653e-02
1.163761692979484175e-02
1.363664986876965586e-02
1.275874845893581501e-02
1.116640765346822023e-02
1.298357305471679532e-02
1.284433339367164334e-02
1.359862529249891185e-02
1.279930821309507513e-02
1.150768329500125031e-02
1.395027379787086227e-02
1.128448315351758026e-02
1.214583366294195825e-02
1.384702272107454259e-02
1.064439269721465312e-02
1.395661855742916582e-02
1.218539687809879792e-02
1.230559291414642757e-02
1.323912892716914459e-02
1.326161085275606548e-02
1.337493464369431985e-02
1.269980483430811075e-02
1.329784787053798351e-02
1.291322115560698119e-02
1.337388420593853093e-02
1.340214668213488697e-02
1.184044650400778789e-02
1.336191982670184054e-02
1.209099302311233623e-02
1.247428806822365593e-02
1.379517726593341466e-02
1.296047765235631803e-02
1.270271570848899821e-02
1.367871961772089244e-02
1.286374588495630550e-02
1.288345252064444259e-02
1.292195912194466466e-02
1.314012623196036782e-02
1.327944536682820753e-02
1.195929571045658245e-02
1.328785172309464822e-02
1.103861070388659563e-02
1.341177803158397769e-02
1.334726887628519092e-02
1.200517645090905944e-02
1.340945543669269831e-02
1.199529773235652116e-02
1.402306364583534755e-02
1.136750426691575909e-02
1.244905874116067346e-02
1.313164023899321409e-02
1.280941147406135586e-02
1.170614980198715280e-02
1.300531432541029465e-02
1.260580834924938075e-02
1.235127793810437968e-02
1.274416878889004373e-02
1.311629255213877035e-02
1.259547039688873639e-02
1.300638242171308842e-02
1.342612250972483046e-02
1.322786173267809402e-02
1.344259422795680663e-02
1.308249873015245035e-02
1.196099908825905798e-02
1.306818836886346202e-02
1.278445995789272323e-02
1.271527187282244821e-02
1.302261830590913799e-02
1.340725034347428624e-02
1.343662873695818105e-02
1.228347551811148630e-02
1.273335982496413658e-02
1.349654023422076736e-02
1.207213126326015483e-02
1.416658959085069155e-02
1.265011576654233826e-02
1.247126920665995835e-02
1.310331608299065455e-02
1.223962117740614967e-02
1.290169845801853420e-02
1.269448024347964894e-02
1.244504848035779890e-02
1.342669086291288158e-02
1.208104297746268388e-02
1.236555392685380859e-02
1.250857395524876056e-02
1.303401197683191209e-02
1.239347572679974294e-02
1.329335958837237798e-02
1.455826563236527725e-02
1.294812901370354791e-02
1.225951258886663273e-02
1.178210595942785072e-02
1.284064515987243076e-02
1.275177846440643178e-02
1.237499567478331751e-02
1.320198671230603943e-02
1.220001950162671878e-02
1.326156949197774583e-02
1.357719235811977003e-02
1.264722785977502248e-02
1.309006435289105860e-02
1.207376939481489414e-02
1.261694433201504019e-02
1.239471977039241328e-02
1.272447353010062836e-02
1.280194228755631748e-02
1.234679297899494294e-02
1.266418021261676331e-02
1.308226786606413866e-02
1.203023798463096448e-02
1.267051894674185719e-02
1.212059333176803907e-02
1.204303907643299379e-02
1.314304636694537190e-02
1.333257113084788947e-02
1.234156580515223187e-02
1.300061247673850451e-02
1.372626698932823130e-02
1.315919818581065374e-02
1.199945674280861706e-02
1.253720658993118416e-02
1.158808745939624713e-02
1.281678056171964113e-02
1.318982166957363179e-02
1.307096807742527678e-02
1.303320762003931307e-02
1.281676031287501405e-02
1.365179494290217309e-02
1.337555877971650931e-02
1.132082008188507044e-02
1.211463038459422228e-02
1.306564109915312084e-02
1.277730831319104539e-02
1.286135779236520678e-02
1.210508420207942991e-02
1.407087588355364002e-02
1.241943170150930538e-02
1.247737157526214793e-02
1.412136970417008849e-02
1.313012962704950166e-02
1.245301360692461015e-02
1.314275894369705544e-02
1.221563049464803076e-02
1.349884997016688980e-02
1.204561446037406489e-02
1.332144140989869295e-02
1.292027406918312520e-02
1.324130026664620090e-02
1.265066359152748447e-02
1.301121836228479739e-02
1.305833607668717249e-02
1.194434767777602033e-02
1.263105466010179360e-02
1.333394242233837575e-02
1.387016250714642740e-02
1.182606012077827042e-02
1.238480855569967440e-02
1.345168270433945087e-02
1.375870269594711183e-02
1.341444928420827513e-02
1.370708016161233979e-02
1.297029969279082408e-02
1.258754925402303174e-02
1.230469823598582396e-02
1.259630640791877150e-02
1.286787268203072945e-02
1.264429049170923136e-02
1.118552690749411056e-02
1.337023742320542913e-02
1.163841786249158843e-02
1.220400038068427707e-02
1.297525254817177495e-02
1.260465324003368602e-02
1.204784407857421337e-02
1.221387667206668033e-02
1.258021033476492377e-02
1.273216225699208733e-02
1.157553305414319410e-02
1.320584092035459629e-02
1.239913856510618806e-02
1.269063433082148404e-02
1.243837987461883683e-02
1.213775239159053769e-02
1.269517729591799343e-02
1.343462708774021373e-02
1.311658631112554325e-02
1.375625010865265743e-02
1.145850091512310570e-02
1.266743296359849023e-02
1.195243400805200140e-02
1.306903112448897647e-02
1.209751854671860423e-02
1.213102745767895806e-02
1.346381325822331061e-02
1.256176603701275769e-02
1.253163398908209956e-02
1.187594878612095728e-02
1.221711045012307574e-02
1.303805171290208648e-02
1.312327569480468623e-02
1.252499685984769309e-02
1.250860184647981099e-02
1.370607789041776436e-02
1.281321816798112675e-02
1.266636062744852173e-02
1.326582394759357603e-02
1.266566017281778658e-02
1.376980617274578544e-02
1.208714153561667171e-02
1.298532045023246921e-02
1.194628041224086480e-02
1.275935604806523703e-02
1.212368736779504373e-02
1.214556370029178795e-02
1.283629508479030255e-02
1.224854883191099468e-02
1.227232410952770053e-02
1.338319436350492511e-02
1.223322414188676537e-02
1.239594067875511227e-02
1.295254165855476598e-02
1.265438284281995146e-02
1.211819845982247366e-02
1.413766268239732143e-02
1.184352053330330751e-02
1.295738824169306684e-02
1.256771012285319566e-02
1.261530131673989016e-02
1.279694892435728065e-02
1.239277933064708223e-02
1.303628684855574239e-02
1.327650962370511764e-02
1.257644800357501751e-02
1.293115689045107666e-02
1.258763074613411005e-02
1.333697320744941378e-02
1.253718108000772408e-02
1.254045143195859323e-02
1.338245543963362955e-02
1.238376045900755305e-02
1.186950605926886081e-02
1.269648153001518703e-02
1.243389111962048266e-02
1.215918493283815044e-02
1.249352107468181677e-02
1.295332958806405359e-02
1.150546555732071159e-02
1.299007717467902043e-02
1.397549802134439613e-02
1.295013557114356451e-02
1.243859525670947680e-02
1.245930464111517921e-02
1.363357197991803792e-02
1.231667582103239227e-02
1.223893770339026972e-02
1.303786277027219054e-02
1.372104717965146221e-02
1.223995798882954698e-02
1.330149310639520618e-02
1.246869100501226194e-02
1.281391688134597522e-02
1.288413965937653359e-02
1.286644540223883838e-02
1.221035993137154461e-02
1.227397953108733987e-02
1.229156238524406475e-02
1.253761418941888757e-02
1.267084877871926113e-02
1.223856556249509897e-02
1.183205757200931837e-02
1.289622107988688121e-02
1.218947955235879198e-02
1.232297428367219207e-02
1.319246270642308698e-02
1.286495851704203691e-02
1.365405572137638746e-02
1.302546121472644702e-02
1.348864619809427533e-02
1.257911786082357465e-02
1.307018874127368821e-02
1.270178652481350305e-02
1.308488163624938437e-02
1.339346688290034629e-02
1.255986464161178845e-02
1.240236055906827027e-02
1.256036260854474090e-02
1.300763775801685486e-02
1.196180778577798573e-02
1.337772632625769571e-02
1.297064046072256109e-02
1.329736355819212228e-02
1.304087746353213041e-02
1.334673072509394605e-02
1.305131000331688669e-02
1.238502763532726113e-02
1.319455473846900713e-02
1.249304778422729613e-02
1.308738438450618782e-02
1.272530152449792562e-02
1.286949226084015477e-02
1.383760716451687585e-02
1.184304377565841872e-02
1.297089342218289525e-02
1.260006224809809110e-02
1.266101582698954051e-02
1.304984726144518478e-02
1.148141212344582808e-02
1.296407386827707134e-02
1.372752761667196328e-02
1.131276429758522502e-02
1.215572933731324384e-02
1.160406020210745341e-02
1.290527011754937815e-02
1.257307527156606951e-02
1.271198162929718968e-02
1.306532178252752495e-02
1.305040522196897201e-02
1.303174197337012181e-02
1.271764948380209662e-02
1.278437116253357785e-02
1.301979882183561428e-02
1.201316007215675642e-02
1.170845757999060439e-02
1.276617451482584334e-02
1.193862756907988938e-02
1.387453476145565114e-02
1.101491549132393652e-02
1.355848252453805552e-02
1.221889811296880332e-02
1.256334443674537657e-02
1.198119925222601231e-02
1.155349254590699870e-02
1.327733898415380670e-02
1.233730984645963619e-02
1.235978350031661892e-02
1.237622699564767947e-02
1.143341080012382979e-02
1.274499196451860626e-02
1.210042127921098602e-02
1.200050246719915233e-02
1.295561158581367243e-02
1.182173546447969244e-02
1.257552109161881072e-02
1.253402775860859401e-02
1.184580150830757267e-02
1.328099822941059341e-02
1.297036963924854715e-02
1.320494585849684918e-02
1.293847561763984862e-02
1.205369127132677534e-02
1.233866112947907580e-02
1.246658422491514484e-02
1.231791654567743373e-02
1.246669435891073832e-02
1.192988048843542787e-02
1.256384937954535541e-02
1.163431308783596102e-02
1.240884921983115979e-02
1.189060216241324096e-02
1.222861987427217335e-02
1.298252689614482792e-02
1.250923583942686705e-02
1.255139678169121288e-02
1.174024472495399825e-02
1.171737452381526809e-02
1.244073502205049822e-02
1.194375775777613974e-02
1.304467935469633480e-02
1.287072546564624852e-02
1.211845028998239683e-02
1.322587440090302116e-02
1.152315771142015631e-02
1.221590088811610152e-02
1.301285661243935937e-02
1.259573657107413737e-02
1.289356360586109418e-02
1.173243325638618703e-02
1.216664207715364293e-02
1.274402429919029543e-02
1.226472656103638585e-02
1.178620817989843410e-02
1.238427221208029082e-02
1.290371974932083207e-02
1.259895273457973391e-02
1.323246386120823133e-02
1.335460471949106477e-02
1.164303898109603393e-02
1.313030930297475092e-02
1.241265715194068975e-02
1.173194981018751623e-02
1.332358486609972956e-02
1.275618259645590509e-02
1.350749624579606484e-02
1.225604950482284995e-02
1.176901219682155442e-02
1.295595486667923749e-02
1.270546265741202482e-02
1.315423136603091278e-02
1.216650876920250847e-02
1.267008295084201368e-02
1.309249639348532453e-02
1.186823739601374633e-02
1.242054142337745831e-02
1.108249403321665688e-02
1.182786876712704077e-02
1.256940083962957734e-02
1.112533947106030853e-02
1.189682901023217908e-02
1.187465505187847332e-02
1.285353329896891765e-02
1.126274161709150436e-02
1.233970700624364633e-02
1.275546001853734498e-02
1.178391748962352714e-02
1.208489183471647514e-02
1.199328182993808500e-02
1.164121902856183645e-02
1.241606572046771891e-02
1.265977252466120133e-02
1.283816006116944748e-02
1.253462996586236604e-02
1.212520932994745788e-02
1.176031676306096493e-02
1.230173511475228694e-02
1.217373094111561492e-02
1.258919861341691385e-02
1.248755352480249332e-02
1.200284207397671506e-02
1.259503191189421077e-02
1.217816451205178292e-02
1.312416313044191193e-02
1.211355964617204586e-02
1.273711650941835617e-02
1.305138559019898559e-02
1.177075340180024250e-02
1.237661345668583657e-02
1.234424482878023442e-02
1.253318448713836887e-02
1.206782700330942884e-02
1.082955151912009216e-02
1.194467649610759206e-02
1.247656209560616368e-02
1.213841359740121251e-02
1.244849192507664105e-02
1.257053942362966123e-02
1.218744721657201609e-02
1.260515150238296009e-02
1.232691009735015567e-02
1.129424045251027804e-02
1.136432351993441926e-02
1.272721865430851904e-02
1.189823220535938218e-02
1.270720418719094996e-02
1.191407653587544038e-02
1.201818115933669245e-02
1.301844555507968362e-02
1.239166986342580580e-02
1.203621454589552837e-02
1.197300823833005040e-02
1.207936420952349967e-02
1.206257131296519826e-02
1.231346261344594233e-02
1.281622717568249581e-02
1.194863493274239859e-02
1.253722687427990048e-02
1.319535227477269465e-02
1.274245674077153188e-02
1.331830192161276641e-02
1.197635437113980621e-02
1.151966894195662582e-02
1.289476121715073600e-02
1.179888036190105717e-02
1.201066151989190790e-02
1.155872568950527986e-02
1.114337031968848889e-02
1.225471418631076531e-02
1.158699058204040906e-02
1.176156396890317909e-02
1.157306176086714787e-02
1.266049219988569022e-02
1.193783007431234965e-02
1.238193334635303948e-02
1.300176384876840577e-02
1.239174524906294997e-02
1.262702022981068359e-02
1.175165224466070794e-02
1.161648681141433728e-02
1.236772191979697982e-02
1.140232715448094396e-02
1.290538458462766117e-02
1.227949321348332547e-02
1.155906498453763975e-02
1.176055292558082430e-02
1.174235555548142074e-02
1.205234664871719999e-02
1.257578445503164215e-02
1.247255867085514218e-02
1.261642824652451852e-02
1.164203263032411763e-02
1.249506475227574881e-02
1.170526050344942830e-02
1.169899211514329081e-02
1.132085556066382385e-02
1.200385349770037233e-02
1.206864427961071122e-02
1.187924976550647563e-02
1.198075507445453027e-02
1.283916309859795858e-02
1.221265692334584825e-02
1.146687018308929773e-02
1.114497917150423546e-02
1.159615777087106246e-02
1.162578711695311760e-02
1.175158869049348041e-02
1.262438107172042696e-02
1.200684328962784916e-02
1.121067030866870762e-02
1.196173305439896493e-02
1.096606160646971043e-02
1.106763891920874848e-02
1.192199111361309447e-02
1.155108224878256470e-02
1.204220797771485794e-02
1.208194744535310075e-02
1.187465259656843124e-02
1.238606799609777431e-02
1.189972771969941175e-02
1.232404526419585665e-02
1.225053986603232350e-02
1.226654148355353115e-02
1.246333436486835033e-02
1.176375229586798001e-02
1.290256652298365191e-02
1.157054971213555654e-02
1.258895238891580455e-02
1.204580341800595353e-02
1.104811612142767192e-02
1.183136368511037220e-02
1.159225388001211207e-02
1.187933424384135170e-02
1.176397673292677547e-02
1.166517920425842736e-02
1.208649671475591283e-02
1.211573779976270887e-02
1.094914340233529848e-02
1.158478956981130389e-02
1.204184204183715058e-02
1.166244821966133487e-02
1.201927030427453295e-02
1.316726055605962030e-02
1.086653623846925952e-02
1.226290916489622407e-02
1.340004489153271902e-02
1.116424822541101959e-02
1.213964387296468869e-02
1.222014725089450200e-02
1.213333868599049924e-02
1.161041408360614403e-02
1.137766291971484614e-02
1.184226608453065911e-02
1.157767569826693640e-02
1.119571894088106263e-02
1.209934920543558404e-02
1.208063496562752220e-02
1.182399667654677328e-02
1.106474101961088703e-02
1.143158213856897663e-02
1.103020351460696526e-02
1.194301376597734290e-02
1.262799157812150019e-02
1.203654455205062368e-02
1.236116166381598380e-02
1.200055965914221048e-02
1.157017480793376234e-02
1.209930243668012016e-02
1.153947252277747262e-02
1.176271869643559856e-02
1.230759398337855776e-02
1.238678954476707395e-02
1.208841283774936964e-02
1.226080454274981052e-02
1.173554098833929325e-02
1.265231347733392249e-02
1.258045896203613401e-02
1.097728537460034536e-02
1.154193461044018126e-02
1.233458792520170100e-02
1.255655185818941970e-02
1.221844689630863061e-02
1.242157570106048291e-02
1.221819809799923676e-02
1.132716735466365171e-02
1.224402425502192984e-02
1.200573056056688896e-02
1.243744447074240748e-02
1.147770185398244019e-02
1.197997207743281035e-02
1.178670718320976030e-02
1.122052805539356171e-02
1.230288363328961576e-02
1.166290802761198349e-02
1.185344903073132575e-02
1.199980470874527361e-02
1.208424664674455536e-02
1.182958215556214471e-02
1.206541165313422363e-02
1.242490449439358907e-02
1.161006291446391690e-02
1.127743863077068989e-02
1.202662021632213384e-02
1.185028825930167090e-02
1.177723518412937716e-02
1.179033158273684774e-02
1.200448696992031418e-02
1.220295390535207532e-02
1.191484826771720823e-02
1.086163748053953215e-02
1.215331984195514373e-02
1.159065166239719481e-02
1.202963937678579870e-02
1.114722415452232621e-02
1.185727694949755169e-02
1.246040535533004222e-02
1.131933261563963095e-02
1.281822911741836019e-02
1.201804069983282430e-02
1.191552883328376826e-02
1.188207293320820389e-02
1.141042629778283961e-02
1.215047750574473409e-02
1.162917511911493521e-02
1.252753407604464443e-02
1.225388310302761782e-02
1.235186466060685453e-02
1.231326916438118396e-02
1.088647574187305914e-02
1.207937655581917819e-02
1.211642997762263536e-02
1.128138608101962592e-02
1.203336827060052724e-02
1.217029184208323275e-02
1.220635720692656370e-02
1.205727623808975843e-02
1.151948501130832525e-02
1.194706437572987286e-02
1.147405059576305474e-02
1.289307758279798627e-02
1.265446521707045205e-02
1.040790646373515246e-02
1.238692251816226990e-02
1.167195205804009289e-02
1.227722149833970593e-02
1.269595717495679808e-02
1.187869936118556707e-02
1.143358757065067455e-02
1.165143351637914874e-02
1.261035469584170961e-02
1.160840225487525489e-02
1.173207138107023803e-02
1.221438648019099009e-02
1.228631907258487428e-02
1.151503913616269519e-02
1.147079101232162564e-02
1.268134180024181948e-02
1.235342301172850758e-02
1.183645406425305746e-02
1.170015864560047109e-02
1.158083002269163705e-02
1.161146849438756019e-02
1.191825125723634457e-02
1.193093514945298139e-02
1.105713596047563918e-02
1.159338508929447405e-02
1.206274358312816632e-02
1.148000206824676891e-02
1.159717039246288030e-02
1.248053164958525321e-02
1.222997990827787325e-02
1.183522321446644522e-02
1.139955106128963391e-02
1.143977532548210059e-02
1.151380691132440799e-02
1.185056329489729381e-02
1.154862145377499698e-02
1.154665316817873877e-02
1.143803367141667596e-02
1.249056439004436400e-02
1.186166679890989471e-02
1.194602895044412534e-02
1.243277961900028476e-02
1.202054392630724257e-02
1.238844790239187164e-02
1.201270148442148793e-02
1.188233598839096364e-02
1.131148290383151428e-02
1.136718123370491357e-02
1.198005930478609864e-02
1.252963220457627667e-02
1.255572138002923437e-02
1.208939268767808724e-02
1.169759527464371389e-02
1.123010830906588479e-02
1.267504592145419703e-02
1.152540304679040145e-02
1.246308884484493944e-02
1.210975899591820552e-02
1.219020717642267139e-02
1.168578401645168491e-02
1.207627927186723064e-02
1.176555970690074636e-02
1.174864780734232068e-02
1.163459562087084537e-02
1.258749518909495733e-02
1.228398816261257014e-02
1.288971500997635779e-02
1.385550756237415547e-02
1.494541688988309039e-02
1.418350501263631290e-02
1.448944244865096181e-02
