  5.21309998712442e+04  2.78299832344055e+00  4.20244084671140e-03 -1.07028341293335e+00  0.00000000000000e+00
  5.21347281046878e+04  2.78220629692078e+00  4.98152105137706e-03 -1.02021849155426e+00  0.00000000000000e+00
  5.21384563382441e+04  2.77481865882874e+00  5.02680568024516e-03 -1.09142887592316e+00  0.00000000000000e+00
  5.21421845719525e+04  2.77816367149353e+00  4.18212916702032e-03 -1.07324421405792e+00  0.00000000000000e+00
  5.21459128054655e+04  2.77070760726929e+00  5.50306541845202e-03 -1.02974057197571e+00  0.00000000000000e+00
  5.21496410384886e+04  2.77811193466187e+00  3.67910764180124e-03 -1.02505981922150e+00  0.00000000000000e+00
  5.21533692710499e+04  2.76970958709717e+00  4.51135495677590e-03 -1.01914691925049e+00  0.00000000000000e+00
  5.21570975034480e+04  2.77008914947510e+00  4.71042050048709e-03 -1.07549047470093e+00  0.00000000000000e+00
  5.21608257388101e+04  2.76802349090576e+00  4.85648820176721e-03 -1.03030979633331e+00  0.00000000000000e+00
  5.21666250005311e+04  1.13400673866272e+00  5.00000023748726e-04 -6.99999988079071e-01  0.00000000000000e+00
  5.21673750004977e+04  2.75996375083923e+00  5.01087028533220e-03 -9.52445745468140e-01  0.00000000000000e+00
  5.21711032361123e+04  2.76226973533630e+00  4.95627243071795e-03 -1.00996673107147e+00  0.00000000000000e+00
  5.21748314705902e+04  2.76028323173523e+00  4.35364153236151e-03 -1.10327625274658e+00  0.00000000000000e+00
  5.21785597052801e+04  2.76348137855530e+00  4.46312362328172e-03 -1.07964169979095e+00  0.00000000000000e+00
  5.21822879417800e+04  2.75720882415771e+00  5.34625910222530e-03 -9.79045212268829e-01  0.00000000000000e+00
  5.21860161770762e+04  2.76190519332886e+00  4.30851615965366e-03 -1.10027861595154e+00  0.00000000000000e+00
  5.21897444126146e+04  2.75648403167725e+00  4.44176234304905e-03 -1.14615440368652e+00  0.00000000000000e+00
  5.21934726508287e+04  2.76153421401978e+00  3.97518975660205e-03 -1.08652067184448e+00  0.00000000000000e+00
  5.21972008871654e+04  2.75465536117554e+00  4.47895657271147e-03 -1.09726214408875e+00  0.00000000000000e+00
  5.22009291248667e+04  2.75790667533875e+00  4.42765699699521e-03 -1.03018581867218e+00  0.00000000000000e+00
  5.22046573620418e+04  2.75698232650757e+00  4.17807139456272e-03 -1.02085506916046e+00  0.00000000000000e+00
  5.22083856009492e+04  2.75501132011414e+00  4.92646126076579e-03 -9.90557074546814e-01  0.00000000000000e+00
  5.22121138397650e+04  2.75551700592041e+00  4.75810607895255e-03 -1.00451481342316e+00  0.00000000000000e+00
  5.22186875000291e+04  1.17570018768311e+01  5.00000023748726e-04 -6.99999988079071e-01  0.00000000000000e+00
  5.22200000003866e+04  2.75443267822266e+00  5.00826025381684e-03 -1.00783956050873e+00  0.00000000000000e+00
  5.22237282384665e+04  2.75169658660889e+00  4.23727231100202e-03 -1.09186327457428e+00  0.00000000000000e+00
  5.22274564790914e+04  2.75575923919678e+00  4.72603552043438e-03 -1.03583920001984e+00  0.00000000000000e+00
  5.22311847183681e+04  2.75528526306152e+00  4.05699294060469e-03 -1.02877736091614e+00  0.00000000000000e+00
  5.22349129592338e+04  2.75797343254089e+00  4.45085158571601e-03 -1.05345320701599e+00  0.00000000000000e+00
  5.22386411994585e+04  2.75558900833130e+00  4.19769808650017e-03 -1.02011144161224e+00  0.00000000000000e+00
  5.22423694396595e+04  2.75264310836792e+00  4.61090030148625e-03 -1.03330397605896e+00  0.00000000000000e+00
  5.22460976815904e+04  2.75567817687988e+00  4.49277739971876e-03 -1.01591897010803e+00  0.00000000000000e+00
  5.22498259227721e+04  2.75570797920227e+00  4.19974233955145e-03 -1.06046450138092e+00  0.00000000000000e+00
  5.22535541654237e+04  2.75118803977966e+00  4.82833804562688e-03 -9.61175382137299e-01  0.00000000000000e+00
  5.22572824069863e+04  2.75359106063843e+00  4.49883937835693e-03 -1.00004708766937e+00  0.00000000000000e+00
  5.22610106485685e+04  2.75874066352844e+00  4.44277562201023e-03 -1.02459418773651e+00  0.00000000000000e+00
  5.22647388921238e+04  2.75642561912537e+00  4.34293039143085e-03 -1.04795420169830e+00  0.00000000000000e+00
  5.22684671344480e+04  2.75282955169678e+00  4.21067839488387e-03 -1.02614271640778e+00  0.00000000000000e+00
  5.22721953767513e+04  2.75685238838196e+00  4.49882633984089e-03 -1.00405478477478e+00  0.00000000000000e+00
  5.22759236210716e+04  2.75469326972961e+00  4.32751793414354e-03 -1.05954051017761e+00  0.00000000000000e+00
  5.22796518640708e+04  2.75801825523376e+00  4.57192212343216e-03 -9.95186507701874e-01  0.00000000000000e+00
  5.22833801074191e+04  2.75820851325989e+00  4.59138723090291e-03 -1.00794064998627e+00  0.00000000000000e+00
  5.22906250006377e+04  1.12936174869537e+00  5.00000023748726e-04 -6.99999988079071e-01  0.00000000000000e+00
  5.22909791668705e+04  2.75588393211365e+00  4.47503384202719e-03 -1.07530677318573e+00  0.00000000000000e+00
  5.22947074099965e+04  2.75930571556091e+00  4.01114206761122e-03 -1.11062085628510e+00  0.00000000000000e+00
  5.22984356532778e+04  2.76078057289124e+00  4.60401363670826e-03 -1.00000846385956e+00  0.00000000000000e+00
  5.23021638964097e+04  2.75521516799927e+00  4.68092691153288e-03 -9.42657887935638e-01  0.00000000000000e+00
  5.23058921412292e+04  2.75675773620605e+00  4.34045772999525e-03 -9.57323312759399e-01  0.00000000000000e+00
  5.23096203838263e+04  2.76165485382080e+00  4.67628799378872e-03 -1.04673480987549e+00  0.00000000000000e+00
  5.23133486272152e+04  2.76030945777893e+00  4.96036838740110e-03 -1.02752947807312e+00  0.00000000000000e+00
  5.23170768706330e+04  2.76069569587708e+00  4.74840123206377e-03 -1.00486838817596e+00  0.00000000000000e+00
  5.23208051139422e+04  2.76474094390869e+00  3.98724060505629e-03 -1.12339842319489e+00  0.00000000000000e+00
  5.23245333573670e+04  2.76107573509216e+00  4.81964973732829e-03 -1.05752110481262e+00  0.00000000000000e+00
  5.23310833333993e+04  1.13186287879944e+00  5.00000023748726e-04 -6.99999988079071e-01  0.00000000000000e+00
  5.23314319452801e+04  2.76366686820984e+00  4.40189009532332e-03 -9.66978073120117e-01  0.00000000000000e+00
  5.23351601865557e+04  2.76357722282410e+00  4.64021088555455e-03 -1.03184878826141e+00  0.00000000000000e+00
  5.23388884279237e+04  2.76523518562317e+00  4.07126359641552e-03 -1.09102177619934e+00  0.00000000000000e+00
  5.23426166692837e+04  2.75882363319397e+00  4.79584559798241e-03 -1.08021998405457e+00  0.00000000000000e+00
  5.23463454437963e+04  2.76005220413208e+00  4.33438038453460e-03 -1.01464045047760e+00  0.00000000000000e+00
  5.23500736851830e+04  2.75774240493774e+00  5.20071201026440e-03 -9.88069772720337e-01  0.00000000000000e+00
  5.23538019251796e+04  2.75860881805420e+00  4.43501537665725e-03 -1.04663264751434e+00  0.00000000000000e+00
  5.23575301658831e+04  2.76666593551636e+00  4.97832568362355e-03 -9.81624186038971e-01  0.00000000000000e+00
  5.23612584067327e+04  2.76657032966614e+00  4.76237526163459e-03 -1.01855206489563e+00  0.00000000000000e+00
  5.23649866475621e+04  2.76445722579956e+00  3.90414358116686e-03 -1.02612566947937e+00  0.00000000000000e+00
  5.23687148867256e+04  2.76055240631104e+00  4.77369595319033e-03 -9.47635412216187e-01  0.00000000000000e+00
  5.23724431268555e+04  2.76788640022278e+00  4.57100057974458e-03 -1.08440411090851e+00  0.00000000000000e+00
  5.23761713670463e+04  2.76689934730530e+00  4.52111614868045e-03 -9.99611794948578e-01  0.00000000000000e+00
  5.23798996071354e+04  2.76682281494141e+00  4.19153179973364e-03 -1.04050457477570e+00  0.00000000000000e+00
  5.23836278454978e+04  2.76676416397095e+00  4.61126118898392e-03 -9.78095173835754e-01  0.00000000000000e+00
  5.23873560850139e+04  2.76906251907349e+00  4.60738688707352e-03 -1.02966511249542e+00  0.00000000000000e+00
  5.23910843245219e+04  2.76649355888367e+00  4.57165017724037e-03 -1.04538846015930e+00  0.00000000000000e+00
  5.23948125638634e+04  2.76863074302673e+00  4.37787920236588e-03 -1.02651703357697e+00  0.00000000000000e+00
  5.23985408019004e+04  2.76999855041504e+00  4.81508253142238e-03 -1.01767218112946e+00  0.00000000000000e+00
  5.24025833334432e+04  1.13322544097900e+00  5.00000023748726e-04 -6.99999988079071e-01  0.00000000000000e+00
  5.24030000000625e+04  2.76882576942444e+00  4.43524261936545e-03 -1.01439750194550e+00  0.00000000000000e+00
  5.24067282394317e+04  2.77172660827637e+00  4.34191338717937e-03 -1.06059122085571e+00  0.00000000000000e+00
  5.24104564765857e+04  2.77358841896057e+00  4.62441146373749e-03 -9.98060703277588e-01  0.00000000000000e+00
  5.24141847149456e+04  2.77625489234924e+00  4.06747451052070e-03 -9.88780260086060e-01  0.00000000000000e+00
  5.24179129531945e+04  2.77404332160950e+00  4.40902542322874e-03 -1.04738473892212e+00  0.00000000000000e+00
  5.24216411914606e+04  2.77551865577698e+00  4.40580630674958e-03 -1.06381976604462e+00  0.00000000000000e+00
  5.24253694287349e+04  2.77812886238098e+00  3.81824863143265e-03 -1.03585016727448e+00  0.00000000000000e+00
  5.24290976669918e+04  2.77622461318970e+00  4.18595597147942e-03 -1.03797209262848e+00  0.00000000000000e+00
  5.24328259041668e+04  2.77587175369263e+00  4.18959278613329e-03 -1.07092773914337e+00  0.00000000000000e+00
  5.24365541420325e+04  2.77877950668335e+00  4.02162550017238e-03 -1.07380533218384e+00  0.00000000000000e+00
  5.24402823800278e+04  2.77878832817078e+00  4.19644638895988e-03 -1.03664255142212e+00  0.00000000000000e+00
  5.24440106186989e+04  2.77770566940308e+00  4.27463278174400e-03 -1.02615487575531e+00  0.00000000000000e+00
  5.24477388564212e+04  2.78012204170227e+00  4.48992522433400e-03 -1.00501859188080e+00  0.00000000000000e+00
  5.24514670942081e+04  2.78025436401367e+00  4.08108672127128e-03 -1.07845807075500e+00  0.00000000000000e+00
  5.24551953321051e+04  2.78151440620422e+00  4.26924088969827e-03 -1.04830038547516e+00  0.00000000000000e+00
  5.24589235701482e+04  2.78123903274536e+00  4.00574645027518e-03 -1.05971813201904e+00  0.00000000000000e+00
  5.24626518080290e+04  2.78036832809448e+00  4.54144785180688e-03 -1.00052237510681e+00  0.00000000000000e+00
  5.24663800463357e+04  2.78354954719543e+00  3.87728679925203e-03 -1.03632736206055e+00  0.00000000000000e+00
  5.24701082845033e+04  2.78338837623596e+00  4.10615233704448e-03 -1.04851150512695e+00  0.00000000000000e+00
  5.24738365227226e+04  2.78246974945068e+00  4.58686240017414e-03 -9.52385306358337e-01  0.00000000000000e+00
  5.24775647610486e+04  2.78464579582214e+00  4.68630855903029e-03 -9.80937957763672e-01  0.00000000000000e+00
  5.24812929993751e+04  2.78391242027283e+00  4.32535074651241e-03 -1.01631939411163e+00  0.00000000000000e+00
  5.24856222230941e+04  1.14089357852936e+00  5.00000023748726e-04 -6.99999988079071e-01  0.00000000000000e+00
  5.24860416675244e+04  2.78551054000854e+00  4.81690466403961e-03 -1.02015876770020e+00  0.00000000000000e+00
  5.24897699064444e+04  2.78741025924683e+00  4.69346670433879e-03 -1.03182482719421e+00  0.00000000000000e+00
  5.24934981452383e+04  2.78832888603210e+00  4.48257895186543e-03 -9.86436724662781e-01  0.00000000000000e+00
  5.24972263845592e+04  2.79095983505249e+00  4.34219790622592e-03 -1.02674949169159e+00  0.00000000000000e+00
  5.25009546240938e+04  2.78520321846008e+00  4.98889060690999e-03 -9.68056857585907e-01  0.00000000000000e+00
  5.25046828637420e+04  2.79066491127014e+00  4.36882162466645e-03 -1.06778395175934e+00  0.00000000000000e+00
  5.25084111030511e+04  2.79122471809387e+00  3.90199292451143e-03 -1.02762854099274e+00  0.00000000000000e+00
  5.25121393429733e+04  2.79416394233704e+00  4.06707869842649e-03 -1.09442138671875e+00  0.00000000000000e+00
  5.25158675834341e+04  2.79029226303101e+00  4.01238352060318e-03 -1.17580080032349e+00  0.00000000000000e+00
  5.25195958241482e+04  2.78853631019592e+00  4.35358658432961e-03 -1.11145699024200e+00  0.00000000000000e+00
  5.25233240649617e+04  2.79173707962036e+00  4.33699972927570e-03 -1.08887815475464e+00  0.00000000000000e+00
  5.25270523062860e+04  2.78702592849731e+00  4.42609703168273e-03 -9.92705523967743e-01  0.00000000000000e+00
  5.25307805478415e+04  2.79072809219360e+00  4.93592303246260e-03 -1.01325249671936e+00  0.00000000000000e+00
  5.25345087894956e+04  2.78981709480286e+00  4.73940884694457e-03 -1.04099845886230e+00  0.00000000000000e+00
  5.25382370321655e+04  2.79017877578735e+00  4.35914099216461e-03 -1.07195425033569e+00  0.00000000000000e+00
  5.25419652742176e+04  2.79023265838623e+00  4.59640193730593e-03 -1.04815530776978e+00  0.00000000000000e+00
  5.25456935170960e+04  2.79631757736206e+00  4.21335315331817e-03 -1.08678245544434e+00  0.00000000000000e+00
  5.25494217600163e+04  2.79950785636902e+00  4.42747259512544e-03 -1.05228114128113e+00  0.00000000000000e+00
  5.25531500037061e+04  2.79753136634827e+00  4.77072224020958e-03 -9.90143358707428e-01  0.00000000000000e+00
  5.25568782474317e+04  2.79530954360962e+00  4.87660383805633e-03 -9.98634576797485e-01  0.00000000000000e+00
  5.25606064916724e+04  2.79640173912048e+00  3.95735679194331e-03 -1.07453966140747e+00  0.00000000000000e+00
  5.25643347360701e+04  2.80119681358337e+00  3.91741795465350e-03 -1.10948288440704e+00  0.00000000000000e+00
  5.25680629809515e+04  2.79957938194275e+00  4.50285850092769e-03 -1.07940161228180e+00  0.00000000000000e+00
  5.25717912263321e+04  2.80314993858337e+00  3.89158935286105e-03 -1.06969952583313e+00  0.00000000000000e+00
  5.25755194716573e+04  2.80047750473022e+00  4.57083852961659e-03 -1.00242066383362e+00  0.00000000000000e+00
  5.25792477174966e+04  2.80026054382324e+00  4.28599584847689e-03 -1.02639424800873e+00  0.00000000000000e+00
  5.25837534723345e+04  1.14550471305847e+00  5.00000023748726e-04 -6.99999988079071e-01  0.00000000000000e+00
  5.25841701397489e+04  2.80145502090454e+00  4.81976801529527e-03 -1.01782655715942e+00  0.00000000000000e+00
  5.25878983861064e+04  2.80351209640503e+00  4.28305007517338e-03 -1.05147778987885e+00  0.00000000000000e+00
  5.25916266333611e+04  2.80377411842346e+00  4.50010877102613e-03 -9.64596331119537e-01  0.00000000000000e+00
  5.25953548807548e+04  2.80328512191772e+00  4.03695367276669e-03 -1.03862655162811e+00  0.00000000000000e+00
  5.25990831280567e+04  2.80715990066528e+00  4.18645422905684e-03 -1.06350255012512e+00  0.00000000000000e+00
  5.26028113759826e+04  2.80856013298035e+00  4.01864759624004e-03 -1.05079960823059e+00  0.00000000000000e+00
  5.26065396240590e+04  2.80788350105286e+00  4.02463832870126e-03 -1.02089583873749e+00  0.00000000000000e+00
  5.26102678727603e+04  2.80619788169861e+00  4.45958925411105e-03 -1.03074240684509e+00  0.00000000000000e+00
  5.26139961216850e+04  2.80423331260681e+00  4.50726551935077e-03 -9.88912999629974e-01  0.00000000000000e+00
  5.26177243702362e+04  2.80499219894409e+00  4.15103742852807e-03 -9.87990260124207e-01  0.00000000000000e+00
  5.26214526189282e+04  2.81174325942993e+00  4.21295082196593e-03 -1.03352653980255e+00  0.00000000000000e+00
  5.26251808682280e+04  2.81002044677734e+00  4.31257858872414e-03 -9.86285269260406e-01  0.00000000000000e+00
  5.26289091173854e+04  2.81264495849609e+00  3.95985506474972e-03 -1.05393338203430e+00  0.00000000000000e+00
  5.26326373670115e+04  2.81265282630920e+00  4.44642500951886e-03 -1.00774002075195e+00  0.00000000000000e+00
  5.26363656168773e+04  2.81498670578003e+00  4.17866511270404e-03 -1.00679731369019e+00  0.00000000000000e+00
  5.26400938668259e+04  2.81386780738831e+00  4.56793094053864e-03 -1.01067042350769e+00  0.00000000000000e+00
  5.26438221163124e+04  2.81320166587830e+00  4.66075446456671e-03 -9.59636569023132e-01  0.00000000000000e+00
  5.26475503659920e+04  2.81555509567261e+00  3.91194829717278e-03 -1.09161520004272e+00  0.00000000000000e+00
  5.26512786158798e+04  2.81479358673096e+00  4.10100631415844e-03 -1.01984083652496e+00  0.00000000000000e+00
  5.26550068659445e+04  2.81532216072083e+00  4.39339596778154e-03 -9.70978736877441e-01  0.00000000000000e+00
  5.26587351156539e+04  2.81461501121521e+00  4.22534951940179e-03 -9.76862668991089e-01  0.00000000000000e+00
  5.26624633655925e+04  2.81655168533325e+00  4.29176213219762e-03 -1.04110753536224e+00  0.00000000000000e+00
  5.26661916156413e+04  2.81855916976929e+00  4.37887432053685e-03 -1.01335227489471e+00  0.00000000000000e+00
  5.26699198654307e+04  2.82322549819946e+00  4.81685623526573e-03 -1.01811981201172e+00  0.00000000000000e+00
  5.26736481151680e+04  2.82406616210938e+00  4.72413096576929e-03 -1.01818752288818e+00  0.00000000000000e+00
  5.26773763648982e+04  2.82028150558472e+00  4.28340351209044e-03 -9.49352800846100e-01  0.00000000000000e+00
  5.26811046147626e+04  2.82112240791321e+00  4.19895211234689e-03 -1.05977928638458e+00  0.00000000000000e+00
  5.26848328644617e+04  2.81853246688843e+00  4.45064762607217e-03 -9.73498642444611e-01  0.00000000000000e+00
  5.26885611139423e+04  2.82185029983521e+00  4.06457763165236e-03 -1.13217365741730e+00  0.00000000000000e+00
  5.26922893634259e+04  2.82228422164917e+00  4.04986366629601e-03 -1.06806898117065e+00  0.00000000000000e+00
  5.26960176121805e+04  2.82161498069763e+00  3.57252196408808e-03 -1.12212014198303e+00  0.00000000000000e+00
  5.26997458612754e+04  2.81834864616394e+00  4.50969906523824e-03 -1.06922006607056e+00  0.00000000000000e+00
  5.27034741103102e+04  2.82322502136230e+00  4.40272502601147e-03 -1.03755843639374e+00  0.00000000000000e+00
  5.27105243062604e+04  1.15652155876160e+00  5.00000023748726e-04 -6.99999988079071e-01  0.00000000000000e+00
  5.27109687506251e+04  2.82173252105713e+00  4.91727283224463e-03 -9.27237391471863e-01  0.00000000000000e+00
  5.27146969988937e+04  2.82242488861084e+00  4.47429483756423e-03 -1.04860579967499e+00  0.00000000000000e+00
  5.27184252469372e+04  2.82957339286804e+00  4.23725228756666e-03 -1.06443214416504e+00  0.00000000000000e+00
  5.27221534948681e+04  2.82673263549805e+00  4.71012014895678e-03 -1.01392519474030e+00  0.00000000000000e+00
  5.27258817421399e+04  2.82943606376648e+00  4.35922853648663e-03 -1.02084624767303e+00  0.00000000000000e+00
  5.27296099896597e+04  2.82778239250183e+00  4.21277992427349e-03 -1.07941448688507e+00  0.00000000000000e+00
  5.27333382370183e+04  2.82811236381531e+00  4.05417568981647e-03 -1.10238623619080e+00  0.00000000000000e+00
  5.27370664842964e+04  2.82893919944763e+00  4.40622959285975e-03 -1.01273512840271e+00  0.00000000000000e+00
  5.27407947308785e+04  2.83283472061157e+00  4.21097502112389e-03 -9.87398266792297e-01  0.00000000000000e+00
  5.27445229778971e+04  2.83082008361816e+00  3.84459481574595e-03 -1.11047446727753e+00  0.00000000000000e+00
  5.27482512241632e+04  2.83150863647461e+00  4.54549537971616e-03 -9.68796610832214e-01  0.00000000000000e+00
  5.27519794701100e+04  2.82880353927612e+00  4.76720929145813e-03 -9.58230912685394e-01  0.00000000000000e+00
  5.27557077160625e+04  2.83261442184448e+00  4.20537497848272e-03 -1.02719509601593e+00  0.00000000000000e+00
  5.27594359619791e+04  2.83151149749756e+00  4.69591375440359e-03 -9.71309721469879e-01  0.00000000000000e+00
  5.27631642074339e+04  2.83266067504883e+00  3.98606481030583e-03 -1.06258940696716e+00  0.00000000000000e+00
  5.27668924532698e+04  2.83733320236206e+00  3.94121976569295e-03 -1.06538617610931e+00  0.00000000000000e+00
  5.27706206984282e+04  2.83431482315063e+00  4.12316666916013e-03 -1.04134714603424e+00  0.00000000000000e+00
  5.27743489435764e+04  2.83480739593506e+00  4.31948481127620e-03 -1.04910969734192e+00  0.00000000000000e+00
  5.27780771884849e+04  2.84118723869324e+00  4.46397345513105e-03 -1.00966215133667e+00  0.00000000000000e+00
  5.27842805563626e+04  1.16602623462677e+00  5.00000023748726e-04 -6.99999988079071e-01  0.00000000000000e+00
  5.27844027786088e+04  2.83992195129395e+00  4.29484946653247e-03 -1.02181541919708e+00  0.00000000000000e+00
  5.27881310232478e+04  2.84116435050964e+00  4.05306043103337e-03 -1.07468760013580e+00  0.00000000000000e+00
  5.27918592680822e+04  2.83920049667358e+00  4.41772397607565e-03 -9.57011520862579e-01  0.00000000000000e+00
  5.27955875126842e+04  2.84021139144897e+00  4.42774035036564e-03 -9.50455486774445e-01  0.00000000000000e+00
  5.27993157572732e+04  2.84091210365295e+00  3.90917435288429e-03 -1.02189016342163e+00  0.00000000000000e+00
  5.28030440014165e+04  2.84005236625671e+00  4.12812875583768e-03 -1.06797254085541e+00  0.00000000000000e+00
  5.28067722459874e+04  2.84113240242004e+00  4.42480947822332e-03 -1.04390776157379e+00  0.00000000000000e+00
  5.28105004902533e+04  2.83897995948792e+00  4.63989796116948e-03 -1.05276870727539e+00  0.00000000000000e+00
  5.28142287348231e+04  2.84190058708191e+00  4.44704527035356e-03 -1.00449538230896e+00  0.00000000000000e+00
  5.28179569794535e+04  2.84261727333069e+00  4.39980300143361e-03 -1.00184023380280e+00  0.00000000000000e+00
  5.28216852238264e+04  2.84705877304077e+00  4.10722987726331e-03 -1.06139600276947e+00  0.00000000000000e+00
  5.28254134681968e+04  2.84505081176758e+00  4.11705067381263e-03 -1.04998064041138e+00  0.00000000000000e+00
  5.28291417126077e+04  2.84229111671448e+00  3.78855667077005e-03 -1.10837233066559e+00  0.00000000000000e+00
  5.28328699572778e+04  2.84729003906250e+00  4.24157967790961e-03 -1.02675974369049e+00  0.00000000000000e+00
  5.28365982017326e+04  2.84586739540100e+00  3.93681600689888e-03 -9.88247394561768e-01  0.00000000000000e+00
  5.28403264464155e+04  2.85027265548706e+00  3.84810473769903e-03 -1.04622828960419e+00  0.00000000000000e+00
  5.28440546913483e+04  2.84763979911804e+00  4.46183001622558e-03 -1.06255030632019e+00  0.00000000000000e+00
  5.28477829362940e+04  2.84907054901123e+00  4.26224479451776e-03 -1.03335940837860e+00  0.00000000000000e+00
  5.28515111814664e+04  2.84599518775940e+00  4.65000839903951e-03 -9.51107084751129e-01  0.00000000000000e+00
  5.28552394266678e+04  2.84859895706177e+00  4.24092542380095e-03 -1.05437064170837e+00  0.00000000000000e+00
  5.28616458338831e+04  1.16811156272888e+00  5.00000023748726e-04 -6.99999988079071e-01  0.00000000000000e+00
  5.28640500002661e+04  2.84835720062256e+00  4.43486822769046e-03 -9.87548708915710e-01  0.00000000000000e+00
  5.28677782463252e+04  2.85366678237915e+00  4.52892482280731e-03 -9.73205029964447e-01  0.00000000000000e+00
  5.28715064921828e+04  2.85357379913330e+00  4.10125358030200e-03 -9.91842985153198e-01  0.00000000000000e+00
  5.28752347380728e+04  2.85239195823669e+00  4.98040299862623e-03 -9.75037217140198e-01  0.00000000000000e+00
  5.28789629845798e+04  2.85249948501587e+00  5.13118691742420e-03 -9.96348679065704e-01  0.00000000000000e+00
  5.28826912314675e+04  2.85384893417358e+00  3.86407854966819e-03 -1.09202027320862e+00  0.00000000000000e+00
  5.28864194783946e+04  2.85544776916504e+00  5.06207579746842e-03 -9.69711124897003e-01  0.00000000000000e+00
  5.28901477258496e+04  2.85629630088806e+00  4.40163630992174e-03 -1.08063662052155e+00  0.00000000000000e+00
  5.28938759731133e+04  2.85915327072144e+00  3.97545518353581e-03 -1.02284669876099e+00  0.00000000000000e+00
  5.28976042206586e+04  2.85410618782043e+00  4.63016191497445e-03 -1.01007437705994e+00  0.00000000000000e+00
  5.29013324691480e+04  2.85390615463257e+00  4.45925351232290e-03 -1.03447759151459e+00  0.00000000000000e+00
  5.29050607172223e+04  2.85179734230042e+00  4.54417709261179e-03 -1.00157809257507e+00  0.00000000000000e+00
  5.29087889662813e+04  2.85514783859253e+00  4.20820061117411e-03 -1.00668966770172e+00  0.00000000000000e+00
  5.29125172149849e+04  2.85943794250488e+00  3.96675057709217e-03 -1.07378399372101e+00  0.00000000000000e+00
  5.29162454641355e+04  2.85713005065918e+00  4.49105398729444e-03 -1.01109933853149e+00  0.00000000000000e+00
  5.29199737135832e+04  2.86013174057007e+00  4.03091171756387e-03 -1.02625596523285e+00  0.00000000000000e+00
  5.29237019635197e+04  2.85744714736938e+00  3.85995418764651e-03 -1.05415332317352e+00  0.00000000000000e+00
  5.29274302138241e+04  2.85907649993896e+00  3.83861456066370e-03 -9.96252357959747e-01  0.00000000000000e+00
  5.29311584640753e+04  2.86156010627747e+00  3.88972763903439e-03 -1.05821025371552e+00  0.00000000000000e+00
  5.29348867147976e+04  2.86174154281616e+00  4.61026979610324e-03 -1.01767349243164e+00  0.00000000000000e+00
  5.29409479171836e+04  1.17102050781250e+00  5.00000023748726e-04 -6.99999988079071e-01  0.00000000000000e+00
  5.29411805560647e+04  2.86335659027100e+00  4.30100085213780e-03 -1.03413951396942e+00  0.00000000000000e+00
  5.29449088066563e+04  2.86260366439819e+00  4.32062149047852e-03 -9.15127694606781e-01  0.00000000000000e+00
  5.29486370585787e+04  2.86469483375549e+00  4.39576664939523e-03 -1.03254842758179e+00  0.00000000000000e+00
  5.29555659730705e+04  1.16990554332733e+00  5.00000023748726e-04 -6.99999988079071e-01  0.00000000000000e+00
  5.29560000001954e+04  2.86191058158875e+00  3.75914899632335e-03 -1.05845236778259e+00  0.00000000000000e+00
  5.29597282524491e+04  2.86615085601807e+00  4.38522687181830e-03 -1.03353750705719e+00  0.00000000000000e+00
  5.29634565048934e+04  2.86702489852905e+00  3.87519388459623e-03 -1.05588078498840e+00  0.00000000000000e+00
  5.29671847584781e+04  2.86603164672852e+00  4.64030122384429e-03 -9.89142596721649e-01  0.00000000000000e+00
  5.29709130114583e+04  2.86662793159485e+00  4.77351574227214e-03 -1.00382030010223e+00  0.00000000000000e+00
  5.29746412646610e+04  2.86805510520935e+00  4.21009166166186e-03 -1.04321503639221e+00  0.00000000000000e+00
  5.29783695185116e+04  2.86688303947449e+00  4.15595574304461e-03 -9.71536874771118e-01  0.00000000000000e+00
  5.29820977723612e+04  2.86878108978271e+00  3.83244361728430e-03 -1.04095625877380e+00  0.00000000000000e+00
  5.29858260261875e+04  2.86827325820923e+00  4.31307032704353e-03 -9.83221411705017e-01  0.00000000000000e+00
  5.29895542800278e+04  2.87189912796021e+00  4.15968941524625e-03 -1.07310116291046e+00  0.00000000000000e+00
  5.29932825340949e+04  2.86925649642944e+00  3.52574861608446e-03 -1.07831192016602e+00  0.00000000000000e+00
  5.29970107881642e+04  2.86882424354553e+00  4.52103838324547e-03 -9.78084325790405e-01  0.00000000000000e+00
  5.30007390422385e+04  2.86953139305115e+00  4.22876607626677e-03 -9.84365820884705e-01  0.00000000000000e+00
  5.30044672972860e+04  2.87102866172791e+00  3.74730676412582e-03 -1.04272139072418e+00  0.00000000000000e+00
  5.30081955519584e+04  2.87155485153198e+00  4.05936827883124e-03 -1.03572487831116e+00  0.00000000000000e+00
  5.30119238060950e+04  2.87465572357178e+00  4.02686325833201e-03 -1.03155052661896e+00  0.00000000000000e+00
  5.30156520601888e+04  2.87430334091187e+00  4.13096649572253e-03 -1.04060566425323e+00  0.00000000000000e+00
  5.30193803158125e+04  2.87693238258362e+00  4.11327090114355e-03 -1.05793058872223e+00  0.00000000000000e+00
  5.30231085701992e+04  2.87863111495972e+00  4.24627494066954e-03 -1.08348643779755e+00  0.00000000000000e+00
  5.30268368250626e+04  2.87917804718018e+00  3.76493087969720e-03 -1.09195017814636e+00  0.00000000000000e+00
  5.30305650798239e+04  2.87816333770752e+00  3.95721476525068e-03 -1.06498396396637e+00  0.00000000000000e+00
  5.30342933339490e+04  2.87940239906311e+00  4.70090424641967e-03 -9.91999208927155e-01  0.00000000000000e+00
  5.30380215883969e+04  2.88166689872742e+00  3.83283593691885e-03 -1.06604385375977e+00  0.00000000000000e+00
  5.30417498428670e+04  2.88079857826233e+00  4.04001399874687e-03 -1.01117086410522e+00  0.00000000000000e+00
  5.30454780969527e+04  2.87566852569580e+00  3.43742012046278e-03 -1.03525030612946e+00  0.00000000000000e+00
  5.30492063511874e+04  2.88450741767883e+00  4.72103198990226e-03 -1.03625845909119e+00  0.00000000000000e+00
  5.30529346052096e+04  2.88134932518005e+00  4.59099560976028e-03 -1.03698444366455e+00  0.00000000000000e+00
  5.30566628592582e+04  2.88454389572144e+00  4.03730105608702e-03 -1.06828212738037e+00  0.00000000000000e+00
  5.30603911132177e+04  2.88258719444275e+00  3.72671009972692e-03 -1.19186627864838e+00  0.00000000000000e+00
  5.30641193666887e+04  2.87951302528381e+00  4.24476806074381e-03 -1.08537542819977e+00  0.00000000000000e+00
  5.30678476201424e+04  2.88476848602295e+00  4.72631957381964e-03 -9.61924493312836e-01  0.00000000000000e+00
  5.30735833336862e+04  1.18116915225983e+00  5.00000023748726e-04 -6.99999988079071e-01  0.00000000000000e+00
  5.30740416674825e+04  2.87526369094849e+00  4.47437865659595e-03 -9.79984343051910e-01  0.00000000000000e+00
  5.30777699204342e+04  2.87830352783203e+00  4.04486665502191e-03 -1.03111672401428e+00  0.00000000000000e+00
  5.30814981732038e+04  2.88149285316467e+00  3.74214584007859e-03 -1.02121710777283e+00  0.00000000000000e+00
  5.30852264257881e+04  2.88254642486572e+00  3.76703264191747e-03 -9.84187364578247e-01  0.00000000000000e+00
  5.30889546781944e+04  2.88380432128906e+00  4.84947953373194e-03 -1.00127339363098e+00  0.00000000000000e+00
  5.30926829303149e+04  2.88555312156677e+00  3.94404958933592e-03 -1.02954995632172e+00  0.00000000000000e+00
  5.30964111821632e+04  2.88169527053833e+00  4.90790558978915e-03 -9.66720879077911e-01  0.00000000000000e+00
  5.31001394339606e+04  2.88468313217163e+00  4.14912402629852e-03 -1.00541186332703e+00  0.00000000000000e+00
  5.31038676855476e+04  2.88300967216492e+00  4.19944617897272e-03 -1.01566791534424e+00  0.00000000000000e+00
  5.31075959368911e+04  2.88762974739075e+00  4.98237134888768e-03 -9.89018261432648e-01  0.00000000000000e+00
  5.31113241879792e+04  2.88764214515686e+00  4.17124480009079e-03 -1.04852950572968e+00  0.00000000000000e+00
  5.31150524390521e+04  2.88754272460938e+00  4.15056012570858e-03 -9.64868605136871e-01  0.00000000000000e+00
  5.31187806896215e+04  2.88736557960510e+00  4.32891119271517e-03 -9.91800546646118e-01  0.00000000000000e+00
  5.31225089401666e+04  2.88422560691833e+00  4.74338559433818e-03 -9.85179722309113e-01  0.00000000000000e+00
  5.31262371905185e+04  2.88923454284668e+00  4.30219387635589e-03 -1.02448451519012e+00  0.00000000000000e+00
  5.31299654406287e+04  2.88760471343994e+00  4.20970050618052e-03 -9.97571527957916e-01  0.00000000000000e+00
  5.31336936906748e+04  2.88960123062134e+00  4.53604897484183e-03 -9.52750563621521e-01  0.00000000000000e+00
  5.31374219404953e+04  2.89303350448608e+00  4.01825038716197e-03 -1.01733267307281e+00  0.00000000000000e+00
  5.31411501902940e+04  2.88997554779053e+00  4.10684663802385e-03 -1.01348352432251e+00  0.00000000000000e+00
  5.31448784398067e+04  2.89274835586548e+00  4.07456979155540e-03 -1.05848813056946e+00  0.00000000000000e+00
  5.31486066891490e+04  2.89271163940430e+00  4.04769415035844e-03 -1.02194392681122e+00  0.00000000000000e+00
  5.31523349383370e+04  2.89366078376770e+00  4.01391414925456e-03 -1.00702905654907e+00  0.00000000000000e+00
  5.31560631873703e+04  2.89201235771179e+00  4.18311124667525e-03 -1.01924490928650e+00  0.00000000000000e+00
  5.31597914366550e+04  2.89479422569275e+00  3.95834911614656e-03 -1.04193198680878e+00  0.00000000000000e+00
  5.31635196856539e+04  2.89487051963806e+00  4.35626320540905e-03 -1.01407551765442e+00  0.00000000000000e+00
  5.31672479344388e+04  2.89681029319763e+00  4.07683430239558e-03 -1.09555780887604e+00  0.00000000000000e+00
  5.31709761834558e+04  2.89869236946106e+00  4.24197409301996e-03 -9.93763267993927e-01  0.00000000000000e+00
  5.31747044321760e+04  2.89688563346863e+00  4.41987300291657e-03 -9.45501506328583e-01  0.00000000000000e+00
  5.31784326807640e+04  2.89835095405579e+00  4.23845276236534e-03 -1.03151297569275e+00  0.00000000000000e+00
  5.31821609295498e+04  2.89729189872742e+00  3.88074875809252e-03 -1.03166460990906e+00  0.00000000000000e+00
  5.31858891783391e+04  2.89895558357239e+00  4.28910646587610e-03 -1.00413668155670e+00  0.00000000000000e+00
  5.31896174271562e+04  2.89969396591187e+00  4.00470942258835e-03 -1.01905894279480e+00  0.00000000000000e+00
  5.31933456757698e+04  2.89604902267456e+00  4.06636390835047e-03 -1.02862858772278e+00  0.00000000000000e+00
  5.31970739246239e+04  2.89677810668945e+00  4.31348429992795e-03 -9.91335272789001e-01  0.00000000000000e+00
  5.32008021734918e+04  2.89531040191650e+00  4.35166014358401e-03 -1.01989698410034e+00  0.00000000000000e+00
  5.32045304223505e+04  2.89655423164368e+00  3.70142399333417e-03 -1.07306587696075e+00  0.00000000000000e+00
  5.32082586714005e+04  2.89937710762024e+00  4.12510707974434e-03 -9.94934856891632e-01  0.00000000000000e+00
  5.32119869204560e+04  2.89859151840210e+00  4.46226913481951e-03 -9.27627325057983e-01  0.00000000000000e+00
  5.32157151695902e+04  2.90146279335022e+00  4.47517866268754e-03 -1.02549278736115e+00  0.00000000000000e+00
  5.32194434188716e+04  2.90440297126770e+00  3.88845894485712e-03 -1.01962482929230e+00  0.00000000000000e+00
  5.32231716684723e+04  2.90518474578857e+00  3.92927415668964e-03 -1.02237105369568e+00  0.00000000000000e+00
  5.32286736116699e+04  1.18911123275757e+00  5.00000023748726e-04 -6.99999988079071e-01  0.00000000000000e+00
  5.32291250003379e+04  2.90603470802307e+00  4.02461504563689e-03 -1.08441710472107e+00  0.00000000000000e+00
  5.32328532502396e+04  2.90522313117981e+00  4.85006300732493e-03 -9.95418071746826e-01  0.00000000000000e+00
  5.32365815001758e+04  2.90738177299500e+00  4.15514502674341e-03 -1.07668924331665e+00  0.00000000000000e+00
  5.32403097506088e+04  2.90368938446045e+00  4.09917719662189e-03 -9.93058741092682e-01  0.00000000000000e+00
  5.32440380010682e+04  2.90482163429260e+00  3.77722387202084e-03 -1.05964338779449e+00  0.00000000000000e+00
  5.32477662517027e+04  2.90462827682495e+00  4.38156723976135e-03 -9.89161372184753e-01  0.00000000000000e+00
  5.32514945024617e+04  2.90273237228394e+00  4.67688031494617e-03 -9.61670577526093e-01  0.00000000000000e+00
  5.32552227537235e+04  2.90487170219421e+00  4.09778207540512e-03 -1.00103771686554e+00  0.00000000000000e+00
  5.32589510054641e+04  2.90266156196594e+00  4.56693349406123e-03 -1.01558172702789e+00  0.00000000000000e+00
  5.32626792569897e+04  2.90406847000122e+00  4.23221988603473e-03 -9.56063628196716e-01  0.00000000000000e+00
  5.32664075090480e+04  2.90605163574219e+00  4.87980199977756e-03 -9.80045557022095e-01  0.00000000000000e+00
  5.32701357613761e+04  2.91027450561523e+00  4.45628492161632e-03 -1.02508330345154e+00  0.00000000000000e+00
  5.32738640139167e+04  2.91013813018799e+00  4.49412316083908e-03 -1.00682914257050e+00  0.00000000000000e+00
  5.32775922665150e+04  2.90984916687012e+00  4.48898831382394e-03 -9.75495755672455e-01  0.00000000000000e+00
  5.32813205195242e+04  2.91408085823059e+00  4.25827084109187e-03 -1.01919794082642e+00  0.00000000000000e+00
  5.32850487732105e+04  2.90943408012390e+00  4.11120709031820e-03 -1.02372562885284e+00  0.00000000000000e+00
  5.32887770266712e+04  2.91307067871094e+00  4.03143884614110e-03 -1.08451509475708e+00  0.00000000000000e+00
  5.32925052804318e+04  2.91079449653625e+00  4.20497171580791e-03 -9.82393562793732e-01  0.00000000000000e+00
  5.32962335345718e+04  2.91302847862244e+00  4.18151449412107e-03 -1.04595792293549e+00  0.00000000000000e+00
  5.32999617889364e+04  2.91214346885681e+00  3.73295275494456e-03 -1.07853281497955e+00  0.00000000000000e+00
  5.33036900434559e+04  2.91318392753601e+00  3.71124804951251e-03 -1.03833031654358e+00  0.00000000000000e+00
  5.33074182985150e+04  2.91267466545105e+00  4.24132496118546e-03 -1.01588261127472e+00  0.00000000000000e+00
  5.33111465534446e+04  2.91181802749634e+00  4.47209365665913e-03 -1.00121903419495e+00  0.00000000000000e+00
  5.33148748087452e+04  2.91349673271179e+00  3.93629400059581e-03 -1.04999864101410e+00  0.00000000000000e+00
  5.33186030641238e+04  2.91658353805542e+00  3.98458959534764e-03 -1.05432963371277e+00  0.00000000000000e+00
  5.33223313200497e+04  2.91485428810120e+00  3.88618977740407e-03 -1.01722025871277e+00  0.00000000000000e+00
  5.33260595760338e+04  2.91475343704224e+00  3.90014355070889e-03 -1.03104245662689e+00  0.00000000000000e+00
  5.33297878323425e+04  2.91459751129150e+00  3.97450663149357e-03 -1.05822992324829e+00  0.00000000000000e+00
  5.33335160885869e+04  2.91798043251038e+00  4.18664189055562e-03 -1.01133120059967e+00  0.00000000000000e+00
  5.33372443450126e+04  2.91474652290344e+00  4.03018947690725e-03 -1.00871825218201e+00  0.00000000000000e+00
  5.33409726018645e+04  2.91154098510742e+00  4.11322247236967e-03 -1.00462079048157e+00  0.00000000000000e+00
  5.33447008610602e+04  2.91328310966492e+00  4.54701017588377e-03 -9.43980693817139e-01  0.00000000000000e+00
  5.33484291157964e+04  2.91635084152222e+00  4.11334726959467e-03 -1.02655339241028e+00  0.00000000000000e+00
  5.33537361112801e+04  1.19499456882477e+00  5.00000023748726e-04 -6.99999988079071e-01  0.00000000000000e+00
  5.33541875008611e+04  2.91874265670776e+00  4.15371591225266e-03 -1.05006372928619e+00  0.00000000000000e+00
  5.33579157581066e+04  2.92249321937561e+00  3.63059365190566e-03 -1.09968698024750e+00  0.00000000000000e+00
  5.33616440155917e+04  2.91587638854980e+00  4.47004847228527e-03 -9.70432221889496e-01  0.00000000000000e+00
  5.33653722730522e+04  2.91702103614807e+00  3.80547833628953e-03 -1.03929221630096e+00  0.00000000000000e+00
  5.33691005307383e+04  2.91956663131714e+00  4.19354578480124e-03 -1.04180562496185e+00  0.00000000000000e+00
  5.33728287884026e+04  2.91996526718140e+00  4.32319007813931e-03 -1.04520583152771e+00  0.00000000000000e+00
  5.33765570458911e+04  2.91730833053589e+00  3.78421740606427e-03 -1.03065991401672e+00  0.00000000000000e+00
  5.33802853036271e+04  2.91731953620911e+00  3.88087402097881e-03 -9.51241195201874e-01  0.00000000000000e+00
  5.33840135613936e+04  2.91910409927368e+00  4.01323568075895e-03 -1.05487167835236e+00  0.00000000000000e+00
  5.33902500004677e+04  1.19628155231476e+00  5.00000023748726e-04 -6.99999988079071e-01  0.00000000000000e+00
  5.33918333339862e+04  2.91463661193848e+00  4.17470838874578e-03 -9.86770689487457e-01  0.00000000000000e+00
  5.33955615912790e+04  2.91676497459412e+00  4.65498724952340e-03 -9.61113274097443e-01  0.00000000000000e+00
  5.33992898490624e+04  2.92193269729614e+00  4.27090562880039e-03 -1.06357908248901e+00  0.00000000000000e+00
  5.34030181064073e+04  2.91914105415344e+00  4.47722384706140e-03 -9.73129391670227e-01  0.00000000000000e+00
  5.34067463639779e+04  2.92115259170532e+00  3.90954595059156e-03 -1.03554463386536e+00  0.00000000000000e+00
  5.34104746212986e+04  2.92088150978088e+00  3.92571138218045e-03 -1.00574719905853e+00  0.00000000000000e+00
  5.34142028783496e+04  2.91957044601440e+00  4.22588083893061e-03 -1.00847411155701e+00  0.00000000000000e+00
  5.34188750008530e+04  1.19915556907654e+00  5.00000023748726e-04 -6.99999988079071e-01  0.00000000000000e+00
  5.34230000006620e+04  2.92630457878113e+00  4.36429586261511e-03 -1.03235018253326e+00  0.00000000000000e+00
  5.34267282574816e+04  2.92952275276184e+00  4.25241421908140e-03 -1.05859851837158e+00  0.00000000000000e+00
  5.34304565139700e+04  2.92428040504456e+00  4.23167878761888e-03 -9.98932361602783e-01  0.00000000000000e+00
  5.34341847701841e+04  2.92654323577881e+00  3.84028744883835e-03 -1.02686250209808e+00  0.00000000000000e+00
  5.34379130270432e+04  2.92468357086182e+00  4.30119736120105e-03 -1.04015111923218e+00  0.00000000000000e+00
  5.34416412829663e+04  2.92743158340454e+00  4.12217387929559e-03 -9.97844755649567e-01  0.00000000000000e+00
  5.34453695389238e+04  2.92891621589661e+00  4.40344773232937e-03 -9.57370042800903e-01  0.00000000000000e+00
  5.34490977949098e+04  2.92360496520996e+00  4.52714739367366e-03 -9.62128520011902e-01  0.00000000000000e+00
  5.34528260504605e+04  2.92900228500366e+00  3.91340442001820e-03 -1.00180649757385e+00  0.00000000000000e+00
  5.34565543060394e+04  2.92862939834595e+00  4.50030434876680e-03 -1.01067841053009e+00  0.00000000000000e+00
  5.34602825612835e+04  2.93193435668945e+00  4.54863486811519e-03 -1.01405620574951e+00  0.00000000000000e+00
  5.34644375008820e+04  1.20053040981293e+00  5.00000023748726e-04 -6.99999988079071e-01  0.00000000000000e+00
  5.34648958333970e+04  2.92534899711609e+00  4.03582723811269e-03 -1.09764254093170e+00  0.00000000000000e+00
  5.34686240880811e+04  2.93078017234802e+00  4.30042622610927e-03 -9.68585610389709e-01  0.00000000000000e+00
  5.34723523427363e+04  2.93302726745605e+00  4.72868839278817e-03 -9.44423437118530e-01  0.00000000000000e+00
  5.34760805971214e+04  2.93309617042542e+00  4.58724377676845e-03 -9.78344380855560e-01  0.00000000000000e+00
  5.34798088513104e+04  2.93148541450500e+00  3.78772499971092e-03 -1.03514540195465e+00  0.00000000000000e+00
  5.34835371053010e+04  2.92791247367859e+00  3.78346513025463e-03 -1.02911925315857e+00  0.00000000000000e+00
  5.34872653592082e+04  2.93278884887695e+00  4.20543830841780e-03 -1.02553367614746e+00  0.00000000000000e+00
  5.34909936126818e+04  2.92928028106689e+00  4.32883528992534e-03 -9.75515961647034e-01  0.00000000000000e+00
  5.34947218659167e+04  2.92928504943848e+00  3.67378350347281e-03 -9.80702638626099e-01  0.00000000000000e+00
  5.34984501191377e+04  2.93272733688354e+00  4.40887501463294e-03 -1.03622269630432e+00  0.00000000000000e+00
  5.35021783721261e+04  2.92941355705261e+00  3.69523721747100e-03 -9.80826020240784e-01  0.00000000000000e+00
  5.35059066253402e+04  2.92983150482178e+00  4.42939996719360e-03 -9.76609230041504e-01  0.00000000000000e+00
  5.35096348783276e+04  2.93346047401428e+00  3.78604908473790e-03 -1.07586956024170e+00  0.00000000000000e+00
  5.35133631308783e+04  2.92947244644165e+00  3.76033433713019e-03 -1.02976584434509e+00  0.00000000000000e+00
  5.35170913834049e+04  2.93751978874207e+00  3.68903344497085e-03 -1.04135334491730e+00  0.00000000000000e+00
  5.35208196359110e+04  2.93294739723206e+00  4.56306152045727e-03 -9.47423994541168e-01  0.00000000000000e+00
  5.35256479170070e+04  1.19898629188538e+00  5.00000023748726e-04 -6.99999988079071e-01  0.00000000000000e+00
  5.35257479173611e+04  2.93443012237549e+00  4.37388941645622e-03 -1.00664651393890e+00  0.00000000000000e+00
  5.35294761694901e+04  2.93738412857056e+00  4.19273646548390e-03 -1.07601213455200e+00  0.00000000000000e+00
  5.35332044216494e+04  2.93806934356689e+00  3.95079981535673e-03 -9.84862089157104e-01  0.00000000000000e+00
  5.35369326736619e+04  2.93691444396973e+00  3.78529517911375e-03 -1.00083017349243e+00  0.00000000000000e+00
  5.35406609259143e+04  2.93982625007629e+00  3.81746422499418e-03 -1.03211617469788e+00  0.00000000000000e+00
  5.35443891779444e+04  2.93593811988831e+00  4.16971510276198e-03 -9.64042603969574e-01  0.00000000000000e+00
  5.35481174301690e+04  2.93713498115540e+00  4.11058170720935e-03 -9.45006847381592e-01  0.00000000000000e+00
  5.35518456822118e+04  2.93974828720093e+00  4.23108413815498e-03 -9.72732543945312e-01  0.00000000000000e+00
  5.35555739342672e+04  2.93713903427124e+00  3.96235939115286e-03 -1.04954683780670e+00  0.00000000000000e+00
  5.35593021863888e+04  2.93948602676392e+00  4.46554273366928e-03 -1.03358840942383e+00  0.00000000000000e+00
  5.35630304384307e+04  2.94103670120239e+00  4.44624479860067e-03 -1.02307236194611e+00  0.00000000000000e+00
  5.35667586907119e+04  2.93820619583130e+00  3.86607740074396e-03 -1.02482771873474e+00  0.00000000000000e+00
  5.35704869427698e+04  2.94330000877380e+00  3.78100643865764e-03 -1.04778683185577e+00  0.00000000000000e+00
  5.35742151950416e+04  2.94293379783630e+00  3.91122559085488e-03 -1.05738723278046e+00  0.00000000000000e+00
  5.35785694449122e+04  1.07292070388794e+01  5.00000023748726e-04 -6.99999988079071e-01  0.00000000000000e+00
  5.35790277779273e+04  2.93953800201416e+00  4.06934460625052e-03 -1.02190089225769e+00  0.00000000000000e+00
  5.35827560304305e+04  2.93947601318359e+00  4.66599129140377e-03 -9.70348298549652e-01  0.00000000000000e+00
  5.35864842830346e+04  2.94090414047241e+00  4.15196036919951e-03 -1.04278731346130e+00  0.00000000000000e+00
  5.35902125356563e+04  2.94479036331177e+00  4.49253572151065e-03 -9.63912904262543e-01  0.00000000000000e+00
  5.35939407887487e+04  2.94631099700928e+00  4.36427351087332e-03 -1.00040805339813e+00  0.00000000000000e+00
  5.35976690418464e+04  2.94224452972412e+00  4.78400569409132e-03 -9.48405146598816e-01  0.00000000000000e+00
  5.36013972947222e+04  2.93844628334045e+00  4.44293394684792e-03 -1.06554746627808e+00  0.00000000000000e+00
  5.36051255485359e+04  2.94048166275024e+00  4.56262053921819e-03 -9.36009824275970e-01  0.00000000000000e+00
  5.36088538018994e+04  2.94221925735474e+00  4.33199387043715e-03 -1.00814580917358e+00  0.00000000000000e+00
  5.36125820562151e+04  2.94100832939148e+00  4.89355064928532e-03 -9.38796639442444e-01  0.00000000000000e+00
  5.36163103101563e+04  2.94703698158264e+00  3.63523024134338e-03 -1.15918612480164e+00  0.00000000000000e+00
  5.36200385643310e+04  2.94638347625732e+00  3.99381015449762e-03 -1.05466365814209e+00  0.00000000000000e+00
  5.36237668185161e+04  2.94524312019348e+00  4.23543015494943e-03 -1.00111973285675e+00  0.00000000000000e+00
  5.36274950736434e+04  2.94408392906189e+00  4.07964549958706e-03 -1.01072633266449e+00  0.00000000000000e+00
  5.36312233285592e+04  2.94707489013672e+00  4.35259519144893e-03 -9.56833660602570e-01  0.00000000000000e+00
  5.36349515839292e+04  2.94899296760559e+00  4.44626063108444e-03 -9.90752160549164e-01  0.00000000000000e+00
  5.36386798397858e+04  2.95047903060913e+00  3.44481179490685e-03 -1.10017967224121e+00  0.00000000000000e+00
  5.36424080952454e+04  2.94881248474121e+00  4.46887826547027e-03 -9.94350910186768e-01  0.00000000000000e+00
  5.36461363512015e+04  2.94408702850342e+00  4.53772535547614e-03 -1.05266439914703e+00  0.00000000000000e+00
  5.36498646074697e+04  2.94757151603699e+00  4.19289851561189e-03 -1.02097642421722e+00  0.00000000000000e+00
  5.36535928637174e+04  2.95151805877686e+00  4.03172522783279e-03 -1.13474524021149e+00  0.00000000000000e+00
  5.36573211204214e+04  2.94768810272217e+00  4.29301103577018e-03 -1.02828812599182e+00  0.00000000000000e+00
  5.36610493773321e+04  2.94804000854492e+00  4.50237700715661e-03 -9.20895755290985e-01  0.00000000000000e+00
  5.36647776344584e+04  2.95005559921265e+00  4.80377348139882e-03 -9.40809071063995e-01  0.00000000000000e+00
  5.36685058919872e+04  2.95001626014709e+00  4.12109633907676e-03 -1.02588510513306e+00  0.00000000000000e+00
  5.36722341494851e+04  2.94931888580322e+00  4.24407329410315e-03 -1.01866042613983e+00  0.00000000000000e+00
  5.36759624069502e+04  2.94939374923706e+00  4.88864863291383e-03 -9.63107705116272e-01  0.00000000000000e+00
  5.36796906652557e+04  2.95349049568176e+00  4.16611181572080e-03 -1.05422222614288e+00  0.00000000000000e+00
  5.36843854171435e+04  1.03820791244507e+01  5.00000023748726e-04 -6.99999988079071e-01  0.00000000000000e+00
  5.36848750005071e+04  2.94868040084839e+00  4.44748159497976e-03 -1.01614570617676e+00  0.00000000000000e+00
  5.36886032588379e+04  2.95401215553284e+00  4.14097262546420e-03 -1.04504334926605e+00  0.00000000000000e+00
  5.36923315172464e+04  2.95455956459045e+00  4.07947693020105e-03 -1.01920652389526e+00  0.00000000000000e+00
  5.36960597758461e+04  2.95286822319031e+00  4.03477484360337e-03 -9.92959976196289e-01  0.00000000000000e+00
  5.36997880347244e+04  2.95404863357544e+00  4.18277550488710e-03 -1.05159926414490e+00  0.00000000000000e+00
  5.37035162938900e+04  2.95788955688477e+00  4.05976641923189e-03 -1.06823980808258e+00  0.00000000000000e+00
  5.37072445525219e+04  2.95549631118774e+00  3.85317206382751e-03 -1.04346072673798e+00  0.00000000000000e+00
  5.37109728122534e+04  2.95731759071350e+00  4.31488407775760e-03 -1.00599634647369e+00  0.00000000000000e+00
  5.37147010712177e+04  2.95581269264221e+00  4.37761005014181e-03 -9.63162422180176e-01  0.00000000000000e+00
  5.37184293307013e+04  2.95746564865112e+00  4.16009454056621e-03 -1.06065678596497e+00  0.00000000000000e+00
  5.37221575901448e+04  2.95809793472290e+00  4.34351479634643e-03 -1.06909966468811e+00  0.00000000000000e+00
  5.37258858493333e+04  2.95837187767029e+00  4.12009004503489e-03 -1.01483774185181e+00  0.00000000000000e+00
  5.37296141086726e+04  2.96170663833618e+00  3.25450487434864e-03 -1.12334978580475e+00  0.00000000000000e+00
  5.37333423680729e+04  2.95699739456177e+00  3.70078952983022e-03 -1.03485703468323e+00  0.00000000000000e+00
  5.37370706163126e+04  2.95972895622253e+00  4.30547585710883e-03 -9.91827964782715e-01  0.00000000000000e+00
  5.37407988758809e+04  2.95702600479126e+00  4.06863167881966e-03 -1.01021349430084e+00  0.00000000000000e+00
  5.37445271354964e+04  2.95930099487305e+00  3.91962099820375e-03 -1.03631818294525e+00  0.00000000000000e+00
  5.37482553951342e+04  2.96030616760254e+00  3.83603968657553e-03 -1.06080222129822e+00  0.00000000000000e+00
  5.37519836547929e+04  2.95844054222107e+00  4.48568817228079e-03 -9.83886539936066e-01  0.00000000000000e+00
  5.37557119144665e+04  2.96066665649414e+00  4.32925065979362e-03 -1.00135886669159e+00  0.00000000000000e+00
  5.37594401741712e+04  2.96219801902771e+00  5.01270638778806e-03 -1.01404058933258e+00  0.00000000000000e+00
  5.37631684335728e+04  2.95612001419067e+00  4.38104616478086e-03 -1.03421950340271e+00  0.00000000000000e+00
  5.37668966932569e+04  2.95730400085449e+00  3.96885722875595e-03 -1.05624163150787e+00  0.00000000000000e+00
  5.37706249526852e+04  2.96597313880920e+00  4.46676230058074e-03 -9.77792263031006e-01  0.00000000000000e+00
  5.37743532118563e+04  2.96588134765625e+00  4.42932685837150e-03 -1.01890766620636e+00  0.00000000000000e+00
  5.37780814712723e+04  2.96059203147888e+00  4.36659296974540e-03 -1.01986479759216e+00  0.00000000000000e+00
  5.37818097305139e+04  2.95871305465698e+00  3.68083943612874e-03 -1.10519039630890e+00  0.00000000000000e+00
  5.37855379897987e+04  2.96143960952759e+00  3.81575501523912e-03 -1.02757465839386e+00  0.00000000000000e+00
  5.37892662485392e+04  2.96539783477783e+00  4.42152284085751e-03 -1.04365646839142e+00  0.00000000000000e+00
  5.37929945074570e+04  2.96890258789062e+00  4.16327593848109e-03 -1.08338785171509e+00  0.00000000000000e+00
  5.37967227664098e+04  2.96660280227661e+00  4.44491906091571e-03 -1.00758922100067e+00  0.00000000000000e+00
  5.38015729173634e+04  1.21664857864380e+00  5.00000023748726e-04 -6.99999988079071e-01  0.00000000000000e+00
  5.38021319451505e+04  2.96161603927612e+00  4.07461076974869e-03 -1.04520416259766e+00  0.00000000000000e+00
  5.38058602035672e+04  2.96725130081177e+00  4.29315119981766e-03 -9.37724471092224e-01  0.00000000000000e+00
  5.38095884620487e+04  2.96547269821167e+00  3.96329816430807e-03 -1.08378899097443e+00  0.00000000000000e+00
  5.38133167200254e+04  2.96522521972656e+00  4.19975677505136e-03 -9.88951444625854e-01  0.00000000000000e+00
  5.38170449779862e+04  2.96394419670105e+00  4.68597467988729e-03 -9.75341737270355e-01  0.00000000000000e+00
  5.38207732356516e+04  2.96274566650391e+00  4.16647968813777e-03 -9.91926014423370e-01  0.00000000000000e+00
  5.38245014933472e+04  2.96449160575867e+00  4.51778154820204e-03 -1.02291333675385e+00  0.00000000000000e+00
  5.38282297508586e+04  2.96662950515747e+00  4.55925427377224e-03 -9.54824149608612e-01  0.00000000000000e+00
  5.38319580081712e+04  2.96851968765259e+00  4.48700645938516e-03 -9.63191807270050e-01  0.00000000000000e+00
  5.38356862654964e+04  2.96521115303040e+00  4.78683924302459e-03 -1.01595497131348e+00  0.00000000000000e+00
  5.38394145223923e+04  2.96434593200684e+00  3.98538867011666e-03 -1.03414976596832e+00  0.00000000000000e+00
  5.38431427793137e+04  2.96754574775696e+00  4.34514461085200e-03 -1.06019020080566e+00  0.00000000000000e+00
  5.38468710355116e+04  2.96343064308167e+00  4.34184027835727e-03 -9.68090593814850e-01  0.00000000000000e+00
  5.38505992919954e+04  2.96602559089661e+00  3.85622959583998e-03 -1.07053911685944e+00  0.00000000000000e+00
  5.38543275482570e+04  2.96660017967224e+00  4.12298645824194e-03 -9.95684742927551e-01  0.00000000000000e+00
  5.38580558042767e+04  2.96506023406982e+00  3.69669799692929e-03 -1.01768457889557e+00  0.00000000000000e+00
  5.38617840603136e+04  2.97044205665588e+00  4.17081359773874e-03 -9.85097467899323e-01  0.00000000000000e+00
  5.38655123158856e+04  2.96883988380432e+00  4.27304394543171e-03 -1.00950479507446e+00  0.00000000000000e+00
  5.38692405714605e+04  2.96992874145508e+00  4.40801773220301e-03 -9.34096157550812e-01  0.00000000000000e+00
  5.38729688270370e+04  2.97116398811340e+00  3.82959959097207e-03 -1.02999877929688e+00  0.00000000000000e+00
  5.38766970823900e+04  2.97227954864502e+00  4.28452156484127e-03 -1.00719559192657e+00  0.00000000000000e+00
  5.38804253375207e+04  2.97286200523376e+00  4.19765105471015e-03 -9.96592819690704e-01  0.00000000000000e+00
  5.38841535926387e+04  2.97064328193665e+00  4.32197190821171e-03 -9.59149897098541e-01  0.00000000000000e+00
  5.38878818477361e+04  2.97084760665894e+00  4.14039148017764e-03 -9.69783246517181e-01  0.00000000000000e+00
  5.38916101025614e+04  2.97002935409546e+00  3.73499724082649e-03 -9.85851049423218e-01  0.00000000000000e+00
  5.38953383571805e+04  2.97572994232178e+00  4.03999537229538e-03 -9.93701756000519e-01  0.00000000000000e+00
  5.39005868062604e+04  1.21966075897217e+00  5.00000023748726e-04 -6.99999988079071e-01  0.00000000000000e+00
  5.39011875000566e+04  2.97363495826721e+00  3.96912544965744e-03 -1.06223368644714e+00  0.00000000000000e+00
  5.39049157546736e+04  2.97560858726501e+00  4.16978867724538e-03 -9.91669416427612e-01  0.00000000000000e+00
  5.39086440093022e+04  2.97581315040588e+00  3.88014409691095e-03 -1.03188204765320e+00  0.00000000000000e+00
  5.39123722639594e+04  2.97429609298706e+00  3.92809323966503e-03 -9.70808446407318e-01  0.00000000000000e+00
  5.39161005188021e+04  2.97708320617676e+00  3.91072966158390e-03 -1.05284106731415e+00  0.00000000000000e+00
  5.39198287727141e+04  2.97647809982300e+00  4.40709013491869e-03 -9.60077345371246e-01  0.00000000000000e+00
  5.39235570270613e+04  2.97489213943481e+00  3.84699110873044e-03 -1.04646039009094e+00  0.00000000000000e+00
  5.39272852816678e+04  2.97452902793884e+00  4.16680099442601e-03 -9.56432461738586e-01  0.00000000000000e+00
  5.39310135360487e+04  2.97941946983337e+00  4.28570993244648e-03 -1.02799272537231e+00  0.00000000000000e+00
  5.39347417906690e+04  2.98088884353638e+00  3.83872981183231e-03 -1.02299809455872e+00  0.00000000000000e+00
  5.39384700453022e+04  2.97880339622498e+00  3.80729814060032e-03 -1.09017634391785e+00  0.00000000000000e+00
  5.39421982999468e+04  2.98086810112000e+00  4.28377464413643e-03 -1.00941109657288e+00  0.00000000000000e+00
  5.39459265547696e+04  2.98195075988770e+00  3.77668393775821e-03 -1.00095820426941e+00  0.00000000000000e+00
  5.39496548098958e+04  2.98140168190002e+00  3.60872270539403e-03 -1.00516664981842e+00  0.00000000000000e+00
  5.39533830650253e+04  2.97883987426758e+00  4.49120299890637e-03 -1.01016879081726e+00  0.00000000000000e+00
  5.39571113199305e+04  2.97952103614807e+00  4.43997280672193e-03 -9.65616881847382e-01  0.00000000000000e+00
  5.39608395752958e+04  2.98219871520996e+00  3.83533607237041e-03 -1.04200196266174e+00  0.00000000000000e+00
  5.39645678306562e+04  2.98227262496948e+00  4.34295926243067e-03 -9.78712499141693e-01  0.00000000000000e+00
  5.39682960862603e+04  2.97881722450256e+00  4.23458963632584e-03 -9.61012899875641e-01  0.00000000000000e+00
  5.39720243420959e+04  2.98105502128601e+00  4.43822611123323e-03 -9.99889314174652e-01  0.00000000000000e+00
  5.39757525981667e+04  2.97614812850952e+00  5.17553137615323e-03 -9.68727171421051e-01  0.00000000000000e+00
  5.39794808544660e+04  2.97986435890198e+00  4.03888523578644e-03 -1.03660511970520e+00  0.00000000000000e+00
  5.39832091110046e+04  2.97908210754395e+00  3.87945817783475e-03 -1.09259688854218e+00  0.00000000000000e+00
  5.39869373675172e+04  2.98429870605469e+00  3.85727151297033e-03 -1.05537962913513e+00  0.00000000000000e+00
  5.39906656245081e+04  2.98432111740112e+00  4.34756558388472e-03 -1.00751757621765e+00  0.00000000000000e+00
  5.39943938814860e+04  2.98165011405945e+00  4.20174375176430e-03 -9.81731414794922e-01  0.00000000000000e+00
  5.39981221389063e+04  2.98334574699402e+00  3.75645235180855e-03 -1.04519283771515e+00  0.00000000000000e+00
  5.40018503963010e+04  2.98521113395691e+00  3.61304939724505e-03 -1.07858753204346e+00  0.00000000000000e+00
  5.40055786541400e+04  2.98287415504456e+00  4.00083931162953e-03 -1.02016735076904e+00  0.00000000000000e+00
  5.40093069119397e+04  2.98327922821045e+00  3.82181303575635e-03 -1.00515842437744e+00  0.00000000000000e+00
  5.40130351700776e+04  2.98330497741699e+00  4.17405785992742e-03 -1.05787980556488e+00  0.00000000000000e+00
  5.40167634285670e+04  2.98587107658386e+00  3.85827501304448e-03 -1.05748534202576e+00  0.00000000000000e+00
  5.40204916869826e+04  2.98029804229736e+00  4.12988429889083e-03 -1.07348179817200e+00  0.00000000000000e+00
  5.40242199460196e+04  2.98508429527283e+00  4.37867967411876e-03 -1.02871263027191e+00  0.00000000000000e+00
  5.40279482047651e+04  2.98282480239868e+00  4.12200577557087e-03 -1.00188696384430e+00  0.00000000000000e+00
  5.40316764641574e+04  2.98543906211853e+00  4.64975135400891e-03 -9.19247269630432e-01  0.00000000000000e+00
  5.40354047234976e+04  2.98345756530762e+00  3.79548757337034e-03 -1.06307411193848e+00  0.00000000000000e+00
  5.40391329829920e+04  2.98840785026550e+00  4.03381371870637e-03 -1.06346237659454e+00  0.00000000000000e+00
  5.40428612426447e+04  2.98872160911560e+00  4.17697569355369e-03 -9.63914990425110e-01  0.00000000000000e+00
  5.40486041669894e+04  1.22549998760223e+00  5.00000023748726e-04 -6.99999988079071e-01  0.00000000000000e+00
  5.40492048613670e+04  2.98801040649414e+00  4.53135324642062e-03 -1.02681362628937e+00  0.00000000000000e+00
  5.40529331215533e+04  2.98929691314697e+00  3.80083639174700e-03 -1.09102821350098e+00  0.00000000000000e+00
  5.40566613816896e+04  2.98654770851135e+00  3.90531355515122e-03 -1.07386100292206e+00  0.00000000000000e+00
  5.40603896417338e+04  2.98556184768677e+00  4.28106263279915e-03 -1.02573406696320e+00  0.00000000000000e+00
  5.40641179021645e+04  2.98883700370789e+00  4.32107504457235e-03 -9.97350573539734e-01  0.00000000000000e+00
  5.40678461627314e+04  2.99076032638550e+00  4.11712378263474e-03 -9.92858946323395e-01  0.00000000000000e+00
  5.40715744232558e+04  2.98638010025024e+00  4.14660247042775e-03 -1.04014992713928e+00  0.00000000000000e+00
  5.40753026840949e+04  2.98827672004700e+00  4.13606083020568e-03 -9.95204269886017e-01  0.00000000000000e+00
  5.40790309446841e+04  2.98585128784180e+00  3.97843820974231e-03 -1.03660607337952e+00  0.00000000000000e+00
  5.40827592057290e+04  2.98816847801208e+00  4.07588947564363e-03 -1.05302083492279e+00  0.00000000000000e+00
  5.40864874664712e+04  2.98776555061340e+00  3.78264440223575e-03 -1.03784811496735e+00  0.00000000000000e+00
  5.40902157273902e+04  2.98818564414978e+00  4.00707917287946e-03 -9.96036767959595e-01  0.00000000000000e+00
  5.40939439882788e+04  2.98877859115601e+00  4.37322957441211e-03 -9.73917484283447e-01  0.00000000000000e+00
  5.40976722493032e+04  2.98806095123291e+00  4.27996879443526e-03 -9.32270109653473e-01  0.00000000000000e+00
  5.41014005102592e+04  2.99077987670898e+00  3.83675377815962e-03 -1.01180517673492e+00  0.00000000000000e+00
  5.41051287713136e+04  2.98869800567627e+00  4.51865559443831e-03 -9.92002010345459e-01  0.00000000000000e+00
  5.41088570323993e+04  2.99073076248169e+00  4.01275046169758e-03 -1.00437867641449e+00  0.00000000000000e+00
  5.41125852935936e+04  2.99029016494751e+00  4.03042975813150e-03 -1.02646875381470e+00  0.00000000000000e+00
  5.41163135545682e+04  2.99422645568848e+00  3.82979889400303e-03 -1.02701032161713e+00  0.00000000000000e+00
  5.41200418154549e+04  2.98865199089050e+00  4.02773264795542e-03 -9.87252950668335e-01  0.00000000000000e+00
  5.41237700764955e+04  2.99189877510071e+00  4.42281924188137e-03 -9.76071357727051e-01  0.00000000000000e+00
  5.41274983375655e+04  2.99205660820007e+00  4.48180735111237e-03 -9.83910381793976e-01  0.00000000000000e+00
  5.41312265985740e+04  2.99093723297119e+00  4.43917512893677e-03 -1.01715004444122e+00  0.00000000000000e+00
  5.41349548594085e+04  2.99191045761108e+00  3.55794141069055e-03 -1.09115254878998e+00  0.00000000000000e+00
  5.41386831204167e+04  2.99399566650391e+00  4.01971954852343e-03 -1.07243120670319e+00  0.00000000000000e+00
  5.41424113810995e+04  2.99459552764893e+00  3.51250451058149e-03 -1.06716632843018e+00  0.00000000000000e+00
  5.41461396418541e+04  2.99466943740845e+00  3.63712850958109e-03 -1.09515833854675e+00  0.00000000000000e+00
  5.41498679026609e+04  2.99740171432495e+00  3.71424132026732e-03 -1.05472946166992e+00  0.00000000000000e+00
  5.41535961630801e+04  3.00072145462036e+00  4.53221704810858e-03 -1.02029037475586e+00  0.00000000000000e+00
  5.41573244237976e+04  2.99532985687256e+00  4.70177689567208e-03 -9.24491047859192e-01  0.00000000000000e+00
  5.41610526840104e+04  2.99379920959473e+00  4.51711285859346e-03 -9.93077039718628e-01  0.00000000000000e+00
  5.41675416668275e+04  1.23095870018005e+00  5.00000023748726e-04 -6.99999988079071e-01  0.00000000000000e+00
  5.41681666669734e+04  2.99635291099548e+00  4.25646547228098e-03 -9.92494583129883e-01  0.00000000000000e+00
  5.41718949270972e+04  2.99787926673889e+00  3.76009871251881e-03 -1.08233320713043e+00  0.00000000000000e+00
  5.41756231869756e+04  2.99448060989380e+00  4.02654940262437e-03 -1.04058885574341e+00  0.00000000000000e+00
  5.41793514467165e+04  2.99938535690308e+00  4.24997787922621e-03 -1.09424388408661e+00  0.00000000000000e+00
  5.41830797065233e+04  2.99999165534973e+00  4.68089664354920e-03 -9.75941359996796e-01  0.00000000000000e+00
  5.41868079659571e+04  2.99454760551453e+00  4.51464531943202e-03 -1.06763541698456e+00  0.00000000000000e+00
  5.41905362253959e+04  2.99717545509338e+00  3.67674184963107e-03 -9.95684981346130e-01  0.00000000000000e+00
  5.41942644846990e+04  2.99947857856750e+00  4.18976182118058e-03 -9.97208476066589e-01  0.00000000000000e+00
  5.41979927437395e+04  2.99640274047852e+00  4.72985580563545e-03 -1.00008463859558e+00  0.00000000000000e+00
  5.42017210031387e+04  2.99769496917725e+00  3.95542150363326e-03 -1.06644415855408e+00  0.00000000000000e+00
  5.42054492616216e+04  3.00276017189026e+00  3.72031796723604e-03 -9.88729417324066e-01  0.00000000000000e+00
  5.42091775203843e+04  2.99919939041138e+00  4.47032693773508e-03 -9.89962100982666e-01  0.00000000000000e+00
  5.42129057788969e+04  3.00051140785217e+00  4.07065637409687e-03 -1.04676985740662e+00  0.00000000000000e+00
  5.42166340373716e+04  3.00361156463623e+00  4.28441539406776e-03 -1.04230642318726e+00  0.00000000000000e+00
  5.42203622953298e+04  2.99897074699402e+00  4.26437146961689e-03 -1.03081679344177e+00  0.00000000000000e+00
  5.42240905532697e+04  3.00529527664185e+00  3.96868726238608e-03 -1.00432467460632e+00  0.00000000000000e+00
  5.42278188112395e+04  3.00260329246521e+00  3.76353785395622e-03 -9.83477473258972e-01  0.00000000000000e+00
  5.42315470688079e+04  3.00738787651062e+00  4.10407269373536e-03 -9.89971220493317e-01  0.00000000000000e+00
  5.42352753263576e+04  3.00334119796753e+00  4.06177015975118e-03 -1.01818573474884e+00  0.00000000000000e+00
  5.42390035839283e+04  3.00512075424194e+00  3.99680389091372e-03 -9.67426359653473e-01  0.00000000000000e+00
  5.42427318410520e+04  3.00407052040100e+00  3.84364975616336e-03 -1.02448308467865e+00  0.00000000000000e+00
  5.42464600981840e+04  3.00158333778381e+00  4.29760059341788e-03 -1.05702674388885e+00  0.00000000000000e+00
  5.42501883556262e+04  3.00452780723572e+00  3.87360271997750e-03 -1.01868903636932e+00  0.00000000000000e+00
  5.42539166123183e+04  3.00495481491089e+00  3.77525971271098e-03 -1.02683556079865e+00  0.00000000000000e+00
  5.42576448692338e+04  3.00236964225769e+00  3.80169227719307e-03 -1.01848554611206e+00  0.00000000000000e+00
  5.42613731259168e+04  3.00525355339050e+00  4.14761668071151e-03 -9.72086668014526e-01  0.00000000000000e+00
  5.42651013826967e+04  3.00564479827881e+00  3.60281858593225e-03 -1.07253122329712e+00  0.00000000000000e+00
  5.42688296394375e+04  3.00716376304626e+00  3.86331672780216e-03 -1.04059386253357e+00  0.00000000000000e+00
  5.42725578958703e+04  3.00744581222534e+00  4.54667583107948e-03 -1.01289737224579e+00  0.00000000000000e+00
  5.42764583333740e+04  1.23471355438232e+00  5.00000023748726e-04 -6.99999988079071e-01  0.00000000000000e+00
  5.42768333335613e+04  3.00759673118591e+00  3.97025886923075e-03 -1.02632892131805e+00  0.00000000000000e+00
  5.42779166672962e+04  1.23317229747772e+00  5.00000023748726e-04 -6.99999988079071e-01  0.00000000000000e+00
  5.42785416671355e+04  3.00845170021057e+00  3.96124785766006e-03 -9.72688257694244e-01  0.00000000000000e+00
  5.42822699235914e+04  3.00927472114563e+00  3.95137351006269e-03 -1.06718647480011e+00  0.00000000000000e+00
  5.42859981795926e+04  3.00868153572083e+00  4.14334889501333e-03 -1.01991307735443e+00  0.00000000000000e+00
  5.42897264359318e+04  3.00945091247559e+00  4.21232962980866e-03 -9.79732990264893e-01  0.00000000000000e+00
  5.42934546922965e+04  3.01104331016541e+00  3.84028861299157e-03 -1.14148175716400e+00  0.00000000000000e+00
  5.42971829488785e+04  3.00674319267273e+00  4.27248654887080e-03 -9.80558037757874e-01  0.00000000000000e+00
  5.43009112052315e+04  3.00835990905762e+00  3.93939996138215e-03 -1.04194700717926e+00  0.00000000000000e+00
  5.43046394618160e+04  3.01056909561157e+00  3.50200943648815e-03 -1.09581661224365e+00  0.00000000000000e+00
  5.43083677183992e+04  3.00976514816284e+00  3.80407087504864e-03 -1.01116573810577e+00  0.00000000000000e+00
  5.43120959751911e+04  3.00545048713684e+00  4.07632580026984e-03 -9.84374344348907e-01  0.00000000000000e+00
  5.43158242319688e+04  3.00780224800110e+00  4.59385896101594e-03 -9.64310765266418e-01  0.00000000000000e+00
  5.43195524889978e+04  3.00757861137390e+00  4.18504374101758e-03 -9.41135406494141e-01  0.00000000000000e+00
  5.43232807460242e+04  3.00688838958740e+00  4.31657535955310e-03 -9.26263988018036e-01  0.00000000000000e+00
  5.43270090030613e+04  3.00722169876099e+00  4.51394869014621e-03 -9.53131973743439e-01  0.00000000000000e+00
  5.43307372603355e+04  3.01033377647400e+00  4.01277700439095e-03 -1.07355964183807e+00  0.00000000000000e+00
  5.43344655178553e+04  3.01046395301819e+00  4.11031721159816e-03 -1.05207335948944e+00  0.00000000000000e+00
  5.43381937755614e+04  3.00956749916077e+00  4.69991704449058e-03 -1.05442380905151e+00  0.00000000000000e+00
  5.43419220333393e+04  3.00979065895081e+00  4.29850909858942e-03 -9.89434897899628e-01  0.00000000000000e+00
  5.43485208339271e+04  1.23604619503021e+00  5.00000023748726e-04 -6.99999988079071e-01  0.00000000000000e+00
  5.43495625008381e+04  3.01021933555603e+00  3.95289901643991e-03 -9.75418865680695e-01  0.00000000000000e+00
  5.43532907596144e+04  3.00778007507324e+00  4.63828863576055e-03 -9.84570562839508e-01  0.00000000000000e+00
  5.43570190178878e+04  3.01418685913086e+00  4.65491972863674e-03 -9.87137556076050e-01  0.00000000000000e+00
  5.43607472768276e+04  3.01622486114502e+00  4.10201586782932e-03 -1.06596446037292e+00  0.00000000000000e+00
  5.43644755357189e+04  3.01692605018616e+00  4.06429404392838e-03 -9.91938829421997e-01  0.00000000000000e+00
  5.43695000000509e+04  1.23652064800262e+00  5.00000023748726e-04 -6.99999988079071e-01  0.00000000000000e+00
  5.43701250000716e+04  3.01283288002014e+00  3.52635281160474e-03 -1.09425592422485e+00  0.00000000000000e+00
  5.43738532595094e+04  3.01162123680115e+00  3.86726297438145e-03 -1.06022572517395e+00  0.00000000000000e+00
  5.43775815191308e+04  3.01683974266052e+00  3.87342600151896e-03 -1.10957360267639e+00  0.00000000000000e+00
  5.43813097791274e+04  3.01247882843018e+00  4.34850528836250e-03 -9.68078970909119e-01  0.00000000000000e+00
  5.43850380391009e+04  3.00711488723755e+00  4.31484589353204e-03 -1.05383610725403e+00  0.00000000000000e+00
  5.43887662992499e+04  3.01382327079773e+00  3.89177724719048e-03 -9.67331588268280e-01  0.00000000000000e+00
  5.43924945599131e+04  3.00991463661194e+00  4.08564647659659e-03 -1.09007287025452e+00  0.00000000000000e+00
  5.43962228202859e+04  3.01200389862061e+00  4.44554165005684e-03 -1.02832639217377e+00  0.00000000000000e+00
  5.43999510810545e+04  3.01111483573914e+00  4.68747643753886e-03 -9.05806005001068e-01  0.00000000000000e+00
  5.44036793417452e+04  3.01682448387146e+00  4.15902584791183e-03 -1.06528627872467e+00  0.00000000000000e+00
  5.44074076029735e+04  3.01396918296814e+00  4.09755483269691e-03 -1.01640129089355e+00  0.00000000000000e+00
  5.44145833337731e+04  4.52955436706543e+00  5.00000023748726e-04 -6.99999988079071e-01  0.00000000000000e+00
  5.44200000003309e+04  3.01798462867737e+00  3.57977254316211e-03 -1.06284916400909e+00  0.00000000000000e+00
  5.44237282617361e+04  3.01737189292908e+00  4.16832277551293e-03 -1.01843130588531e+00  0.00000000000000e+00
  5.44274565232744e+04  3.01775455474854e+00  3.51161742582917e-03 -1.10149610042572e+00  0.00000000000000e+00
  5.44311847849535e+04  3.01438760757446e+00  3.82649805396795e-03 -1.01197612285614e+00  0.00000000000000e+00
  5.44349130465369e+04  3.01389431953430e+00  4.07167710363865e-03 -9.85681414604187e-01  0.00000000000000e+00
  5.44386413082686e+04  3.01570820808411e+00  3.65376658737659e-03 -9.73984539508820e-01  0.00000000000000e+00
  5.44423695701424e+04  3.01756095886230e+00  4.10192972049117e-03 -1.02209711074829e+00  0.00000000000000e+00
  5.44460978321042e+04  3.01693344116211e+00  4.45596268400550e-03 -9.96088862419128e-01  0.00000000000000e+00
  5.44498260938090e+04  3.01408243179321e+00  3.79922077991068e-03 -1.02568805217743e+00  0.00000000000000e+00
  5.44535543559165e+04  3.01841282844543e+00  3.58448270708323e-03 -1.04767799377441e+00  0.00000000000000e+00
  5.44572826179664e+04  3.01989793777466e+00  3.88064398430288e-03 -9.91774201393127e-01  0.00000000000000e+00
  5.44610108799790e+04  3.01620244979858e+00  4.00539115071297e-03 -1.01849710941315e+00  0.00000000000000e+00
  5.44647391421910e+04  3.02063179016113e+00  3.90667002648115e-03 -9.79305326938629e-01  0.00000000000000e+00
  5.44684674039271e+04  3.01958250999451e+00  4.03654621914029e-03 -9.94655966758728e-01  0.00000000000000e+00
  5.44721956661264e+04  3.01904368400574e+00  3.92649741843343e-03 -9.91647303104401e-01  0.00000000000000e+00
  5.44759239283173e+04  3.01962208747864e+00  4.01697307825089e-03 -1.02531969547272e+00  0.00000000000000e+00
  5.44796521904166e+04  3.01996183395386e+00  3.99611517786980e-03 -1.01958382129669e+00  0.00000000000000e+00
  5.44833804527883e+04  3.02235579490662e+00  3.73440817929804e-03 -1.00768971443176e+00  0.00000000000000e+00
  5.44885243060476e+04  1.23938322067261e+00  5.00000023748726e-04 -6.99999988079071e-01  0.00000000000000e+00
  5.44889409727453e+04  3.01775574684143e+00  4.02592495083809e-03 -1.00762939453125e+00  0.00000000000000e+00
  5.44926692348148e+04  3.02128648757935e+00  3.78868682309985e-03 -1.06013000011444e+00  0.00000000000000e+00
  5.44963974964987e+04  3.01821255683899e+00  4.44358214735985e-03 -9.87297654151917e-01  0.00000000000000e+00
  5.45001257582188e+04  3.01557445526123e+00  4.38009854406118e-03 -1.03547549247742e+00  0.00000000000000e+00
  5.45038540200834e+04  3.02174949645996e+00  4.26164502277970e-03 -1.00741922855377e+00  0.00000000000000e+00
  5.45075822821693e+04  3.02332949638367e+00  3.54064092971385e-03 -1.07356560230255e+00  0.00000000000000e+00
  5.45113105437362e+04  3.02059483528137e+00  3.65713820792735e-03 -1.04835999011993e+00  0.00000000000000e+00
  5.45150388053819e+04  3.02348995208740e+00  4.23798989504576e-03 -1.08336758613586e+00  0.00000000000000e+00
  5.45187670666829e+04  3.01686906814575e+00  4.42435406148434e-03 -1.08859181404114e+00  0.00000000000000e+00
  5.45224953283068e+04  3.02301836013794e+00  3.90162435360253e-03 -9.82188522815704e-01  0.00000000000000e+00
  5.45262235900186e+04  3.02920651435852e+00  4.19470714405179e-03 -1.03303837776184e+00  0.00000000000000e+00
  5.45299518510869e+04  3.02135157585144e+00  3.96661739796400e-03 -9.78854775428772e-01  0.00000000000000e+00
  5.45336801124676e+04  3.02219033241272e+00  4.23012673854828e-03 -9.95873272418976e-01  0.00000000000000e+00
  5.45374083737059e+04  3.02078270912170e+00  4.03789291158319e-03 -1.05103218555450e+00  0.00000000000000e+00
  5.45411366347083e+04  3.02958083152771e+00  4.29570814594626e-03 -9.91747200489044e-01  0.00000000000000e+00
  5.45448648956759e+04  3.02268528938293e+00  4.41929697990417e-03 -9.96284425258636e-01  0.00000000000000e+00
  5.45485931564976e+04  3.02728414535522e+00  4.66942088678479e-03 -9.71316695213318e-01  0.00000000000000e+00
  5.45523214172972e+04  3.03004717826843e+00  4.75918687880039e-03 -1.00139665603638e+00  0.00000000000000e+00
  5.45560496778299e+04  3.02982926368713e+00  4.55096084624529e-03 -9.66989159584045e-01  0.00000000000000e+00
  5.45597779382350e+04  3.02319717407227e+00  4.82592405751348e-03 -9.95065867900848e-01  0.00000000000000e+00
  5.45635061984110e+04  3.02247524261475e+00  3.76552948728204e-03 -1.00608062744141e+00  0.00000000000000e+00
  5.45672344588552e+04  3.02579808235168e+00  4.09167725592852e-03 -9.94760990142822e-01  0.00000000000000e+00
  5.45709627186796e+04  3.03055548667908e+00  4.04380075633526e-03 -1.01904320716858e+00  0.00000000000000e+00
  5.45746909786042e+04  3.02258515357971e+00  4.08952729776502e-03 -1.01103997230530e+00  0.00000000000000e+00
  5.45784192381018e+04  3.02610421180725e+00  4.25934093073010e-03 -9.82034265995026e-01  0.00000000000000e+00
  5.45821474978751e+04  3.02655816078186e+00  3.96227790042758e-03 -1.01689088344574e+00  0.00000000000000e+00
  5.45858757572292e+04  3.03224921226501e+00  4.32850280776620e-03 -9.97983038425446e-01  0.00000000000000e+00
  5.45896040163981e+04  3.02768063545227e+00  3.74676682986319e-03 -9.61200416088104e-01  0.00000000000000e+00
  5.45933322754225e+04  3.02714586257935e+00  3.77306086011231e-03 -1.04297482967377e+00  0.00000000000000e+00
  5.45970605345139e+04  3.02711224555969e+00  3.72744770720601e-03 -9.95952188968658e-01  0.00000000000000e+00
  5.46007887931504e+04  3.02879929542542e+00  3.74589092098176e-03 -1.01104116439819e+00  0.00000000000000e+00
  5.46045170517813e+04  3.02783393859863e+00  3.71847348287702e-03 -9.77657198905945e-01  0.00000000000000e+00
  5.46082453104178e+04  3.02787184715271e+00  3.69512336328626e-03 -1.02992546558380e+00  0.00000000000000e+00
  5.46119735688379e+04  3.02873897552490e+00  3.93928121775389e-03 -1.01952171325684e+00  0.00000000000000e+00
  5.46157018272743e+04  3.02977466583252e+00  4.16901754215360e-03 -9.82115745544434e-01  0.00000000000000e+00
  5.46216131948033e+04  1.24274170398712e+00  5.00000023748726e-04 -6.99999988079071e-01  0.00000000000000e+00
  5.46222083341052e+04  3.03000307083130e+00  3.87181644327939e-03 -1.02252709865570e+00  0.00000000000000e+00
  5.46259365921204e+04  3.02791047096252e+00  4.74999705329537e-03 -9.57620322704315e-01  0.00000000000000e+00
  5.46296648501167e+04  3.03020358085632e+00  3.52653977461159e-03 -9.67844069004059e-01  0.00000000000000e+00
  5.46333931079063e+04  3.03031659126282e+00  3.99685883894563e-03 -1.02306115627289e+00  0.00000000000000e+00
  5.46371213659081e+04  3.02429270744324e+00  4.34217927977443e-03 -9.77525174617767e-01  0.00000000000000e+00
  5.46408496236760e+04  3.03402447700500e+00  3.59976501204073e-03 -1.05840706825256e+00  0.00000000000000e+00
  5.46445778812386e+04  3.03064823150635e+00  4.14168694987893e-03 -1.00700592994690e+00  0.00000000000000e+00
  5.46483061390244e+04  3.03102684020996e+00  4.04479447752237e-03 -9.84411299228668e-01  0.00000000000000e+00
  5.46520343968055e+04  3.03021311759949e+00  4.12573991343379e-03 -9.70642745494843e-01  0.00000000000000e+00
  5.46557626545927e+04  3.03025960922241e+00  4.13388432934880e-03 -9.95769798755646e-01  0.00000000000000e+00
  5.46594909123807e+04  3.02953505516052e+00  3.85872554033995e-03 -1.04522120952606e+00  0.00000000000000e+00
  5.46633402781089e+04  1.23608696460724e+00  5.00000023748726e-04 -6.99999988079071e-01  0.00000000000000e+00
  5.46634402778483e+04  3.03038191795349e+00  4.22262959182262e-03 -1.00254285335541e+00  0.00000000000000e+00
  5.46671685356169e+04  3.03234624862671e+00  3.86082357726991e-03 -1.04182970523834e+00  0.00000000000000e+00
  5.46708967935023e+04  3.03024148941040e+00  4.05773613601923e-03 -9.91665244102478e-01  0.00000000000000e+00
  5.46746250516422e+04  3.03111505508423e+00  4.36190841719508e-03 -1.01553726196289e+00  0.00000000000000e+00
  5.46797083335996e+04  1.24429643154144e+00  5.00000023748726e-04 -6.99999988079071e-01  0.00000000000000e+00
  5.46811666667836e+04  3.03378343582153e+00  3.47644253633916e-03 -1.00994932651520e+00  0.00000000000000e+00
  5.46848949247673e+04  3.03646731376648e+00  4.65132854878902e-03 -1.00757062435150e+00  0.00000000000000e+00
  5.46886231829895e+04  3.03463077545166e+00  4.52766660600901e-03 -9.62426900863647e-01  0.00000000000000e+00
  5.46923514416517e+04  3.03349781036377e+00  3.94270848482847e-03 -1.04431414604187e+00  0.00000000000000e+00
  5.46960797061018e+04  3.03293347358704e+00  4.19186148792505e-03 -1.00811016559601e+00  0.00000000000000e+00
  5.46998079751737e+04  3.03390431404114e+00  3.98172205314040e-03 -1.03100109100342e+00  0.00000000000000e+00
  5.47035362442201e+04  3.03490161895752e+00  4.30176127701998e-03 -9.84209179878235e-01  0.00000000000000e+00
  5.47072645132558e+04  3.03280830383301e+00  4.36376081779599e-03 -1.06734251976013e+00  0.00000000000000e+00
  5.47109927362999e+04  3.03379154205322e+00  3.98545153439045e-03 -1.00294268131256e+00  0.00000000000000e+00
  5.47147209958443e+04  3.03359723091125e+00  4.53860405832529e-03 -9.65000927448273e-01  0.00000000000000e+00
  5.47184492553727e+04  3.03643941879272e+00  4.11891750991344e-03 -9.65748250484467e-01  0.00000000000000e+00
  5.47221775152893e+04  3.03421545028687e+00  4.12350101396441e-03 -1.03558492660522e+00  0.00000000000000e+00
  5.47259057754039e+04  3.03322052955627e+00  4.20051207765937e-03 -1.05717742443085e+00  0.00000000000000e+00
  5.47296340354932e+04  3.03113293647766e+00  4.68443240970373e-03 -9.79683756828308e-01  0.00000000000000e+00
  5.47333622957141e+04  3.03765606880188e+00  4.30078618228436e-03 -9.78311359882355e-01  0.00000000000000e+00
  5.47370905563391e+04  3.04131340980530e+00  3.73274297453463e-03 -1.05495321750641e+00  0.00000000000000e+00
  5.47408188168714e+04  3.04183220863342e+00  4.04195580631495e-03 -1.03225183486938e+00  0.00000000000000e+00
  5.47475138892720e+04  1.24438357353210e+00  5.00000023748726e-04 -6.99999988079071e-01  0.00000000000000e+00
  5.47479930561144e+04  3.03730559349060e+00  3.97427799180150e-03 -9.84961211681366e-01  0.00000000000000e+00
  5.47517213173553e+04  3.03691720962524e+00  4.26996871829033e-03 -9.85399425029755e-01  0.00000000000000e+00
  5.47554495786829e+04  3.03415679931641e+00  3.80189670249820e-03 -1.06969845294952e+00  0.00000000000000e+00
  5.47591778399352e+04  3.03179264068604e+00  4.15017968043685e-03 -1.00711786746979e+00  0.00000000000000e+00
  5.47629061015126e+04  3.03483271598816e+00  4.00523329153657e-03 -9.80852425098419e-01  0.00000000000000e+00
  5.47674166671620e+04  1.24673378467560e+00  5.00000023748726e-04 -6.99999988079071e-01  0.00000000000000e+00
  5.47679444450673e+04  3.03971886634827e+00  4.64160181581974e-03 -9.48631644248962e-01  0.00000000000000e+00
  5.47716727068299e+04  3.03738522529602e+00  4.03736159205437e-03 -1.01421594619751e+00  0.00000000000000e+00
  5.47754009686540e+04  3.03683972358704e+00  3.98468505591154e-03 -1.05285382270813e+00  0.00000000000000e+00
  5.47791292307095e+04  3.03472614288330e+00  4.03879722580314e-03 -1.01689100265503e+00  0.00000000000000e+00
  5.47828574928902e+04  3.03855156898499e+00  3.86922340840101e-03 -1.02689766883850e+00  0.00000000000000e+00
  5.47865857551933e+04  3.04092741012573e+00  4.33077011257410e-03 -9.38668131828308e-01  0.00000000000000e+00
  5.47903140176199e+04  3.03508043289185e+00  3.95357608795166e-03 -9.90391790866852e-01  0.00000000000000e+00
  5.47940422801980e+04  3.04006338119507e+00  3.74641804955900e-03 -1.01825547218323e+00  0.00000000000000e+00
  5.47977705426782e+04  3.03931498527527e+00  3.98554326966405e-03 -9.72207605838776e-01  0.00000000000000e+00
  5.48014988052766e+04  3.03982234001160e+00  4.02627140283585e-03 -9.82089996337891e-01  0.00000000000000e+00
  5.48052270677512e+04  3.03769755363464e+00  4.24242066219449e-03 -9.83551502227783e-01  0.00000000000000e+00
  5.48089553307038e+04  3.03635358810425e+00  4.12215525284410e-03 -1.05258643627167e+00  0.00000000000000e+00
  5.48126835932731e+04  3.03840613365173e+00  4.04801359400153e-03 -1.00934553146362e+00  0.00000000000000e+00
  5.48164118561644e+04  3.03800272941589e+00  4.00691665709019e-03 -1.01501607894897e+00  0.00000000000000e+00
  5.48201401188495e+04  3.04143881797791e+00  3.86770651675761e-03 -9.81367826461792e-01  0.00000000000000e+00
  5.48238683817095e+04  3.03875803947449e+00  4.28756838664412e-03 -1.00539481639862e+00  0.00000000000000e+00
  5.48275966447709e+04  3.04021954536438e+00  3.94255947321653e-03 -1.04775357246399e+00  0.00000000000000e+00
  5.48313249078229e+04  3.03944706916809e+00  3.93815618008375e-03 -1.03926205635071e+00  0.00000000000000e+00
  5.48350531589167e+04  3.03996706008911e+00  3.99226089939475e-03 -9.83216166496277e-01  0.00000000000000e+00
  5.48394305558299e+04  1.24711656570435e+00  5.00000023748726e-04 -6.99999988079071e-01  0.00000000000000e+00
  5.48405208336054e+04  3.03708887100220e+00  3.54169076308608e-03 -1.01209473609924e+00  0.00000000000000e+00
  5.48442490953520e+04  3.04199719429016e+00  4.03384771198034e-03 -9.91415321826935e-01  0.00000000000000e+00
  5.48479773583217e+04  3.04030013084412e+00  3.77158424817026e-03 -1.01893556118011e+00  0.00000000000000e+00
  5.48517056213160e+04  3.04236078262329e+00  3.84266790933907e-03 -1.00963437557220e+00  0.00000000000000e+00
  5.48554338841538e+04  3.04108309745789e+00  4.06648637726903e-03 -1.01829874515533e+00  0.00000000000000e+00
  5.48591621470162e+04  3.03888058662415e+00  4.66276798397303e-03 -9.57704901695251e-01  0.00000000000000e+00
  5.48628904097212e+04  3.04328894615173e+00  3.90391168184578e-03 -1.00359463691711e+00  0.00000000000000e+00
  5.48666186724999e+04  3.04121589660645e+00  4.32962644845247e-03 -1.00545156002045e+00  0.00000000000000e+00
  5.48738194447107e+04  1.24836325645447e+00  5.00000023748726e-04 -6.99999988079071e-01  0.00000000000000e+00
  5.48744166673831e+04  3.04143381118774e+00  3.97905986756086e-03 -1.08923494815826e+00  0.00000000000000e+00
  5.48781449303090e+04  3.04508423805237e+00  3.77434235997498e-03 -9.42970991134644e-01  0.00000000000000e+00
  5.48818731929144e+04  3.04209661483765e+00  4.05151257291436e-03 -1.05727136135101e+00  0.00000000000000e+00
  5.48856014556794e+04  3.04774284362793e+00  4.23704180866480e-03 -1.01012206077576e+00  0.00000000000000e+00
  5.48893297178624e+04  3.04477262496948e+00  4.64144628494978e-03 -9.99035060405731e-01  0.00000000000000e+00
  5.48930579801390e+04  3.04289436340332e+00  4.25406126305461e-03 -9.76523458957672e-01  0.00000000000000e+00
  5.48967862425776e+04  3.04242777824402e+00  4.28465148434043e-03 -9.63666796684265e-01  0.00000000000000e+00
  5.49005145048472e+04  3.04187464714050e+00  3.93306650221348e-03 -9.82978641986847e-01  0.00000000000000e+00
  5.49042427671205e+04  3.04132819175720e+00  4.10503428429365e-03 -1.02137768268585e+00  0.00000000000000e+00
  5.49079710291239e+04  3.04258394241333e+00  4.10625850781798e-03 -9.74590659141541e-01  0.00000000000000e+00
  5.49116992910220e+04  3.04366326332092e+00  3.95979452878237e-03 -9.45264816284180e-01  0.00000000000000e+00
  5.49154275529062e+04  3.04834556579590e+00  4.32862900197506e-03 -1.03738451004028e+00  0.00000000000000e+00
  5.49191558144871e+04  3.04326224327087e+00  4.15137689560652e-03 -9.87140059471130e-01  0.00000000000000e+00
  5.49228840761989e+04  3.04731440544128e+00  4.27132472395897e-03 -9.89471256732941e-01  0.00000000000000e+00
  5.49266123377766e+04  3.04356527328491e+00  4.18644770979881e-03 -1.04493892192841e+00  0.00000000000000e+00
  5.49303405993946e+04  3.05137300491333e+00  4.18034475296736e-03 -1.08516561985016e+00  0.00000000000000e+00
  5.49340688605660e+04  3.04878687858582e+00  4.25919331610203e-03 -1.01872420310974e+00  0.00000000000000e+00
  5.49377971215868e+04  3.04624605178833e+00  3.67319001816213e-03 -1.08504581451416e+00  0.00000000000000e+00
  5.49415253826089e+04  3.05059862136841e+00  4.11579990759492e-03 -1.04011487960815e+00  0.00000000000000e+00
  5.49452536434675e+04  3.05065464973450e+00  4.08559385687113e-03 -1.03603243827820e+00  0.00000000000000e+00
  5.49489819041562e+04  3.04628181457520e+00  4.05789259821177e-03 -1.00008690357208e+00  0.00000000000000e+00
  5.49527101646642e+04  3.03933048248291e+00  4.25102282315493e-03 -9.65464174747467e-01  0.00000000000000e+00
  5.49564384250395e+04  3.05061316490173e+00  3.98042704910040e-03 -9.42213356494904e-01  0.00000000000000e+00
  5.49601666854050e+04  3.05008459091187e+00  3.78190982155502e-03 -9.73029255867004e-01  0.00000000000000e+00
  5.49638949456030e+04  3.04746627807617e+00  3.70058510452509e-03 -1.00886237621307e+00  0.00000000000000e+00
  5.49676232056100e+04  3.05023550987244e+00  3.86065710335970e-03 -1.09183514118195e+00  0.00000000000000e+00
  5.49713514656529e+04  3.04786062240601e+00  3.74021846801043e-03 -1.05575168132782e+00  0.00000000000000e+00
  5.49750797252637e+04  3.04895162582397e+00  3.76230059191585e-03 -1.09161472320557e+00  0.00000000000000e+00
  5.49788079849015e+04  3.04765343666077e+00  3.85889643803239e-03 -1.05279374122620e+00  0.00000000000000e+00
  5.49825362446007e+04  3.04654049873352e+00  3.96101642400026e-03 -9.84456598758698e-01  0.00000000000000e+00
  5.49862645040533e+04  3.04613494873047e+00  3.80311487242579e-03 -9.84037041664124e-01  0.00000000000000e+00
  5.49899927637464e+04  3.04937672615051e+00  4.07421309500933e-03 -1.03339052200317e+00  0.00000000000000e+00
  5.49937210228993e+04  3.04608583450317e+00  4.34160605072975e-03 -1.03685796260834e+00  0.00000000000000e+00
  5.49974492823378e+04  3.05072855949402e+00  4.04669204726815e-03 -1.03024554252625e+00  0.00000000000000e+00
  5.50011775413460e+04  3.04897856712341e+00  4.12742234766483e-03 -9.97199237346649e-01  0.00000000000000e+00
  5.50049058005474e+04  3.05130171775818e+00  4.02945466339588e-03 -9.49229180812836e-01  0.00000000000000e+00
  5.50086340597210e+04  3.04892945289612e+00  4.26285900175571e-03 -1.01905703544617e+00  0.00000000000000e+00
  5.50123623188032e+04  3.04857420921326e+00  4.22768993303180e-03 -9.61070001125336e-01  0.00000000000000e+00
  5.50160905778867e+04  3.05110931396484e+00  3.62558709457517e-03 -1.04335868358612e+00  0.00000000000000e+00
  5.50198188369872e+04  3.05095887184143e+00  4.08350676298141e-03 -9.47061121463776e-01  0.00000000000000e+00
  5.50235470963218e+04  3.05069327354431e+00  4.32757195085287e-03 -9.86094832420349e-01  0.00000000000000e+00
  5.50285986111410e+04  1.25101792812347e+00  5.00000023748726e-04 -6.99999988079071e-01  0.00000000000000e+00
  5.50290972229562e+04  3.05576920509338e+00  3.97044001147151e-03 -1.05832564830780e+00  0.00000000000000e+00
  5.50328254822777e+04  3.05295491218567e+00  3.66638950072229e-03 -1.05782639980316e+00  0.00000000000000e+00
  5.50365537413750e+04  3.05056452751160e+00  3.96854430437088e-03 -1.01565515995026e+00  0.00000000000000e+00
  5.50402820006980e+04  3.05145382881165e+00  3.48472851328552e-03 -1.08771693706512e+00  0.00000000000000e+00
  5.50440102602305e+04  3.05165958404541e+00  4.28960286080837e-03 -1.02725970745087e+00  0.00000000000000e+00
  5.50477385197327e+04  3.05378866195679e+00  3.62688000313938e-03 -1.05974745750427e+00  0.00000000000000e+00
  5.50514667792187e+04  3.04939079284668e+00  4.63982624933124e-03 -1.00976717472076e+00  0.00000000000000e+00
  5.50551950389156e+04  3.05066418647766e+00  4.31770086288452e-03 -9.63962256908417e-01  0.00000000000000e+00
  5.50589232988276e+04  3.05537438392639e+00  4.21540392562747e-03 -1.05127525329590e+00  0.00000000000000e+00
  5.50626515587523e+04  3.04899263381958e+00  4.48001222684979e-03 -9.52777981758118e-01  0.00000000000000e+00
  5.50663798176920e+04  3.05974078178406e+00  4.18308796361089e-03 -1.04356408119202e+00  0.00000000000000e+00
  5.50701080766470e+04  3.05395078659058e+00  3.54177970439196e-03 -1.02517688274384e+00  0.00000000000000e+00
  5.50738363355950e+04  3.05196237564087e+00  3.92519822344184e-03 -1.03679800033569e+00  0.00000000000000e+00
  5.50775645948959e+04  3.04795432090759e+00  4.00552432984114e-03 -1.02815663814545e+00  0.00000000000000e+00
  5.50812928540508e+04  3.04968333244324e+00  4.72191441804171e-03 -1.01586496829987e+00  0.00000000000000e+00
  5.50850211138817e+04  3.05336475372314e+00  3.97447822615504e-03 -9.96590733528137e-01  0.00000000000000e+00
  5.50887493735035e+04  3.05649638175964e+00  4.18267818167806e-03 -1.00093531608582e+00  0.00000000000000e+00
  5.50924776337638e+04  3.04666399955750e+00  4.64898673817515e-03 -8.86807024478912e-01  0.00000000000000e+00
  5.50962058933032e+04  3.05412793159485e+00  4.57412563264370e-03 -9.45645332336426e-01  0.00000000000000e+00
  5.50999341528705e+04  3.05243229866028e+00  4.61890781298280e-03 -9.98192250728607e-01  0.00000000000000e+00
  5.51036624126145e+04  3.05405378341675e+00  4.30525699630380e-03 -9.71682786941528e-01  0.00000000000000e+00
  5.51073906731272e+04  3.05309128761292e+00  3.82479513064027e-03 -1.03257524967194e+00  0.00000000000000e+00
  5.51111189331238e+04  3.05206131935120e+00  3.91285307705402e-03 -1.02142453193665e+00  0.00000000000000e+00
  5.51148471931736e+04  3.05372762680054e+00  4.41423011943698e-03 -9.04840290546417e-01  0.00000000000000e+00
  5.51185754533532e+04  3.05726051330566e+00  3.97835019975901e-03 -1.07362794876099e+00  0.00000000000000e+00
  5.51223037136285e+04  3.05480718612671e+00  4.20022243633866e-03 -1.06663656234741e+00  0.00000000000000e+00
  5.51260319739028e+04  3.05507016181946e+00  4.36177989467978e-03 -8.96548926830292e-01  0.00000000000000e+00
  5.51297602341643e+04  3.06062793731689e+00  4.20997198671103e-03 -1.05410444736481e+00  0.00000000000000e+00
  5.51334884955901e+04  3.05965375900269e+00  4.37094690278172e-03 -9.64501500129700e-01  0.00000000000000e+00
  5.51372167579747e+04  3.05482792854309e+00  4.35732863843441e-03 -1.04058349132538e+00  0.00000000000000e+00
  5.51409450204432e+04  3.05590510368347e+00  3.68862389586866e-03 -9.65698182582855e-01  0.00000000000000e+00
  5.51446732828184e+04  3.05733299255371e+00  3.67372576147318e-03 -9.90491807460785e-01  0.00000000000000e+00
  5.51484015456887e+04  3.06185007095337e+00  3.53412027470767e-03 -1.06926655769348e+00  0.00000000000000e+00
  5.51521298083947e+04  3.06038713455200e+00  4.08427044749260e-03 -9.89740908145905e-01  0.00000000000000e+00
  5.51558580714838e+04  3.05978322029114e+00  3.80594795569777e-03 -1.00134980678558e+00  0.00000000000000e+00
  5.51595863342512e+04  3.05961084365845e+00  4.17967513203621e-03 -9.93876636028290e-01  0.00000000000000e+00
  5.51633145972776e+04  3.05938744544983e+00  3.83178261108696e-03 -9.98989105224609e-01  0.00000000000000e+00
  5.51670428604861e+04  3.05830335617065e+00  3.66834760643542e-03 -1.05712509155273e+00  0.00000000000000e+00
  5.51707711238310e+04  3.05838203430176e+00  4.01726225391030e-03 -1.03363585472107e+00  0.00000000000000e+00
  5.51744993868541e+04  3.05869626998901e+00  4.17627301067114e-03 -9.89118218421936e-01  0.00000000000000e+00
  5.51782276498889e+04  3.06306982040405e+00  4.20000450685620e-03 -1.00194573402405e+00  0.00000000000000e+00
  5.51819559130916e+04  3.05626821517944e+00  3.97320464253426e-03 -9.78282570838928e-01  0.00000000000000e+00
  5.51856841759097e+04  3.05782318115234e+00  3.82129941135645e-03 -1.03239691257477e+00  0.00000000000000e+00
  5.51894124385429e+04  3.06020927429199e+00  3.97811178117990e-03 -1.00572097301483e+00  0.00000000000000e+00
  5.51931407018217e+04  3.06115102767944e+00  4.13163006305695e-03 -1.03294527530670e+00  0.00000000000000e+00
  5.51968689648517e+04  3.06078171730042e+00  3.66523815318942e-03 -1.08162164688110e+00  0.00000000000000e+00
  5.52005972278437e+04  3.06475496292114e+00  4.10951860249043e-03 -9.76650118827820e-01  0.00000000000000e+00
  5.52043254902847e+04  3.05729985237122e+00  3.69672127999365e-03 -1.04924857616425e+00  0.00000000000000e+00
  5.52080537529029e+04  3.06499242782593e+00  3.89128807000816e-03 -1.00371301174164e+00  0.00000000000000e+00
  5.52117820162513e+04  3.06467485427856e+00  3.99705627933145e-03 -1.04302668571472e+00  0.00000000000000e+00
  5.52165520841458e+04  1.25566184520721e+00  5.00000023748726e-04 -6.99999988079071e-01  0.00000000000000e+00
  5.52173854169745e+04  3.06110239028931e+00  3.82156227715313e-03 -9.76104080677032e-01  0.00000000000000e+00
  5.52211136802780e+04  3.05961132049561e+00  4.21909056603909e-03 -9.90084588527679e-01  0.00000000000000e+00
  5.52248419443530e+04  3.05860137939453e+00  4.00488916784525e-03 -1.00825822353363e+00  0.00000000000000e+00
  5.52285702079489e+04  3.06235671043396e+00  3.92225524410605e-03 -1.03357923030853e+00  0.00000000000000e+00
  5.52322984714722e+04  3.06355023384094e+00  3.84282157756388e-03 -1.02537083625793e+00  0.00000000000000e+00
  5.52360267350359e+04  3.06172537803650e+00  3.74644505791366e-03 -1.05325591564178e+00  0.00000000000000e+00
  5.52397549987753e+04  3.06010246276855e+00  3.94365331158042e-03 -9.95238304138184e-01  0.00000000000000e+00
  5.52434832622663e+04  3.06111121177673e+00  4.33561252430081e-03 -9.45777058601379e-01  0.00000000000000e+00
  5.52472115257014e+04  3.06063961982727e+00  3.96221829578280e-03 -1.06578612327576e+00  0.00000000000000e+00
  5.52509397893554e+04  3.06021070480347e+00  4.12724260240793e-03 -1.07542049884796e+00  0.00000000000000e+00
  5.52546680526262e+04  3.05600237846375e+00  4.29160660132766e-03 -9.78829503059387e-01  0.00000000000000e+00
  5.52583963156390e+04  3.06461834907532e+00  3.89776914380491e-03 -9.44242656230927e-01  0.00000000000000e+00
  5.52621245789735e+04  3.06636977195740e+00  4.20284178107977e-03 -1.03585946559906e+00  0.00000000000000e+00
  5.52658528421239e+04  3.06009125709534e+00  3.88565566390753e-03 -1.02176249027252e+00  0.00000000000000e+00
  5.52695811051053e+04  3.06279969215393e+00  4.08972473815084e-03 -1.02562499046326e+00  0.00000000000000e+00
  5.52733093683970e+04  3.06427860260010e+00  3.82613902911544e-03 -1.02889502048492e+00  0.00000000000000e+00
  5.52770376311783e+04  3.06285667419434e+00  4.51571587473154e-03 -1.00778889656067e+00  0.00000000000000e+00
  5.52807658942233e+04  3.06543350219727e+00  4.41713957116008e-03 -9.83681678771973e-01  0.00000000000000e+00
  5.52844941567778e+04  3.06571054458618e+00  4.19753091409802e-03 -1.00663769245148e+00  0.00000000000000e+00
  5.52882224194721e+04  3.06436657905579e+00  4.29922109469771e-03 -9.86899316310883e-01  0.00000000000000e+00
  5.52919506822883e+04  3.06812262535095e+00  3.96734708920121e-03 -1.04391682147980e+00  0.00000000000000e+00
  5.52956789449477e+04  3.06715893745422e+00  3.74905695207417e-03 -1.05346417427063e+00  0.00000000000000e+00
  5.52994072082292e+04  3.06940269470215e+00  3.98758845403790e-03 -1.01745533943176e+00  0.00000000000000e+00
  5.53031354689351e+04  3.07007884979248e+00  4.29017841815948e-03 -9.96460676193237e-01  0.00000000000000e+00
  5.53068637307153e+04  3.06560373306274e+00  3.81392845883965e-03 -1.04637432098389e+00  0.00000000000000e+00
  5.53105919921295e+04  3.06504154205322e+00  4.14326367899776e-03 -9.62480187416077e-01  0.00000000000000e+00
  5.53143202539166e+04  3.06773138046265e+00  3.88908316381276e-03 -1.01260387897491e+00  0.00000000000000e+00
  5.53180485151423e+04  3.06946611404419e+00  4.13014320656657e-03 -1.01813483238220e+00  0.00000000000000e+00
  5.53217767755938e+04  3.06899857521057e+00  4.29152790457010e-03 -9.82973873615265e-01  0.00000000000000e+00
  5.53255050355323e+04  3.06867432594299e+00  3.77395865507424e-03 -1.06864869594574e+00  0.00000000000000e+00
  5.53296666673832e+04  1.25687801837921e+00  5.00000023748726e-04 -6.99999988079071e-01  0.00000000000000e+00
  5.53303541667384e+04  3.07193636894226e+00  4.05637873336673e-03 -9.69297051429749e-01  0.00000000000000e+00
  5.53340824270844e+04  3.06805205345154e+00  4.06442908570170e-03 -9.78214204311371e-01  0.00000000000000e+00
  5.53378106864109e+04  3.06663250923157e+00  4.43743774667382e-03 -9.67010736465454e-01  0.00000000000000e+00
  5.53415389454630e+04  3.06708860397339e+00  3.62110929563642e-03 -1.08535969257355e+00  0.00000000000000e+00
  5.53452672048843e+04  3.06944298744202e+00  3.88437393121421e-03 -1.03280794620514e+00  0.00000000000000e+00
  5.53490416671389e+04  1.25868487358093e+00  5.00000023748726e-04 -6.99999988079071e-01  0.00000000000000e+00
  5.53505625001794e+04  3.07034182548523e+00  3.76895559020340e-03 -1.02975642681122e+00  0.00000000000000e+00
  5.53543750006228e+04  1.25837743282318e+00  5.00000023748726e-04 -6.99999988079071e-01  0.00000000000000e+00
  5.53557500005092e+04  3.06891107559204e+00  3.94178554415703e-03 -1.10246002674103e+00  0.00000000000000e+00
  5.53594782584873e+04  3.07195210456848e+00  4.37696557492018e-03 -1.00524306297302e+00  0.00000000000000e+00
  5.53632065162419e+04  3.07419371604919e+00  4.07170178368688e-03 -9.92831528186798e-01  0.00000000000000e+00
  5.53669347743219e+04  3.07271695137024e+00  3.67533043026924e-03 -1.03672063350677e+00  0.00000000000000e+00
  5.53706630308182e+04  3.07301855087280e+00  3.63556062802672e-03 -1.02952873706818e+00  0.00000000000000e+00
  5.53743912874547e+04  3.07450747489929e+00  3.74825112521648e-03 -1.02969884872437e+00  0.00000000000000e+00
  5.53781195438597e+04  3.07223987579346e+00  3.76706244423985e-03 -9.99246954917908e-01  0.00000000000000e+00
  5.53818478005637e+04  3.07082200050354e+00  4.07153833657503e-03 -9.93466973304749e-01  0.00000000000000e+00
  5.53855760570277e+04  3.07368540763855e+00  3.70765198022127e-03 -9.73648786544800e-01  0.00000000000000e+00
  5.53893043136504e+04  3.07258367538452e+00  3.60363698564470e-03 -1.02141153812408e+00  0.00000000000000e+00
  5.53930325701100e+04  3.07498693466187e+00  4.02042083442211e-03 -9.91678595542908e-01  0.00000000000000e+00
  5.53967608272834e+04  3.07203531265259e+00  3.73349874280393e-03 -1.00159907341003e+00  0.00000000000000e+00
  5.54004890837303e+04  3.07890391349792e+00  3.77398123964667e-03 -9.69461679458618e-01  0.00000000000000e+00
  5.54042173407055e+04  3.07235145568848e+00  3.74951236881316e-03 -1.05428183078766e+00  0.00000000000000e+00
  5.54116738545463e+04  3.07140302658081e+00  5.33506972715259e-03 -9.78958845138550e-01  0.00000000000000e+00
