  5.21309998712442e+04 -8.87547075748444e-01 -8.68856310844421e-01 -1.00570750236511e+00 -1.03808653354645e+00
  5.21347281046878e+04 -9.14913415908813e-01 -9.16649401187897e-01 -9.89828348159790e-01 -9.97964441776276e-01
  5.21384563382441e+04 -8.78913402557373e-01 -8.98424088954926e-01 -9.27665948867798e-01 -9.31332111358643e-01
  5.21421845719525e+04 -9.13469612598419e-01 -9.58942413330078e-01 -8.88058423995972e-01 -1.03505814075470e+00
  5.21459128054655e+04 -8.83465647697449e-01 -8.70129048824310e-01 -1.01712870597839e+00 -9.53871428966522e-01
  5.21496410384886e+04 -1.24483251571655e+00 -9.04788196086884e-01 -9.62702631950378e-01 -9.01209652423859e-01
  5.21533692710499e+04 -8.79455924034119e-01 -7.65120863914490e-01 -1.01104855537415e+00 -9.66907262802124e-01
  5.21570975034480e+04 -9.38060045242310e-01 -9.14461314678192e-01 -1.02124989032745e+00 -1.02477657794952e+00
  5.21608257388101e+04 -9.34891223907471e-01 -9.14136826992035e-01 -9.60886120796204e-01 -9.80522155761719e-01
  5.21666250005311e+04 -7.01137959957123e-01 -6.44704341888428e-01 -7.21798121929169e-01 -6.78010046482086e-01
  5.21673750004977e+04 -9.69264209270477e-01 -8.37705314159393e-01 -9.29794669151306e-01 -9.20559823513031e-01
  5.21711032361123e+04 -9.04368698596954e-01 -8.16768646240234e-01 -9.27798807621002e-01 -9.88299727439880e-01
  5.21748314705902e+04 -9.28324639797211e-01 -9.89330112934113e-01 -9.89400804042816e-01 -9.59159016609192e-01
  5.21785597052801e+04 -8.38422119617462e-01 -9.00528550148010e-01 -9.81091320514679e-01 -9.00685310363770e-01
  5.21822879417800e+04 -8.95249009132385e-01 -9.01613593101501e-01 -9.84543323516846e-01 -9.99660849571228e-01
  5.21860161770762e+04 -8.95389795303345e-01 -9.73537087440491e-01 -8.66987824440002e-01 -9.84118521213531e-01
  5.21897444126146e+04 -9.43594515323639e-01 -8.65546047687531e-01 -1.03231060504913e+00 -9.79039311408997e-01
  5.21934726508287e+04 -8.51621985435486e-01 -9.55823600292206e-01 -9.40981626510620e-01 -9.12669241428375e-01
  5.21972008871654e+04 -9.22373175621033e-01 -9.45600807666779e-01 -1.00764095783234e+00 -9.54867005348206e-01
  5.22009291248667e+04 -8.94658207893372e-01 -9.66006696224213e-01 -1.05603241920471e+00 -9.80460643768311e-01
  5.22046573620418e+04 -9.22126293182373e-01 -9.58401799201965e-01 -1.01937270164490e+00 -9.61493492126465e-01
  5.22083856009492e+04 -8.30310046672821e-01 -9.24305915832520e-01 -9.55283880233765e-01 -9.97231721878052e-01
  5.22121138397650e+04 -9.89491939544678e-01 -8.73647332191467e-01 -9.42323088645935e-01 -9.42756712436676e-01
  5.22186875000291e+04 -8.24023902416229e-01 -7.29905188083649e-01 -8.17850828170776e-01 -8.12742471694946e-01
  5.22200000003866e+04 -1.07797777652740e+00 -8.93633902072906e-01 -9.89206969738007e-01 -9.57580089569092e-01
  5.22237282384665e+04 -9.84124183654785e-01 -8.80850493907928e-01 -9.13730919361115e-01 -9.90536212921143e-01
  5.22274564790914e+04 -8.99319469928741e-01 -9.97167408466339e-01 -9.68274831771851e-01 -9.89033222198486e-01
  5.22311847183681e+04 -9.23771977424622e-01 -9.23041284084320e-01 -1.01321113109589e+00 -1.05294513702393e+00
  5.22349129592338e+04 -9.37726378440857e-01 -8.56820583343506e-01 -8.67607176303864e-01 -9.58142220973969e-01
  5.22386411994585e+04 -9.32435214519501e-01 -8.95497202873230e-01 -9.71182763576508e-01 -1.02922594547272e+00
  5.22423694396595e+04 -1.00845801830292e+00 -9.40737605094910e-01 -1.06605494022369e+00 -9.81760442256927e-01
  5.22460976815904e+04 -9.36260163784027e-01 -8.81572365760803e-01 -9.93808567523956e-01 -1.05944013595581e+00
  5.22498259227721e+04 -9.14580881595612e-01 -9.10836160182953e-01 -9.21933174133301e-01 -1.01774799823761e+00
  5.22535541654237e+04 -8.72720897197723e-01 -8.73201966285706e-01 -9.42027509212494e-01 -9.08809006214142e-01
  5.22572824069863e+04 -9.11501884460449e-01 -9.40738856792450e-01 -9.85003769397736e-01 -9.26034271717072e-01
  5.22610106485685e+04 -9.09101665019989e-01 -9.27359521389008e-01 -9.12072002887726e-01 -9.56300675868988e-01
  5.22647388921238e+04 -9.23570930957794e-01 -8.59076440334320e-01 -1.02646684646606e+00 -9.90134239196777e-01
  5.22684671344480e+04 -8.96950006484985e-01 -9.38719451427460e-01 -1.02289235591888e+00 -9.29059624671936e-01
  5.22721953767513e+04 -7.96483874320984e-01 -9.22755956649780e-01 -9.10467088222504e-01 -9.98361766338348e-01
  5.22759236210716e+04 -8.97723913192749e-01 -8.70633363723755e-01 -1.00442779064178e+00 -9.73311066627502e-01
  5.22796518640708e+04 -9.16540861129761e-01 -9.54947113990784e-01 -9.96196568012238e-01 -9.84296262264252e-01
  5.22833801074191e+04 -9.31045472621918e-01 -8.61959636211395e-01 -1.02498376369476e+00 -1.02238953113556e+00
  5.22906250006377e+04 -7.51379013061523e-01 -7.57078945636749e-01 -8.31073403358459e-01 -8.38038623332977e-01
  5.22909791668705e+04 -9.86719131469727e-01 -9.02486681938171e-01 -1.03831326961517e+00 -1.04033136367798e+00
  5.22947074099965e+04 -8.81809711456299e-01 -9.27570819854736e-01 -1.06946051120758e+00 -9.30869996547699e-01
  5.22984356532778e+04 -8.15703809261322e-01 -8.82352113723755e-01 -9.41307425498962e-01 -9.32236492633820e-01
  5.23021638964097e+04 -8.59955489635468e-01 -8.50248456001282e-01 -8.67826342582703e-01 -9.58350062370300e-01
  5.23058921412292e+04 -9.58009183406830e-01 -8.21999967098236e-01 -9.49828684329987e-01 -9.52488839626312e-01
  5.23096203838263e+04 -8.84362637996674e-01 -9.62663054466248e-01 -9.53850686550140e-01 -9.23074305057526e-01
  5.23133486272152e+04 -9.11314964294434e-01 -9.32752311229706e-01 -9.57618355751038e-01 -9.59436058998108e-01
  5.23170768706330e+04 -8.32191348075867e-01 -8.97895216941833e-01 -9.30589914321899e-01 -1.02388870716095e+00
  5.23208051139422e+04 -8.82097423076630e-01 -1.00768458843231e+00 -9.96351778507233e-01 -8.99763286113739e-01
  5.23245333573670e+04 -9.16365265846252e-01 -8.93507063388824e-01 -1.02970612049103e+00 -9.68587100505829e-01
  5.23310833333993e+04 -7.24236488342285e-01 -6.78320467472076e-01 -7.79290020465851e-01 -7.53685474395752e-01
  5.23314319452801e+04 -1.06557786464691e+00 -1.04589855670929e+00 -9.44730043411255e-01 -8.89347851276398e-01
  5.23351601865557e+04 -8.83343219757080e-01 -7.93861269950867e-01 -1.02534246444702e+00 -9.46127712726593e-01
  5.23388884279237e+04 -9.23559844493866e-01 -8.95001828670502e-01 -9.62613761425018e-01 -1.01724398136139e+00
  5.23426166692837e+04 -8.90734851360321e-01 -8.36217820644379e-01 -9.47010993957520e-01 -9.46790635585785e-01
  5.23463454437963e+04 -9.26928341388702e-01 -7.89474070072174e-01 -1.00911247730255e+00 -1.03827524185181e+00
  5.23500736851830e+04 -9.11193549633026e-01 -9.43694829940796e-01 -9.72439169883728e-01 -9.72322165966034e-01
  5.23538019251796e+04 -9.88000392913818e-01 -9.49532926082611e-01 -9.68438625335693e-01 -1.03087079524994e+00
  5.23575301658831e+04 -8.83377492427826e-01 -1.00428533554077e+00 -9.82213437557220e-01 -9.82781529426575e-01
  5.23612584067327e+04 -8.80504190921783e-01 -9.15284991264343e-01 -1.03125834465027e+00 -1.02048528194427e+00
  5.23649866475621e+04 -9.44483757019043e-01 -7.96706974506378e-01 -9.61928963661194e-01 -9.11378085613251e-01
  5.23687148867256e+04 -8.47632586956024e-01 -9.33301270008087e-01 -1.07972753047943e+00 -1.00593495368958e+00
  5.23724431268555e+04 -9.13581371307373e-01 -9.26811337471008e-01 -1.04375433921814e+00 -1.05582702159882e+00
  5.23761713670463e+04 -8.53801190853119e-01 -8.78285527229309e-01 -1.01371991634369e+00 -1.01421558856964e+00
  5.23798996071354e+04 -8.23469877243042e-01 -8.28258454799652e-01 -1.02801740169525e+00 -9.52978789806366e-01
  5.23836278454978e+04 -8.85861039161682e-01 -8.77284407615662e-01 -9.12495076656342e-01 -1.02028203010559e+00
  5.23873560850139e+04 -8.43558132648468e-01 -9.35768604278564e-01 -8.83832097053528e-01 -9.75409030914307e-01
  5.23910843245219e+04 -8.91921043395996e-01 -8.77424418926239e-01 -8.81226241588593e-01 -9.41025197505951e-01
  5.23948125638634e+04 -9.06760215759277e-01 -8.10058653354645e-01 -1.02350366115570e+00 -9.27051544189453e-01
  5.23985408019004e+04 -9.66244816780090e-01 -8.88736367225647e-01 -9.63542163372040e-01 -9.76721763610840e-01
  5.24025833334432e+04 -7.67397046089172e-01 -7.24271535873413e-01 -8.07503044605255e-01 -7.92957901954651e-01
  5.24030000000625e+04 -9.96132075786591e-01 -8.71698617935181e-01 -9.71075773239136e-01 -1.01219892501831e+00
  5.24067282394317e+04 -9.53911602497101e-01 -8.92295241355896e-01 -9.72496986389160e-01 -1.06923365592957e+00
  5.24104564765857e+04 -9.40626621246338e-01 -8.67417991161346e-01 -1.10438823699951e+00 -9.73339974880219e-01
  5.24141847149456e+04 -8.71150135993958e-01 -9.09428238868713e-01 -1.00536119937897e+00 -9.21742379665375e-01
  5.24179129531945e+04 -8.65309596061707e-01 -9.42153632640839e-01 -9.37052547931671e-01 -9.89467501640320e-01
  5.24216411914606e+04 -8.99260878562927e-01 -8.40951383113861e-01 -9.03609275817871e-01 -8.86665582656860e-01
  5.24253694287349e+04 -8.93549561500549e-01 -8.43735873699188e-01 -9.78613972663879e-01 -8.96897733211517e-01
  5.24290976669918e+04 -8.56515288352966e-01 -8.04304957389832e-01 -9.88399684429169e-01 -9.32353734970093e-01
  5.24328259041668e+04 -9.58001315593719e-01 -9.48359310626984e-01 -1.00711238384247e+00 -1.03886604309082e+00
  5.24365541420325e+04 -9.10996675491333e-01 -9.34898555278778e-01 -9.40833568572998e-01 -9.69408333301544e-01
  5.24402823800278e+04 -8.88062715530396e-01 -8.96127104759216e-01 -8.98761928081512e-01 -9.64307904243469e-01
  5.24440106186989e+04 -9.23676848411560e-01 -8.99805068969727e-01 -9.67502772808075e-01 -9.57199633121490e-01
  5.24477388564212e+04 -9.27726209163666e-01 -8.55236768722534e-01 -9.46171939373016e-01 -1.05118143558502e+00
  5.24514670942081e+04 -9.68984901905060e-01 -8.80947351455688e-01 -9.90213811397552e-01 -9.88545894622803e-01
  5.24551953321051e+04 -9.71244513988495e-01 -1.04466581344604e+00 -9.70169782638550e-01 -8.98289024829865e-01
  5.24589235701482e+04 -9.80365931987762e-01 -9.15715515613556e-01 -1.05109763145447e+00 -9.48758602142334e-01
  5.24626518080290e+04 -9.47825431823730e-01 -8.67805182933807e-01 -9.93812024593353e-01 -9.44823682308197e-01
  5.24663800463357e+04 -8.88181209564209e-01 -8.98653686046600e-01 -9.45405840873718e-01 -9.25651848316193e-01
  5.24701082845033e+04 -9.94897723197937e-01 -9.71149742603302e-01 -9.61393117904663e-01 -1.01835477352142e+00
  5.24738365227226e+04 -8.74423503875732e-01 -8.11605632305145e-01 -9.81699526309967e-01 -9.24972712993622e-01
  5.24775647610486e+04 -9.32389616966248e-01 -8.97657096385956e-01 -9.80974256992340e-01 -1.04078388214111e+00
  5.24812929993751e+04 -7.35065102577209e-01 -9.07427906990051e-01 -9.68954265117645e-01 -9.56586837768555e-01
  5.24856222230941e+04 -6.99573397636414e-01 -7.00802266597748e-01 -8.22839498519897e-01 -8.00424277782440e-01
  5.24860416675244e+04 -8.87234508991241e-01 -9.44596827030182e-01 -1.00099897384644e+00 -1.01953077316284e+00
  5.24897699064444e+04 -9.54093217849731e-01 -9.09218370914459e-01 -1.00614738464355e+00 -9.03001129627228e-01
  5.24934981452383e+04 -9.33763742446899e-01 -8.77991139888763e-01 -8.88536691665649e-01 -1.05128192901611e+00
  5.24972263845592e+04 -8.43367695808411e-01 -9.84829843044281e-01 -1.03460311889648e+00 -9.60501134395599e-01
  5.25009546240938e+04 -9.36664760112762e-01 -9.29937422275543e-01 -9.37323868274689e-01 -8.52751731872559e-01
  5.25046828637420e+04 -8.89801144599915e-01 -9.71692502498627e-01 -9.36985552310944e-01 -8.66858482360840e-01
  5.25084111030511e+04 -8.61318111419678e-01 -9.41101014614105e-01 -9.26543891429901e-01 -9.56816554069519e-01
  5.25121393429733e+04 -8.24644148349762e-01 -9.32781040668488e-01 -8.95740270614624e-01 -8.33479702472687e-01
  5.25158675834341e+04 -1.00532293319702e+00 -9.13095712661743e-01 -1.03274464607239e+00 -1.01986360549927e+00
  5.25195958241482e+04 -9.53289449214935e-01 -8.68121385574341e-01 -9.31480646133423e-01 -8.46409440040588e-01
  5.25233240649617e+04 -7.71723806858063e-01 -8.90273213386536e-01 -9.54235494136810e-01 -1.00356101989746e+00
  5.25270523062860e+04 -9.26660180091858e-01 -8.83943915367126e-01 -9.49355125427246e-01 -9.59215462207794e-01
  5.25307805478415e+04 -8.76135647296906e-01 -9.48320686817169e-01 -1.02099776268005e+00 -9.79094386100769e-01
  5.25345087894956e+04 -8.96933436393738e-01 -9.55614209175110e-01 -9.71052765846252e-01 -9.49815213680267e-01
  5.25382370321655e+04 -8.96187365055084e-01 -9.16674137115479e-01 -9.16693687438965e-01 -9.38310921192169e-01
  5.25419652742176e+04 -9.28968489170074e-01 -9.71075534820557e-01 -9.60907638072968e-01 -8.95164310932159e-01
  5.25456935170960e+04 -8.82668972015381e-01 -8.89186203479767e-01 -9.31885182857513e-01 -9.81805264949799e-01
  5.25494217600163e+04 -9.00776386260986e-01 -9.10663485527039e-01 -1.05358362197876e+00 -1.02840125560760e+00
  5.25531500037061e+04 -9.15964663028717e-01 -9.87584292888641e-01 -1.01576721668243e+00 -1.00106954574585e+00
  5.25568782474317e+04 -8.78858685493469e-01 -8.42810690402985e-01 -9.31421756744385e-01 -1.00343930721283e+00
  5.25606064916724e+04 -9.79782640933990e-01 -8.61956417560577e-01 -8.54090213775635e-01 -9.31100666522980e-01
  5.25643347360701e+04 -9.06749665737152e-01 -7.65245139598846e-01 -9.58702743053436e-01 -9.48425710201263e-01
  5.25680629809515e+04 -9.30468261241913e-01 -8.26857984066010e-01 -9.43620145320892e-01 -9.40297842025757e-01
  5.25717912263321e+04 -8.89162242412567e-01 -9.20977771282196e-01 -1.00254118442535e+00 -1.01637113094330e+00
  5.25755194716573e+04 -8.56070816516876e-01 -9.36978101730347e-01 -9.76547300815582e-01 -1.01904392242432e+00
  5.25792477174966e+04 -8.91050755977631e-01 -8.84391725063324e-01 -1.05045485496521e+00 -9.73907589912415e-01
  5.25837534723345e+04 -6.98865950107574e-01 -7.40556955337524e-01 -8.59896719455719e-01 -8.34864616394043e-01
  5.25841701397489e+04 -8.78896653652191e-01 -8.65197718143463e-01 -1.00962007045746e+00 -1.00614249706268e+00
  5.25878983861064e+04 -1.03709423542023e+00 -9.11876082420349e-01 -9.33364570140839e-01 -9.71694409847260e-01
  5.25916266333611e+04 -8.71535301208496e-01 -7.46003985404968e-01 -9.80167031288147e-01 -9.66912984848022e-01
  5.25953548807548e+04 -9.22930538654327e-01 -9.21976149082184e-01 -9.52166795730591e-01 -9.83999907970428e-01
  5.25990831280567e+04 -9.30981993675232e-01 -8.60367357730865e-01 -9.28388893604279e-01 -9.90594089031219e-01
  5.26028113759826e+04 -8.55426251888275e-01 -8.67163419723511e-01 -9.23380851745605e-01 -1.00891780853271e+00
  5.26065396240590e+04 -1.05762159824371e+00 -8.83650302886963e-01 -9.69238877296448e-01 -1.08873808383942e+00
  5.26102678727603e+04 -8.87190997600555e-01 -9.14781808853149e-01 -9.49266076087952e-01 -1.00345623493195e+00
  5.26139961216850e+04 -1.00009131431580e+00 -9.41704750061035e-01 -9.84137535095215e-01 -9.64270174503326e-01
  5.26177243702362e+04 -8.62911939620972e-01 -9.16054368019104e-01 -1.01134037971497e+00 -9.74096775054932e-01
  5.26214526189282e+04 -7.52281725406647e-01 -8.32224309444427e-01 -1.03976821899414e+00 -9.95438814163208e-01
  5.26251808682280e+04 -8.39026272296906e-01 -9.17098760604858e-01 -9.83884751796722e-01 -1.00986373424530e+00
  5.26289091173854e+04 -9.00869786739349e-01 -9.19149935245514e-01 -9.41964149475098e-01 -9.86754953861237e-01
  5.26326373670115e+04 -9.52429831027985e-01 -9.36250090599060e-01 -9.19399499893188e-01 -9.79224085807800e-01
  5.26363656168773e+04 -9.43560659885406e-01 -8.95505964756012e-01 -1.01554143428802e+00 -9.62061941623688e-01
  5.26400938668259e+04 -9.09553110599518e-01 -8.45475852489471e-01 -9.77981865406036e-01 -9.45213139057159e-01
  5.26438221163124e+04 -9.33835864067078e-01 -1.01067638397217e+00 -9.68698084354401e-01 -1.08544075489044e+00
  5.26475503659920e+04 -8.78522038459778e-01 -8.51860284805298e-01 -9.62649405002594e-01 -1.00289773941040e+00
  5.26512786158798e+04 -9.08104717731476e-01 -9.02709424495697e-01 -1.01337671279907e+00 -1.08324217796326e+00
  5.26550068659445e+04 -9.19071257114410e-01 -9.32316303253174e-01 -8.95298779010773e-01 -9.94373381137848e-01
  5.26587351156539e+04 -8.40069115161896e-01 -8.17428827285767e-01 -9.37938749790192e-01 -9.54208195209503e-01
  5.26624633655925e+04 -8.09314608573914e-01 -9.59104299545288e-01 -9.45677459239960e-01 -9.81892287731171e-01
  5.26661916156413e+04 -9.01910781860352e-01 -9.14608895778656e-01 -9.42434489727020e-01 -1.02258467674255e+00
  5.26699198654307e+04 -9.45342838764191e-01 -9.04992401599884e-01 -1.00289249420166e+00 -1.00301146507263e+00
  5.26736481151680e+04 -9.02007758617401e-01 -8.83622348308563e-01 -9.66438114643097e-01 -9.77871060371399e-01
  5.26773763648982e+04 -8.99648189544678e-01 -9.43602144718170e-01 -9.34314429759979e-01 -9.87169981002808e-01
  5.26811046147626e+04 -9.07218396663666e-01 -8.84843826293945e-01 -9.96843039989471e-01 -1.08268642425537e+00
  5.26848328644617e+04 -7.97459900379181e-01 -8.74947309494019e-01 -9.63176846504211e-01 -9.26778733730316e-01
  5.26885611139423e+04 -9.85266923904419e-01 -8.61378610134125e-01 -9.88047540187836e-01 -9.59850966930389e-01
  5.26922893634259e+04 -1.01019251346588e+00 -8.44279766082764e-01 -1.03797507286072e+00 -1.00525414943695e+00
  5.26960176121805e+04 -8.50302517414093e-01 -8.65474760532379e-01 -9.72769498825073e-01 -1.00928556919098e+00
  5.26997458612754e+04 -8.61746788024902e-01 -9.25620675086975e-01 -1.02980601787567e+00 -9.65847969055176e-01
  5.27034741103102e+04 -9.12820875644684e-01 -9.85178232192993e-01 -9.80017662048340e-01 -9.96721386909485e-01
  5.27105243062604e+04 -6.97382509708405e-01 -6.82086050510406e-01 -7.34453022480011e-01 -7.21076548099518e-01
  5.27109687506251e+04 -8.85826170444489e-01 -8.55203866958618e-01 -9.32929515838623e-01 -9.72581624984741e-01
  5.27146969988937e+04 -8.71702790260315e-01 -8.67264091968536e-01 -1.05252182483673e+00 -1.02030479907990e+00
  5.27184252469372e+04 -8.39282155036926e-01 -7.95574903488159e-01 -1.04539811611176e+00 -9.90547001361847e-01
  5.27221534948681e+04 -8.67595314979553e-01 -8.68754625320435e-01 -1.00864779949188e+00 -9.84685540199280e-01
  5.27258817421399e+04 -8.57630372047424e-01 -8.13581526279449e-01 -9.12291169166565e-01 -9.68583285808563e-01
  5.27296099896597e+04 -8.00044000148773e-01 -9.38343942165375e-01 -1.03550040721893e+00 -9.69558417797089e-01
  5.27333382370183e+04 -9.54652190208435e-01 -9.33202564716339e-01 -9.56036746501923e-01 -1.03986537456512e+00
  5.27370664842964e+04 -8.74602079391479e-01 -9.35892224311829e-01 -9.15940403938293e-01 -1.01701498031616e+00
  5.27407947308785e+04 -9.17558848857880e-01 -9.53363835811615e-01 -1.04336130619049e+00 -9.78313982486725e-01
  5.27445229778971e+04 -8.92208933830261e-01 -9.07371044158936e-01 -9.59402441978455e-01 -9.93653774261475e-01
  5.27482512241632e+04 -9.35199260711670e-01 -9.36513006687164e-01 -9.40183401107788e-01 -9.79532182216644e-01
  5.27519794701100e+04 -9.11215841770172e-01 -9.92357313632965e-01 -9.31708037853241e-01 -9.05303657054901e-01
  5.27557077160625e+04 -8.85728359222412e-01 -8.54394137859344e-01 -8.94956886768341e-01 -9.39230859279633e-01
  5.27594359619791e+04 -8.69625091552734e-01 -9.50516879558563e-01 -9.28263425827026e-01 -1.00498068332672e+00
  5.27631642074339e+04 -8.97269129753113e-01 -9.39763426780701e-01 -9.35746252536774e-01 -1.04459655284882e+00
  5.27668924532698e+04 -9.13797914981842e-01 -8.68706583976746e-01 -9.13555085659027e-01 -1.01836657524109e+00
  5.27706206984282e+04 -9.48796093463898e-01 -8.07325124740601e-01 -1.03128361701965e+00 -9.66636538505554e-01
  5.27743489435764e+04 -1.02962517738342e+00 -9.12097215652466e-01 -1.01790273189545e+00 -9.86021161079407e-01
  5.27780771884849e+04 -9.39028322696686e-01 -8.92994761466980e-01 -9.50463354587555e-01 -9.29192662239075e-01
  5.27842805563626e+04 -7.77674794197083e-01 -7.97384023666382e-01 -8.35842013359070e-01 -8.17426681518555e-01
  5.27844027786088e+04 -9.69631195068359e-01 -8.93909692764282e-01 -9.82321977615356e-01 -8.94141793251038e-01
  5.27881310232478e+04 -1.01885294914246e+00 -8.31912815570831e-01 -9.73150670528412e-01 -9.41822886466980e-01
  5.27918592680822e+04 -9.92487192153931e-01 -9.15801227092743e-01 -9.05203759670258e-01 -9.39214944839478e-01
  5.27955875126842e+04 -9.91985440254211e-01 -8.70801925659180e-01 -9.67653810977936e-01 -1.02928376197815e+00
  5.27993157572732e+04 -9.33338761329651e-01 -8.91046524047852e-01 -9.54504191875458e-01 -9.58153307437897e-01
  5.28030440014165e+04 -9.33276057243347e-01 -8.60373020172119e-01 -9.16361570358276e-01 -1.02577888965607e+00
  5.28067722459874e+04 -8.83015275001526e-01 -8.41206550598145e-01 -9.63175117969513e-01 -9.51910257339478e-01
  5.28105004902533e+04 -9.54187691211700e-01 -9.59095418453217e-01 -1.00329101085663e+00 -9.08793747425079e-01
  5.28142287348231e+04 -9.22673404216766e-01 -8.55404257774353e-01 -1.01601505279541e+00 -9.87355172634125e-01
  5.28179569794535e+04 -8.05939018726349e-01 -9.39922571182251e-01 -9.74339127540588e-01 -9.39144611358643e-01
  5.28216852238264e+04 -8.40142667293549e-01 -9.42171931266785e-01 -9.94147717952728e-01 -9.48957681655884e-01
  5.28254134681968e+04 -8.62541854381561e-01 -8.38660180568695e-01 -9.61700618267059e-01 -9.84090745449066e-01
  5.28291417126077e+04 -8.70471894741058e-01 -8.45735251903534e-01 -9.56431567668915e-01 -9.93039131164551e-01
  5.28328699572778e+04 -8.81490647792816e-01 -9.55164372920990e-01 -1.04199707508087e+00 -9.51899647712708e-01
  5.28365982017326e+04 -9.12214577198029e-01 -8.57134163379669e-01 -9.80244100093842e-01 -9.65205907821655e-01
  5.28403264464155e+04 -9.58799779415131e-01 -8.93752634525299e-01 -1.02833080291748e+00 -9.22994077205658e-01
  5.28440546913483e+04 -8.47284853458405e-01 -8.11124026775360e-01 -9.14070725440979e-01 -9.78784441947937e-01
  5.28477829362940e+04 -7.89707124233246e-01 -8.27417969703674e-01 -1.09474468231201e+00 -9.67754840850830e-01
  5.28515111814664e+04 -8.73516619205475e-01 -1.03914690017700e+00 -9.31273937225342e-01 -1.00454735755920e+00
  5.28552394266678e+04 -8.44402730464935e-01 -9.57060813903809e-01 -8.89852404594421e-01 -8.86566579341888e-01
  5.28616458338831e+04 -7.63529896736145e-01 -7.68212914466858e-01 -7.83578813076019e-01 -7.42163896560669e-01
  5.28640500002661e+04 -1.00200653076172e+00 -9.42850470542908e-01 -9.51623141765594e-01 -9.39392328262329e-01
  5.28677782463252e+04 -9.50906097888947e-01 -8.60960066318512e-01 -9.86219882965088e-01 -9.96048986911774e-01
  5.28715064921828e+04 -1.04223918914795e+00 -8.79052579402924e-01 -8.92622649669647e-01 -9.46072876453400e-01
  5.28752347380728e+04 -8.48177909851074e-01 -8.82584393024445e-01 -8.87236773967743e-01 -1.05228710174561e+00
  5.28789629845798e+04 -8.22566211223602e-01 -8.56454551219940e-01 -1.01808094978333e+00 -9.00700926780701e-01
  5.28826912314675e+04 -9.79618787765503e-01 -8.46554279327393e-01 -9.82002615928650e-01 -9.45662558078766e-01
  5.28864194783946e+04 -9.26786601543427e-01 -8.70828628540039e-01 -9.85214829444885e-01 -9.65706110000610e-01
  5.28901477258496e+04 -9.08875584602356e-01 -8.82603049278259e-01 -9.77345824241638e-01 -9.55845952033997e-01
  5.28938759731133e+04 -8.66752624511719e-01 -8.18286955356598e-01 -1.00212693214417e+00 -9.70513522624969e-01
  5.28976042206586e+04 -9.43010747432709e-01 -8.74410450458527e-01 -1.03756034374237e+00 -1.04606080055237e+00
  5.29013324691480e+04 -9.63604390621185e-01 -9.08478856086731e-01 -8.47707688808441e-01 -9.88886594772339e-01
  5.29050607172223e+04 -8.38974475860596e-01 -9.29820954799652e-01 -8.97625446319580e-01 -1.01133930683136e+00
  5.29087889662813e+04 -8.65444660186768e-01 -8.54033052921295e-01 -1.05025899410248e+00 -1.02636635303497e+00
  5.29125172149849e+04 -9.13960874080658e-01 -8.55035424232483e-01 -9.49367761611938e-01 -9.28299069404602e-01
  5.29162454641355e+04 -9.14271771907806e-01 -9.44733381271362e-01 -9.69611704349518e-01 -8.99956285953522e-01
  5.29199737135832e+04 -8.78315806388855e-01 -8.93316626548767e-01 -1.06800019741058e+00 -9.29394602775574e-01
  5.29237019635197e+04 -9.03680622577667e-01 -8.32474172115326e-01 -9.86968517303467e-01 -9.96685862541199e-01
  5.29274302138241e+04 -8.91453444957733e-01 -8.85467112064362e-01 -1.00763380527496e+00 -8.51789355278015e-01
  5.29311584640753e+04 -9.42895889282227e-01 -8.85469079017639e-01 -9.65710043907166e-01 -9.94072020053864e-01
  5.29348867147976e+04 -9.17508542537689e-01 -9.68570947647095e-01 -9.35478687286377e-01 -9.70213592052460e-01
  5.29409479171836e+04 -7.87058472633362e-01 -7.31702685356140e-01 -7.84581243991852e-01 -7.91490852832794e-01
  5.29411805560647e+04 -8.81588041782379e-01 -1.01922667026520e+00 -9.59053695201874e-01 -9.84710991382599e-01
  5.29449088066563e+04 -9.01986956596375e-01 -9.27094936370850e-01 -9.12569046020508e-01 -9.77493464946747e-01
  5.29486370585787e+04 -8.79261016845703e-01 -9.02945041656494e-01 -9.75810050964355e-01 -9.38554108142853e-01
  5.29555659730705e+04 -7.14719772338867e-01 -7.13271617889404e-01 -8.28096270561218e-01 -8.05843293666840e-01
  5.29560000001954e+04 -8.15931320190430e-01 -7.93957293033600e-01 -1.07455646991730e+00 -1.03009057044983e+00
  5.29597282524491e+04 -8.89281630516052e-01 -8.32501292228699e-01 -1.02324342727661e+00 -8.73016655445099e-01
  5.29634565048934e+04 -9.45437908172607e-01 -9.22652602195740e-01 -9.48789775371552e-01 -1.02328252792358e+00
  5.29671847584781e+04 -7.97803759574890e-01 -8.76372694969177e-01 -9.76904213428497e-01 -9.91602838039398e-01
  5.29709130114583e+04 -9.61505532264709e-01 -1.00020682811737e+00 -8.48239481449127e-01 -9.35029327869415e-01
  5.29746412646610e+04 -9.67853128910065e-01 -9.05806958675385e-01 -9.96742546558380e-01 -9.89199042320251e-01
  5.29783695185116e+04 -8.86613011360168e-01 -8.93842518329620e-01 -9.33997988700867e-01 -9.00725603103638e-01
  5.29820977723612e+04 -9.88035082817078e-01 -8.86004209518433e-01 -1.08227491378784e+00 -1.04736018180847e+00
  5.29858260261875e+04 -9.51579749584198e-01 -8.98427426815033e-01 -9.43267583847046e-01 -9.55870389938354e-01
  5.29895542800278e+04 -9.78063464164734e-01 -8.05399835109711e-01 -1.00500047206879e+00 -9.19093966484070e-01
  5.29932825340949e+04 -9.41328942775726e-01 -9.49598550796509e-01 -9.91136133670807e-01 -1.01777899265289e+00
  5.29970107881642e+04 -9.33339297771454e-01 -9.36288058757782e-01 -1.01035892963409e+00 -9.46797370910645e-01
  5.30007390422385e+04 -8.06546151638031e-01 -8.48326623439789e-01 -9.15255606174469e-01 -8.86867642402649e-01
  5.30044672972860e+04 -8.93743336200714e-01 -8.90247285366058e-01 -1.04956805706024e+00 -9.50246155261993e-01
  5.30081955519584e+04 -8.68668675422668e-01 -8.93723547458649e-01 -1.07325792312622e+00 -8.69212508201599e-01
  5.30119238060950e+04 -9.11121845245361e-01 -9.60785269737244e-01 -1.00854051113129e+00 -9.73087906837463e-01
  5.30156520601888e+04 -7.84753382205963e-01 -9.48768675327301e-01 -9.61884975433350e-01 -9.32743787765503e-01
  5.30193803158125e+04 -8.65175902843475e-01 -9.30868625640869e-01 -9.30225729942322e-01 -1.03219389915466e+00
  5.30231085701992e+04 -8.75887393951416e-01 -8.69405329227448e-01 -9.10619616508484e-01 -1.05624246597290e+00
  5.30268368250626e+04 -8.60914766788483e-01 -8.70161831378937e-01 -9.74471926689148e-01 -1.02150392532349e+00
  5.30305650798239e+04 -9.40394520759583e-01 -9.97755527496338e-01 -1.00736665725708e+00 -9.07881438732147e-01
  5.30342933339490e+04 -8.88054907321930e-01 -9.88702714443207e-01 -9.39854860305786e-01 -8.79474341869354e-01
  5.30380215883969e+04 -9.55557882785797e-01 -9.22628283500671e-01 -1.02958393096924e+00 -1.02721822261810e+00
  5.30417498428670e+04 -9.22412157058716e-01 -8.82398724555969e-01 -1.03010416030884e+00 -9.87684428691864e-01
  5.30454780969527e+04 -1.01162958145142e+00 -8.61550211906433e-01 -9.31004643440247e-01 -9.82793450355530e-01
  5.30492063511874e+04 -9.16205525398254e-01 -9.64217066764832e-01 -9.75151836872101e-01 -1.06446325778961e+00
  5.30529346052096e+04 -9.44608390331268e-01 -9.59026157855988e-01 -9.61583375930786e-01 -1.02357971668243e+00
  5.30566628592582e+04 -8.14314961433411e-01 -8.38814556598663e-01 -1.03024101257324e+00 -1.03835761547089e+00
  5.30603911132177e+04 -8.98000717163086e-01 -9.52707469463348e-01 -9.27932381629944e-01 -9.94309425354004e-01
  5.30641193666887e+04 -9.99077618122101e-01 -9.44961011409760e-01 -9.65329349040985e-01 -1.13725638389587e+00
  5.30678476201424e+04 -8.33390057086945e-01 -8.46443772315979e-01 -1.03225576877594e+00 -9.51311945915222e-01
  5.30735833336862e+04 -6.66561424732208e-01 -6.03093326091766e-01 -7.96976804733276e-01 -7.80688345432281e-01
  5.30740416674825e+04 -9.89875733852386e-01 -9.38311696052551e-01 -1.04188060760498e+00 -9.18192803859711e-01
  5.30777699204342e+04 -8.98898184299469e-01 -8.84195864200592e-01 -1.08433949947357e+00 -1.02399826049805e+00
  5.30814981732038e+04 -8.68822813034058e-01 -8.36727261543274e-01 -9.94083046913147e-01 -9.99522805213928e-01
  5.30852264257881e+04 -7.98713982105255e-01 -8.63883495330811e-01 -9.89116907119751e-01 -1.13836717605591e+00
  5.30889546781944e+04 -9.03622746467590e-01 -9.19391095638275e-01 -9.81506407260895e-01 -9.84093070030212e-01
  5.30926829303149e+04 -8.48864912986755e-01 -8.02025973796844e-01 -9.96277272701263e-01 -9.28173243999481e-01
  5.30964111821632e+04 -8.61982464790344e-01 -8.56239497661591e-01 -9.66827154159546e-01 -9.31870520114899e-01
  5.31001394339606e+04 -9.99300479888916e-01 -9.43681716918945e-01 -8.74857366085052e-01 -9.81930613517761e-01
  5.31038676855476e+04 -8.87981355190277e-01 -8.34903955459595e-01 -9.39247786998749e-01 -9.58640396595001e-01
  5.31075959368911e+04 -8.28315019607544e-01 -8.63158285617828e-01 -9.62446510791779e-01 -9.53344941139221e-01
  5.31113241879792e+04 -8.08624744415283e-01 -9.28784132003784e-01 -9.12676155567169e-01 -9.72827315330505e-01
  5.31150524390521e+04 -9.23534810543060e-01 -8.68265867233276e-01 -9.20045435428619e-01 -1.02976286411285e+00
  5.31187806896215e+04 -8.81394684314728e-01 -9.04986679553986e-01 -9.28946435451508e-01 -9.42035555839539e-01
  5.31225089401666e+04 -8.85462462902069e-01 -8.66692185401917e-01 -9.54345583915710e-01 -9.61631655693054e-01
  5.31262371905185e+04 -8.47372233867645e-01 -8.79724383354187e-01 -1.03494417667389e+00 -1.00354397296906e+00
  5.31299654406287e+04 -8.56837093830109e-01 -8.75180482864380e-01 -8.93021643161774e-01 -9.95053827762604e-01
  5.31336936906748e+04 -8.72954845428467e-01 -8.57765853404999e-01 -9.16454195976257e-01 -9.86628472805023e-01
  5.31374219404953e+04 -8.95381808280945e-01 -1.03011214733124e+00 -1.04787909984589e+00 -9.26079809665680e-01
  5.31411501902940e+04 -8.14204752445221e-01 -9.40888345241547e-01 -9.64707493782043e-01 -9.61514055728912e-01
  5.31448784398067e+04 -9.14384424686432e-01 -8.96482825279236e-01 -1.00116181373596e+00 -1.00955140590668e+00
  5.31486066891490e+04 -1.02793717384338e+00 -9.26385462284088e-01 -9.72771704196930e-01 -9.42014217376709e-01
  5.31523349383370e+04 -8.94254207611084e-01 -8.83788526058197e-01 -9.54304873943329e-01 -9.43187952041626e-01
  5.31560631873703e+04 -9.93335068225861e-01 -8.79654407501221e-01 -1.02310657501221e+00 -8.84950578212738e-01
  5.31597914366550e+04 -9.23254370689392e-01 -8.67293953895569e-01 -9.19811666011810e-01 -9.61875855922699e-01
  5.31635196856539e+04 -9.89175081253052e-01 -8.29554319381714e-01 -9.61430311203003e-01 -9.25377964973450e-01
  5.31672479344388e+04 -9.94399905204773e-01 -8.92566502094269e-01 -9.17271614074707e-01 -9.18429791927338e-01
  5.31709761834558e+04 -8.53681325912476e-01 -8.95635068416595e-01 -9.51812744140625e-01 -9.61256206035614e-01
  5.31747044321760e+04 -8.94289851188660e-01 -9.59237158298492e-01 -9.22509908676147e-01 -9.74052309989929e-01
  5.31784326807640e+04 -9.33170557022095e-01 -8.89412462711334e-01 -9.20743405818939e-01 -9.36084508895874e-01
  5.31821609295498e+04 -9.74725067615509e-01 -8.59887957572937e-01 -9.59977865219116e-01 -9.56369221210480e-01
  5.31858891783391e+04 -8.84625077247620e-01 -9.33105587959290e-01 -9.19842123985291e-01 -9.68236565589905e-01
  5.31896174271562e+04 -9.09289419651031e-01 -8.92566740512848e-01 -9.46483433246613e-01 -1.01153051853180e+00
  5.31933456757698e+04 -8.89987885951996e-01 -9.07731652259827e-01 -9.44780647754669e-01 -9.66868579387665e-01
  5.31970739246239e+04 -9.14728939533234e-01 -8.97022783756256e-01 -1.00431442260742e+00 -9.22210514545441e-01
  5.32008021734918e+04 -8.29923570156097e-01 -8.55539500713348e-01 -9.82635617256165e-01 -9.84609603881836e-01
  5.32045304223505e+04 -9.35999035835266e-01 -9.32378351688385e-01 -8.96195888519287e-01 -9.79995608329773e-01
  5.32082586714005e+04 -9.57157373428345e-01 -8.25203895568848e-01 -1.00496006011963e+00 -9.84029352664948e-01
  5.32119869204560e+04 -9.29355978965759e-01 -8.72227251529694e-01 -9.80887949466705e-01 -9.09767210483551e-01
  5.32157151695902e+04 -8.86649489402771e-01 -9.42062854766846e-01 -1.02626466751099e+00 -9.64592814445496e-01
  5.32194434188716e+04 -9.22296226024628e-01 -8.55486869812012e-01 -9.11329805850983e-01 -1.04450714588165e+00
  5.32231716684723e+04 -8.08132588863373e-01 -8.95487785339355e-01 -9.68931853771210e-01 -9.59376275539398e-01
  5.32286736116699e+04 -6.43473982810974e-01 -7.47697293758392e-01 -7.81169414520264e-01 -7.89387762546539e-01
  5.32291250003379e+04 -9.70442831516266e-01 -8.82977366447449e-01 -9.61714625358582e-01 -9.34451401233673e-01
  5.32328532502396e+04 -8.88099014759064e-01 -8.95702421665192e-01 -9.36170458793640e-01 -8.82260859012604e-01
  5.32365815001758e+04 -7.90960431098938e-01 -9.45656895637512e-01 -9.72706437110901e-01 -9.99091088771820e-01
  5.32403097506088e+04 -9.15572762489319e-01 -8.76552641391754e-01 -9.59485530853271e-01 -1.02447390556335e+00
  5.32440380010682e+04 -9.67843174934387e-01 -9.53129827976227e-01 -9.61111485958099e-01 -9.73382294178009e-01
  5.32477662517027e+04 -9.56413209438324e-01 -8.92001569271088e-01 -1.01596474647522e+00 -8.54142069816589e-01
  5.32514945024617e+04 -8.17872762680054e-01 -8.69895935058594e-01 -9.18639898300171e-01 -9.57444608211517e-01
  5.32552227537235e+04 -9.67122435569763e-01 -9.88496065139771e-01 -9.51525807380676e-01 -9.73379909992218e-01
  5.32589510054641e+04 -8.86483252048492e-01 -9.53311085700989e-01 -9.51504170894623e-01 -9.30076360702515e-01
  5.32626792569897e+04 -8.33642005920410e-01 -8.72758626937866e-01 -9.06439185142517e-01 -9.25201535224915e-01
  5.32664075090480e+04 -9.24039542675018e-01 -8.39790582656860e-01 -9.03153002262115e-01 -1.02987337112427e+00
  5.32701357613761e+04 -8.06399226188660e-01 -8.26351881027222e-01 -1.02586519718170e+00 -8.62054884433746e-01
  5.32738640139167e+04 -8.69012773036957e-01 -9.81732010841370e-01 -1.03600406646729e+00 -9.96963679790497e-01
  5.32775922665150e+04 -8.93898665904999e-01 -8.06062459945679e-01 -1.00628399848938e+00 -9.14567708969116e-01
  5.32813205195242e+04 -9.52598571777344e-01 -7.89481461048126e-01 -9.62373971939087e-01 -1.04684257507324e+00
  5.32850487732105e+04 -8.40440869331360e-01 -9.25256848335266e-01 -8.58763992786407e-01 -9.05978143215179e-01
  5.32887770266712e+04 -8.85032951831818e-01 -9.10939216613770e-01 -9.99865591526031e-01 -9.04147922992706e-01
  5.32925052804318e+04 -9.24338817596436e-01 -7.80219316482544e-01 -8.75159442424774e-01 -9.28466558456421e-01
  5.32962335345718e+04 -9.49617147445679e-01 -8.61289858818054e-01 -8.79173040390015e-01 -9.84472930431366e-01
  5.32999617889364e+04 -9.07706856727600e-01 -1.01807260513306e+00 -9.70022380352020e-01 -9.06552791595459e-01
  5.33036900434559e+04 -9.22987699508667e-01 -8.90303075313568e-01 -9.78238940238953e-01 -9.41500663757324e-01
  5.33074182985150e+04 -8.55627179145813e-01 -8.45925569534302e-01 -9.75150823593140e-01 -9.28535521030426e-01
  5.33111465534446e+04 -8.13667833805084e-01 -8.43593478202820e-01 -1.02932047843933e+00 -9.79547202587128e-01
  5.33148748087452e+04 -8.85759472846985e-01 -8.47608029842377e-01 -8.94468903541565e-01 -9.80882465839386e-01
  5.33186030641238e+04 -8.99931728839874e-01 -9.36496376991272e-01 -9.64044034481049e-01 -9.89787399768829e-01
  5.33223313200497e+04 -8.49169850349426e-01 -8.51720035076141e-01 -9.44315135478973e-01 -9.98161017894745e-01
  5.33260595760338e+04 -8.49584281444550e-01 -9.63334679603577e-01 -1.01297056674957e+00 -9.24000322818756e-01
  5.33297878323425e+04 -8.00698876380920e-01 -8.80921483039856e-01 -9.34255480766296e-01 -8.86687994003296e-01
  5.33335160885869e+04 -9.07485425472260e-01 -1.00992321968079e+00 -1.05286169052124e+00 -1.01167261600494e+00
  5.33372443450126e+04 -8.81516754627228e-01 -8.14503729343414e-01 -9.81375992298126e-01 -9.04414892196655e-01
  5.33409726018645e+04 -8.73899340629578e-01 -9.17115628719330e-01 -1.00644838809967e+00 -9.59597110748291e-01
  5.33447008610602e+04 -9.48507726192474e-01 -8.80286097526550e-01 -9.59131896495819e-01 -1.00604128837585e+00
  5.33484291157964e+04 -8.99125397205353e-01 -9.80421245098114e-01 -9.47060525417328e-01 -9.27862644195557e-01
  5.33537361112801e+04 -8.12835752964020e-01 -7.54367768764496e-01 -8.36304366588593e-01 -8.27130854129791e-01
  5.33541875008611e+04 -8.71273279190063e-01 -7.98698008060455e-01 -9.76663231849670e-01 -1.01279091835022e+00
  5.33579157581066e+04 -9.41120326519012e-01 -9.39540088176727e-01 -1.01476442813873e+00 -9.64532315731049e-01
  5.33616440155917e+04 -9.47547256946564e-01 -9.50892984867096e-01 -9.14756715297699e-01 -9.62844550609589e-01
  5.33653722730522e+04 -8.54748070240021e-01 -8.85247409343719e-01 -9.90519464015961e-01 -9.30731713771820e-01
  5.33691005307383e+04 -9.05004799365997e-01 -8.31136643886566e-01 -9.88807022571564e-01 -9.46980059146881e-01
  5.33728287884026e+04 -8.85498881340027e-01 -8.54905664920807e-01 -9.87689077854156e-01 -9.09819662570953e-01
  5.33765570458911e+04 -9.03576731681824e-01 -8.38227868080139e-01 -9.62560534477234e-01 -9.51360821723938e-01
  5.33802853036271e+04 -9.11055743694305e-01 -1.03146719932556e+00 -9.64951336383820e-01 -9.23747420310974e-01
  5.33840135613936e+04 -9.75762188434601e-01 -9.48475778102875e-01 -1.02584719657898e+00 -9.73335802555084e-01
  5.33902500004677e+04 -7.32734322547913e-01 -7.27206826210022e-01 -8.08310866355896e-01 -8.04199218750000e-01
  5.33918333339862e+04 -8.70442807674408e-01 -8.92228960990906e-01 -1.01960957050323e+00 -9.57185089588165e-01
  5.33955615912790e+04 -9.40788090229034e-01 -9.95703756809235e-01 -9.87532496452332e-01 -1.05978465080261e+00
  5.33992898490624e+04 -9.56761717796326e-01 -9.37788605690002e-01 -1.01779544353485e+00 -9.41699683666229e-01
  5.34030181064073e+04 -8.40812623500824e-01 -9.37053918838501e-01 -9.90122199058533e-01 -9.04937028884888e-01
  5.34067463639779e+04 -8.47122192382812e-01 -8.06985497474670e-01 -9.73425090312958e-01 -8.82442057132721e-01
  5.34104746212986e+04 -9.38895285129547e-01 -9.00171756744385e-01 -9.30119812488556e-01 -9.95311975479126e-01
  5.34142028783496e+04 -9.14763331413269e-01 -9.20327365398407e-01 -9.76160168647766e-01 -9.80493843555450e-01
  5.34188750008530e+04 -6.57717347145081e-01 -6.55162394046783e-01 -7.42153346538544e-01 -7.41812109947205e-01
  5.34230000006620e+04 -1.06271052360535e+00 -1.06118917465210e+00 -1.02578222751617e+00 -9.25403833389282e-01
  5.34267282574816e+04 -8.75445902347565e-01 -8.06913673877716e-01 -9.54039752483368e-01 -9.43569421768188e-01
  5.34304565139700e+04 -8.78858625888824e-01 -8.42525482177734e-01 -9.80040729045868e-01 -1.02165961265564e+00
  5.34341847701841e+04 -9.29088592529297e-01 -9.05337512493134e-01 -1.03913187980652e+00 -9.53321397304535e-01
  5.34379130270432e+04 -8.15886974334717e-01 -6.95705175399780e-01 -1.02153372764587e+00 -9.58942472934723e-01
  5.34416412829663e+04 -8.30199539661407e-01 -8.38981986045837e-01 -9.28542256355286e-01 -9.22637403011322e-01
  5.34453695389238e+04 -9.29827749729156e-01 -8.81454706192017e-01 -1.07307350635529e+00 -1.00451052188873e+00
  5.34490977949098e+04 -8.67025077342987e-01 -9.24816489219666e-01 -8.99162292480469e-01 -9.98088240623474e-01
  5.34528260504605e+04 -9.14544403553009e-01 -8.70609283447266e-01 -9.33040380477905e-01 -9.96850430965424e-01
  5.34565543060394e+04 -8.18155527114868e-01 -9.23108339309692e-01 -1.01142346858978e+00 -1.00376605987549e+00
  5.34602825612835e+04 -9.41921770572662e-01 -9.00118708610535e-01 -1.05043125152588e+00 -1.04437148571014e+00
  5.34644375008820e+04 -6.71503245830536e-01 -6.82795524597168e-01 -7.47109949588776e-01 -7.60283231735229e-01
  5.34648958333970e+04 -9.33820009231567e-01 -8.66656839847565e-01 -9.86763596534729e-01 -9.41957533359528e-01
  5.34686240880811e+04 -9.60974931716919e-01 -9.95662212371826e-01 -1.03453588485718e+00 -9.68255758285522e-01
  5.34723523427363e+04 -8.79996061325073e-01 -8.82952630519867e-01 -9.76825952529907e-01 -9.40950512886047e-01
  5.34760805971214e+04 -8.69319856166840e-01 -8.63757312297821e-01 -9.00930643081665e-01 -9.15899097919464e-01
  5.34798088513104e+04 -9.39440131187439e-01 -9.94441866874695e-01 -1.03567051887512e+00 -1.06239593029022e+00
  5.34835371053010e+04 -9.12922739982605e-01 -8.83423864841461e-01 -8.85520815849304e-01 -9.94655430316925e-01
  5.34872653592082e+04 -8.41616392135620e-01 -8.87318372726440e-01 -9.88259017467499e-01 -9.69876646995544e-01
  5.34909936126818e+04 -8.76615583896637e-01 -9.41590547561646e-01 -8.87174248695374e-01 -9.91041302680969e-01
  5.34947218659167e+04 -8.62033009529114e-01 -7.94910490512848e-01 -9.92410540580750e-01 -9.21758234500885e-01
  5.34984501191377e+04 -9.45392966270447e-01 -9.54964339733124e-01 -9.11078691482544e-01 -8.11433792114258e-01
  5.35021783721261e+04 -9.59933161735535e-01 -9.20834958553314e-01 -9.77438867092133e-01 -9.16428744792938e-01
  5.35059066253402e+04 -8.55322599411011e-01 -8.87370049953461e-01 -9.92075085639954e-01 -8.96458983421326e-01
  5.35096348783276e+04 -8.63688230514526e-01 -8.91291022300720e-01 -8.97029221057892e-01 -1.00477671623230e+00
  5.35133631308783e+04 -9.11290109157562e-01 -9.16347444057465e-01 -9.55618977546692e-01 -1.01754748821259e+00
  5.35170913834049e+04 -8.95337283611298e-01 -8.70035052299500e-01 -9.71489608287811e-01 -9.69840943813324e-01
  5.35208196359110e+04 -9.58276987075806e-01 -8.94311904907227e-01 -1.01919257640839e+00 -9.86382901668549e-01
  5.35256479170070e+04 -7.89561033248901e-01 -7.82137095928192e-01 -8.95898222923279e-01 -8.20940017700195e-01
  5.35257479173611e+04 -8.70941281318665e-01 -9.03174936771393e-01 -9.99788880348206e-01 -8.89417827129364e-01
  5.35294761694901e+04 -8.56378912925720e-01 -9.37647640705109e-01 -1.01695454120636e+00 -8.65929901599884e-01
  5.35332044216494e+04 -9.09611880779266e-01 -9.49837684631348e-01 -9.76152777671814e-01 -9.43315505981445e-01
  5.35369326736619e+04 -8.96108508110046e-01 -8.86291980743408e-01 -9.20562148094177e-01 -9.02466416358948e-01
  5.35406609259143e+04 -9.13029730319977e-01 -8.96329045295715e-01 -9.29628968238831e-01 -8.70196342468262e-01
  5.35443891779444e+04 -9.58826661109924e-01 -8.94319295883179e-01 -9.99766826629639e-01 -8.99546086788177e-01
  5.35481174301690e+04 -9.57213044166565e-01 -9.37429845333099e-01 -1.03069448471069e+00 -9.68510985374451e-01
  5.35518456822118e+04 -9.85511541366577e-01 -8.39704632759094e-01 -9.49771821498871e-01 -9.57683503627777e-01
  5.35555739342672e+04 -8.36804211139679e-01 -8.81117105484009e-01 -9.08251881599426e-01 -9.18350279331207e-01
  5.35593021863888e+04 -9.40695405006409e-01 -8.50226044654846e-01 -9.73194658756256e-01 -9.86370086669922e-01
  5.35630304384307e+04 -9.07018065452576e-01 -9.43401098251343e-01 -1.02791953086853e+00 -1.06444406509399e+00
  5.35667586907119e+04 -9.33152079582214e-01 -8.82784485816956e-01 -9.29882586002350e-01 -9.06098484992981e-01
  5.35704869427698e+04 -8.76868009567261e-01 -8.83794307708740e-01 -9.70697581768036e-01 -8.60241711139679e-01
  5.35742151950416e+04 -8.83460521697998e-01 -8.98564934730530e-01 -9.84171926975250e-01 -9.33750748634338e-01
  5.35785694449122e+04 -7.51511693000793e-01 -7.25062966346741e-01 -7.75170266628265e-01 -8.02441239356995e-01
  5.35790277779273e+04 -9.07449066638947e-01 -9.58904862403870e-01 -1.00851023197174e+00 -9.83602762222290e-01
  5.35827560304305e+04 -9.24154222011566e-01 -8.56035649776459e-01 -9.73974406719208e-01 -1.04402387142181e+00
  5.35864842830346e+04 -8.95522832870483e-01 -8.30785155296326e-01 -9.90083336830139e-01 -9.25073862075806e-01
  5.35902125356563e+04 -9.30483281612396e-01 -9.06416237354279e-01 -8.95255327224731e-01 -9.97036635875702e-01
  5.35939407887487e+04 -8.43529403209686e-01 -8.79227340221405e-01 -1.09418177604675e+00 -9.41748380661011e-01
  5.35976690418464e+04 -9.39717650413513e-01 -8.64182054996490e-01 -1.00556290149689e+00 -8.98250997066498e-01
  5.36013972947222e+04 -9.00776863098145e-01 -8.60211193561554e-01 -9.61571633815765e-01 -9.55503404140472e-01
  5.36051255485359e+04 -9.84639704227448e-01 -1.06022453308105e+00 -9.91928040981293e-01 -9.64457571506500e-01
  5.36088538018994e+04 -9.89205539226532e-01 -8.21522474288940e-01 -9.43001270294189e-01 -9.64857637882233e-01
  5.36125820562151e+04 -8.83664309978485e-01 -9.58585977554321e-01 -9.36089396476746e-01 -9.88864660263062e-01
  5.36163103101563e+04 -8.75700831413269e-01 -9.12879884243011e-01 -9.18093919754028e-01 -1.02420854568481e+00
  5.36200385643310e+04 -9.60771322250366e-01 -9.31515097618103e-01 -8.81768345832825e-01 -9.32273149490356e-01
  5.36237668185161e+04 -9.24182355403900e-01 -8.99503111839294e-01 -1.03350627422333e+00 -1.02227282524109e+00
  5.36274950736434e+04 -9.86163020133972e-01 -9.73033249378204e-01 -1.04884147644043e+00 -9.90877330303192e-01
  5.36312233285592e+04 -8.44433307647705e-01 -8.37628185749054e-01 -9.32142674922943e-01 -9.53330338001251e-01
  5.36349515839292e+04 -9.11790251731873e-01 -9.61265623569489e-01 -1.00031948089600e+00 -9.44562017917633e-01
  5.36386798397858e+04 -9.46098148822784e-01 -9.34325873851776e-01 -9.46244239807129e-01 -1.05554234981537e+00
  5.36424080952454e+04 -9.08151090145111e-01 -8.56781780719757e-01 -9.24698591232300e-01 -1.07073760032654e+00
  5.36461363512015e+04 -9.13215458393097e-01 -8.82907569408417e-01 -9.41560864448547e-01 -9.76360082626343e-01
  5.36498646074697e+04 -9.61995184421539e-01 -1.01492190361023e+00 -9.40913856029510e-01 -9.24406230449677e-01
  5.36535928637174e+04 -8.38813662528992e-01 -9.02164638042450e-01 -9.66245234012604e-01 -9.67437565326691e-01
  5.36573211204214e+04 -7.93050885200500e-01 -7.40043997764587e-01 -9.77995574474335e-01 -9.71890330314636e-01
  5.36610493773321e+04 -8.93459439277649e-01 -8.76285135746002e-01 -9.94364380836487e-01 -8.30418288707733e-01
  5.36647776344584e+04 -8.34809958934784e-01 -8.00840854644775e-01 -9.43633079528809e-01 -1.09817814826965e+00
  5.36685058919872e+04 -8.54392170906067e-01 -8.58500719070435e-01 -9.34606015682220e-01 -9.59411859512329e-01
  5.36722341494851e+04 -8.88268351554871e-01 -8.45447242259979e-01 -9.27954792976379e-01 -9.53948915004730e-01
  5.36759624069502e+04 -9.66835081577301e-01 -7.98951506614685e-01 -9.19378459453583e-01 -9.70168769359589e-01
  5.36796906652557e+04 -8.88215422630310e-01 -8.42472255229950e-01 -9.74863946437836e-01 -9.28378582000732e-01
  5.36843854171435e+04 -7.24590837955475e-01 -7.57247686386108e-01 -8.35842072963715e-01 -7.70566999912262e-01
  5.36848750005071e+04 -8.53733122348785e-01 -9.09299492835999e-01 -9.61014270782471e-01 -1.02696311473846e+00
  5.36886032588379e+04 -8.45128238201141e-01 -8.52774083614349e-01 -8.88075590133667e-01 -1.00402951240540e+00
  5.36923315172464e+04 -9.46067512035370e-01 -8.46923291683197e-01 -9.69186544418335e-01 -9.80807960033417e-01
  5.36960597758461e+04 -8.63064169883728e-01 -8.90693724155426e-01 -1.01222860813141e+00 -1.02010095119476e+00
  5.36997880347244e+04 -9.14100170135498e-01 -8.60472202301025e-01 -9.26164627075195e-01 -8.93701970577240e-01
  5.37035162938900e+04 -9.09378886222839e-01 -8.35222899913788e-01 -1.01528835296631e+00 -9.26301062107086e-01
  5.37072445525219e+04 -7.98289060592651e-01 -8.69333505630493e-01 -9.91909861564636e-01 -9.10813570022583e-01
  5.37109728122534e+04 -9.63441491127014e-01 -9.46021616458893e-01 -9.76514518260956e-01 -9.83723759651184e-01
  5.37147010712177e+04 -8.96670103073120e-01 -8.51477205753326e-01 -9.66956675052643e-01 -9.11120891571045e-01
  5.37184293307013e+04 -8.31278920173645e-01 -9.19864892959595e-01 -9.35851037502289e-01 -9.44398760795593e-01
  5.37221575901448e+04 -8.20406913757324e-01 -8.65305006504059e-01 -9.54978883266449e-01 -9.76962327957153e-01
  5.37258858493333e+04 -9.01379287242889e-01 -9.42315697669983e-01 -8.43958318233490e-01 -9.48093473911285e-01
  5.37296141086726e+04 -9.24739897251129e-01 -9.08765912055969e-01 -9.51296091079712e-01 -9.29509282112122e-01
  5.37333423680729e+04 -9.16084647178650e-01 -8.65229487419128e-01 -8.99482846260071e-01 -9.15768682956696e-01
  5.37370706163126e+04 -8.60115051269531e-01 -8.23488235473633e-01 -1.00449323654175e+00 -1.05004358291626e+00
  5.37407988758809e+04 -9.79562461376190e-01 -8.58809232711792e-01 -1.05223119258881e+00 -8.91033291816711e-01
  5.37445271354964e+04 -9.37965512275696e-01 -9.02069032192230e-01 -9.92453932762146e-01 -9.99912500381470e-01
  5.37482553951342e+04 -9.07009661197662e-01 -8.57946872711182e-01 -9.45093631744385e-01 -1.00816166400909e+00
  5.37519836547929e+04 -9.08916652202606e-01 -9.28354024887085e-01 -1.07062351703644e+00 -9.80491459369659e-01
  5.37557119144665e+04 -8.88555705547333e-01 -8.82621109485626e-01 -9.82954740524292e-01 -1.04485690593719e+00
  5.37594401741712e+04 -8.98693025112152e-01 -9.42887067794800e-01 -9.25349950790405e-01 -1.02877295017242e+00
  5.37631684335728e+04 -8.61662447452545e-01 -9.40912723541260e-01 -9.50566589832306e-01 -1.05573940277100e+00
  5.37668966932569e+04 -9.59771275520325e-01 -9.93261694908142e-01 -9.96896862983704e-01 -9.98962104320526e-01
  5.37706249526852e+04 -9.17116999626160e-01 -9.48510825634003e-01 -1.04240775108337e+00 -8.91111254692078e-01
  5.37743532118563e+04 -8.43415021896362e-01 -8.90684127807617e-01 -9.23375844955444e-01 -9.23507690429688e-01
  5.37780814712723e+04 -8.74910533428192e-01 -9.13721263408661e-01 -9.93414998054504e-01 -9.94562387466431e-01
  5.37818097305139e+04 -8.56064438819885e-01 -8.81197214126587e-01 -9.31227505207062e-01 -9.76132512092590e-01
  5.37855379897987e+04 -8.40147733688354e-01 -8.92528057098389e-01 -1.10617959499359e+00 -9.67837810516357e-01
  5.37892662485392e+04 -9.61744487285614e-01 -8.24736893177032e-01 -1.03635263442993e+00 -1.00704598426819e+00
  5.37929945074570e+04 -8.77789735794067e-01 -9.17036592960358e-01 -9.33406352996826e-01 -1.01769542694092e+00
  5.37967227664098e+04 -8.62534344196320e-01 -8.55832040309906e-01 -9.53732490539551e-01 -8.53804230690002e-01
  5.38015729173634e+04 -6.60169899463654e-01 -6.12670421600342e-01 -7.54726171493530e-01 -6.78734958171844e-01
  5.38021319451505e+04 -8.27898621559143e-01 -9.13570940494537e-01 -1.00266242027283e+00 -9.63754951953888e-01
  5.38058602035672e+04 -9.30002391338348e-01 -8.18870723247528e-01 -9.43771183490753e-01 -9.71344947814941e-01
  5.38095884620487e+04 -1.08885252475739e+00 -9.07340466976166e-01 -1.02157962322235e+00 -9.74633336067200e-01
  5.38133167200254e+04 -8.58348548412323e-01 -8.55710148811340e-01 -9.51718151569366e-01 -9.86244082450867e-01
  5.38170449779862e+04 -8.59020650386810e-01 -9.24666345119476e-01 -1.03376269340515e+00 -9.69614505767822e-01
  5.38207732356516e+04 -9.97254133224487e-01 -9.32014524936676e-01 -1.00762569904327e+00 -9.35449182987213e-01
  5.38245014933472e+04 -8.02191972732544e-01 -9.27497982978821e-01 -9.21316862106323e-01 -9.28208410739899e-01
  5.38282297508586e+04 -8.87976467609406e-01 -9.83247756958008e-01 -9.73344266414642e-01 -9.16306734085083e-01
  5.38319580081712e+04 -9.21657919883728e-01 -9.41639125347137e-01 -9.74010467529297e-01 -1.04036676883698e+00
  5.38356862654964e+04 -9.23774003982544e-01 -8.79426121711731e-01 -9.61177647113800e-01 -9.09017920494080e-01
  5.38394145223923e+04 -9.02706325054169e-01 -9.31408643722534e-01 -9.57629978656769e-01 -9.71691846847534e-01
  5.38431427793137e+04 -8.39643478393555e-01 -8.81817698478699e-01 -9.26124274730682e-01 -9.82293248176575e-01
  5.38468710355116e+04 -9.29324448108673e-01 -8.58303904533386e-01 -9.71726894378662e-01 -9.46265757083893e-01
  5.38505992919954e+04 -8.76983225345612e-01 -9.65063452720642e-01 -9.62859272956848e-01 -9.91443395614624e-01
  5.38543275482570e+04 -1.06643092632294e+00 -8.78807425498962e-01 -8.82866382598877e-01 -9.19794917106628e-01
  5.38580558042767e+04 -9.03025388717651e-01 -8.34538042545319e-01 -9.85394597053528e-01 -9.54254508018494e-01
  5.38617840603136e+04 -8.38178753852844e-01 -9.37582194805145e-01 -8.64611446857452e-01 -8.95027339458466e-01
  5.38655123158856e+04 -8.92032027244568e-01 -8.72737944126129e-01 -9.58369731903076e-01 -8.95888090133667e-01
  5.38692405714605e+04 -8.61202716827393e-01 -9.36011970043182e-01 -9.16909396648407e-01 -1.05300772190094e+00
  5.38729688270370e+04 -8.98038506507874e-01 -9.30312752723694e-01 -9.57831680774689e-01 -9.29213345050812e-01
  5.38766970823900e+04 -9.17471528053284e-01 -8.95557463169098e-01 -9.38522994518280e-01 -9.77043509483337e-01
  5.38804253375207e+04 -9.28746163845062e-01 -8.97073388099670e-01 -8.57454597949982e-01 -9.84581768512726e-01
  5.38841535926387e+04 -9.35005307197571e-01 -9.59083557128906e-01 -9.40232098102570e-01 -8.68322372436523e-01
  5.38878818477361e+04 -7.94882655143738e-01 -8.96644294261932e-01 -1.02956604957581e+00 -8.64101171493530e-01
  5.38916101025614e+04 -8.77511680126190e-01 -8.72089326381683e-01 -1.00071918964386e+00 -9.48732256889343e-01
  5.38953383571805e+04 -8.76298725605011e-01 -9.12807106971741e-01 -9.62393641471863e-01 -1.00439703464508e+00
  5.39005868062604e+04 -7.64118254184723e-01 -7.34434604644775e-01 -8.36436331272125e-01 -8.03822636604309e-01
  5.39011875000566e+04 -9.63962495326996e-01 -8.94308686256409e-01 -9.55220639705658e-01 -9.44100856781006e-01
  5.39049157546736e+04 -9.89292442798615e-01 -9.04732108116150e-01 -9.24254655838013e-01 -9.27395820617676e-01
  5.39086440093022e+04 -9.42605257034302e-01 -8.95697295665741e-01 -9.72434878349304e-01 -9.84098434448242e-01
  5.39123722639594e+04 -8.79042983055115e-01 -9.29873645305634e-01 -8.90432059764862e-01 -9.60030376911163e-01
  5.39161005188021e+04 -8.13819050788879e-01 -8.93068611621857e-01 -9.22458469867706e-01 -8.67012083530426e-01
  5.39198287727141e+04 -9.44373011589050e-01 -9.39867198467255e-01 -9.68654870986938e-01 -1.02488243579865e+00
  5.39235570270613e+04 -9.18175399303436e-01 -1.01729309558868e+00 -9.61042523384094e-01 -9.82467591762543e-01
  5.39272852816678e+04 -8.75125288963318e-01 -9.49502110481262e-01 -9.78582441806793e-01 -8.69649291038513e-01
  5.39310135360487e+04 -9.88818466663361e-01 -9.76929724216461e-01 -9.41765546798706e-01 -8.58250439167023e-01
  5.39347417906690e+04 -9.33713018894196e-01 -8.25131893157959e-01 -9.99712884426117e-01 -9.76076543331146e-01
  5.39384700453022e+04 -9.82141315937042e-01 -8.54861080646515e-01 -9.47641909122467e-01 -9.29122805595398e-01
  5.39421982999468e+04 -9.95176017284393e-01 -9.00366306304932e-01 -9.20327246189117e-01 -9.99993443489075e-01
  5.39459265547696e+04 -9.24912095069885e-01 -9.95458066463470e-01 -1.01114690303802e+00 -9.78230535984039e-01
  5.39496548098958e+04 -8.55491995811462e-01 -7.92644262313843e-01 -9.92549836635590e-01 -1.04667067527771e+00
  5.39533830650253e+04 -9.07058715820312e-01 -9.21430766582489e-01 -9.22113180160522e-01 -9.76273953914642e-01
  5.39571113199305e+04 -8.88570129871368e-01 -8.60233962535858e-01 -9.31976020336151e-01 -8.54872643947601e-01
  5.39608395752958e+04 -9.28603887557983e-01 -8.82204353809357e-01 -8.70408415794373e-01 -1.08693456649780e+00
  5.39645678306562e+04 -8.38607668876648e-01 -8.45078706741333e-01 -1.04864251613617e+00 -1.01095688343048e+00
  5.39682960862603e+04 -9.04182612895966e-01 -7.98045456409454e-01 -9.60685014724731e-01 -1.00091314315796e+00
  5.39720243420959e+04 -7.70603418350220e-01 -8.97347688674927e-01 -1.08146476745605e+00 -1.03034186363220e+00
  5.39757525981667e+04 -8.43518733978271e-01 -9.08314287662506e-01 -9.76244926452637e-01 -9.44680988788605e-01
  5.39794808544660e+04 -1.02211976051331e+00 -8.94082129001617e-01 -9.37507987022400e-01 -9.34527873992920e-01
  5.39832091110046e+04 -8.52734148502350e-01 -9.01151120662689e-01 -9.08301889896393e-01 -9.51174020767212e-01
  5.39869373675172e+04 -9.00233387947083e-01 -7.97761321067810e-01 -9.65128421783447e-01 -9.67589735984802e-01
  5.39906656245081e+04 -9.22452569007874e-01 -8.89051318168640e-01 -9.65066611766815e-01 -1.06244814395905e+00
  5.39943938814860e+04 -9.41687345504761e-01 -8.56940746307373e-01 -9.63241219520569e-01 -9.77327644824982e-01
  5.39981221389063e+04 -8.63028824329376e-01 -8.55402290821075e-01 -9.41634058952332e-01 -9.03647541999817e-01
  5.40018503963010e+04 -9.07389938831329e-01 -8.69100749492645e-01 -1.03468072414398e+00 -9.73384499549866e-01
  5.40055786541400e+04 -8.48020195960999e-01 -9.02185022830963e-01 -9.99042809009552e-01 -9.43045616149902e-01
  5.40093069119397e+04 -8.64816486835480e-01 -7.96943128108978e-01 -9.81647193431854e-01 -9.34818923473358e-01
  5.40130351700776e+04 -8.70873570442200e-01 -8.48612785339355e-01 -9.92730379104614e-01 -9.09807503223419e-01
  5.40167634285670e+04 -8.11608612537384e-01 -8.63514482975006e-01 -9.90799605846405e-01 -9.14781868457794e-01
  5.40204916869826e+04 -8.76225054264069e-01 -9.78431761264801e-01 -9.98116850852966e-01 -8.17685842514038e-01
  5.40242199460196e+04 -8.75415027141571e-01 -9.33323740959167e-01 -1.00624716281891e+00 -8.83057653903961e-01
  5.40279482047651e+04 -8.95219802856445e-01 -9.01483476161957e-01 -1.02385425567627e+00 -9.91420209407806e-01
  5.40316764641574e+04 -9.26803171634674e-01 -8.94878685474396e-01 -1.01518738269806e+00 -9.47445094585419e-01
  5.40354047234976e+04 -8.62658858299255e-01 -8.72088789939880e-01 -1.01038110256195e+00 -1.02385258674622e+00
  5.40391329829920e+04 -9.37882483005524e-01 -9.07668590545654e-01 -9.90803420543671e-01 -1.00325858592987e+00
  5.40428612426447e+04 -9.87742304801941e-01 -8.96979928016663e-01 -9.65062737464905e-01 -9.71893966197968e-01
  5.40486041669894e+04 -7.58447706699371e-01 -7.91686654090881e-01 -8.15099179744720e-01 -7.85467445850372e-01
  5.40492048613670e+04 -8.90264570713043e-01 -8.08034658432007e-01 -9.68903601169586e-01 -9.24552500247955e-01
  5.40529331215533e+04 -8.56804430484772e-01 -8.27377319335938e-01 -9.58117961883545e-01 -8.88664901256561e-01
  5.40566613816896e+04 -8.74120295047760e-01 -8.91475498676300e-01 -9.61722433567047e-01 -9.92000579833984e-01
  5.40603896417338e+04 -9.05034482479095e-01 -9.16516840457916e-01 -1.01882922649384e+00 -9.96742486953735e-01
  5.40641179021645e+04 -8.61829400062561e-01 -8.21049451828003e-01 -9.24311995506287e-01 -8.98677825927734e-01
  5.40678461627314e+04 -8.94541084766388e-01 -8.64534676074982e-01 -9.89089906215668e-01 -8.89320373535156e-01
  5.40715744232558e+04 -9.02534246444702e-01 -8.38269412517548e-01 -9.29215848445892e-01 -9.67023491859436e-01
  5.40753026840949e+04 -8.75069737434387e-01 -8.33650827407837e-01 -9.80501174926758e-01 -9.53170955181122e-01
  5.40790309446841e+04 -8.85649621486664e-01 -8.46364021301270e-01 -8.87311756610870e-01 -1.00548744201660e+00
  5.40827592057290e+04 -9.39243614673615e-01 -9.09971594810486e-01 -1.02212679386139e+00 -9.82491314411163e-01
  5.40864874664712e+04 -9.73143100738525e-01 -9.28171336650848e-01 -1.01318740844727e+00 -9.44642901420593e-01
  5.40902157273902e+04 -8.24303627014160e-01 -8.43743443489075e-01 -9.25185322761536e-01 -9.10284161567688e-01
  5.40939439882788e+04 -8.84956836700439e-01 -8.98061752319336e-01 -9.87480580806732e-01 -1.06563103199005e+00
  5.40976722493032e+04 -8.60188901424408e-01 -8.18380475044250e-01 -9.20978844165802e-01 -9.56711828708649e-01
  5.41014005102592e+04 -8.83650720119476e-01 -9.02850747108459e-01 -9.54714477062225e-01 -9.84415888786316e-01
  5.41051287713136e+04 -9.16957497596741e-01 -9.00229811668396e-01 -9.43236052989960e-01 -9.22296226024628e-01
  5.41088570323993e+04 -9.84759032726288e-01 -8.75908136367798e-01 -1.03261816501617e+00 -9.73473429679871e-01
  5.41125852935936e+04 -9.84807848930359e-01 -9.46273922920227e-01 -1.00157749652863e+00 -1.01852977275848e+00
  5.41163135545682e+04 -8.79945039749146e-01 -8.40506136417389e-01 -9.82559382915497e-01 -9.40975964069366e-01
  5.41200418154549e+04 -9.75366055965424e-01 -8.46884608268738e-01 -9.13829982280731e-01 -9.69699680805206e-01
  5.41237700764955e+04 -9.46849107742310e-01 -8.12749981880188e-01 -1.00331771373749e+00 -1.04961693286896e+00
  5.41274983375655e+04 -9.97205018997192e-01 -9.27322685718536e-01 -1.04270040988922e+00 -8.99922430515289e-01
  5.41312265985740e+04 -8.50797712802887e-01 -9.14784431457520e-01 -9.28632795810699e-01 -9.32156085968018e-01
  5.41349548594085e+04 -8.93594801425934e-01 -8.55564415454865e-01 -9.90625262260437e-01 -1.03132271766663e+00
  5.41386831204167e+04 -9.40278291702271e-01 -8.22267889976501e-01 -9.36513960361481e-01 -8.47013771533966e-01
  5.41424113810995e+04 -8.69192063808441e-01 -9.34825539588928e-01 -9.31710720062256e-01 -9.63790714740753e-01
  5.41461396418541e+04 -1.00633072853088e+00 -9.45427179336548e-01 -1.01357519626617e+00 -8.95332157611847e-01
  5.41498679026609e+04 -8.09219241142273e-01 -9.17516112327576e-01 -9.14393126964569e-01 -9.29604709148407e-01
  5.41535961630801e+04 -8.88865649700165e-01 -9.42940890789032e-01 -9.48600411415100e-01 -9.67990636825562e-01
  5.41573244237976e+04 -8.09275329113007e-01 -8.61585378646851e-01 -9.24564957618713e-01 -9.03353393077850e-01
  5.41610526840104e+04 -9.13331210613251e-01 -8.51837873458862e-01 -9.59710538387299e-01 -9.48094964027405e-01
  5.41675416668275e+04 -6.39527499675751e-01 -6.28245174884796e-01 -6.85947537422180e-01 -7.06848204135895e-01
  5.41681666669734e+04 -9.33747887611389e-01 -7.42459237575531e-01 -1.02948200702667e+00 -9.70032632350922e-01
  5.41718949270972e+04 -9.20261323451996e-01 -8.63451063632965e-01 -9.57050979137421e-01 -9.60849106311798e-01
  5.41756231869756e+04 -9.04032289981842e-01 -8.24069678783417e-01 -8.89347612857819e-01 -9.28425014019012e-01
  5.41793514467165e+04 -8.64515066146851e-01 -9.38669323921204e-01 -9.98107492923737e-01 -9.89980280399323e-01
  5.41830797065233e+04 -9.76779580116272e-01 -8.72361004352570e-01 -9.38911795616150e-01 -1.01763391494751e+00
  5.41868079659571e+04 -1.05283534526825e+00 -9.80588495731354e-01 -9.33535277843475e-01 -9.70866680145264e-01
  5.41905362253959e+04 -8.97221088409424e-01 -9.63101744651794e-01 -9.76332366466522e-01 -1.03027963638306e+00
  5.41942644846990e+04 -9.58924889564514e-01 -1.01092588901520e+00 -9.80491578578949e-01 -8.67572963237762e-01
  5.41979927437395e+04 -8.37979495525360e-01 -1.02122557163239e+00 -9.63908433914185e-01 -9.50892508029938e-01
  5.42017210031387e+04 -8.86893808841705e-01 -8.26116263866425e-01 -9.56349015235901e-01 -9.59451317787170e-01
  5.42054492616216e+04 -9.51883375644684e-01 -9.04391646385193e-01 -1.05988538265228e+00 -8.39587330818176e-01
  5.42091775203843e+04 -8.61172735691071e-01 -9.40170109272003e-01 -8.97984385490417e-01 -1.02390050888062e+00
  5.42129057788969e+04 -9.28668558597565e-01 -8.73819112777710e-01 -1.05995464324951e+00 -9.57814812660217e-01
  5.42166340373716e+04 -9.72839534282684e-01 -9.52751815319061e-01 -8.89526128768921e-01 -9.46368217468262e-01
  5.42203622953298e+04 -9.67531561851501e-01 -8.28192651271820e-01 -1.00443243980408e+00 -1.04034209251404e+00
  5.42240905532697e+04 -8.38679015636444e-01 -8.93947660923004e-01 -9.70637202262878e-01 -8.34221184253693e-01
  5.42278188112395e+04 -9.14292931556702e-01 -9.90778446197510e-01 -9.62657213211060e-01 -9.52777862548828e-01
  5.42315470688079e+04 -9.36341762542725e-01 -8.13001692295074e-01 -9.74428534507751e-01 -9.14600849151611e-01
  5.42352753263576e+04 -8.62093389034271e-01 -1.01706945896149e+00 -9.76793050765991e-01 -9.71670925617218e-01
  5.42390035839283e+04 -8.50018560886383e-01 -8.08098256587982e-01 -9.83008205890656e-01 -9.71140325069427e-01
  5.42427318410520e+04 -9.16230916976929e-01 -8.82334291934967e-01 -9.75888907909393e-01 -1.03589498996735e+00
  5.42464600981840e+04 -8.51056694984436e-01 -8.43561947345734e-01 -9.92800831794739e-01 -9.12461221218109e-01
  5.42501883556262e+04 -8.31673741340637e-01 -8.84434700012207e-01 -9.84625160694122e-01 -8.73928248882294e-01
  5.42539166123183e+04 -9.38547730445862e-01 -9.84643101692200e-01 -9.65968847274780e-01 -9.58623647689819e-01
  5.42576448692338e+04 -8.76330077648163e-01 -9.26159739494324e-01 -9.34991836547852e-01 -9.80264008045197e-01
  5.42613731259168e+04 -9.80313539505005e-01 -8.66927921772003e-01 -9.20944154262543e-01 -9.32515561580658e-01
  5.42651013826967e+04 -8.59700918197632e-01 -8.33000838756561e-01 -9.42418098449707e-01 -1.02911376953125e+00
  5.42688296394375e+04 -9.08274888992310e-01 -1.00140547752380e+00 -1.00446367263794e+00 -9.05184030532837e-01
  5.42725578958703e+04 -8.06507050991058e-01 -9.28760349750519e-01 -9.82352495193481e-01 -9.73701238632202e-01
  5.42764583333740e+04 -7.99952507019043e-01 -8.22376787662506e-01 -7.93763697147369e-01 -8.36488962173462e-01
  5.42768333335613e+04 -9.28906857967377e-01 -9.05871272087097e-01 -8.22855412960052e-01 -9.99035060405731e-01
  5.42779166672962e+04 -7.65532672405243e-01 -8.15744459629059e-01 -7.92322278022766e-01 -8.65009367465973e-01
  5.42785416671355e+04 -9.12326276302338e-01 -8.83537709712982e-01 -9.49385404586792e-01 -8.97298157215118e-01
  5.42822699235914e+04 -9.35957252979279e-01 -8.76585781574249e-01 -9.12078261375427e-01 -9.53173995018005e-01
  5.42859981795926e+04 -9.03725862503052e-01 -8.88188779354095e-01 -9.07271504402161e-01 -9.62710320949554e-01
  5.42897264359318e+04 -9.83017086982727e-01 -9.30209219455719e-01 -9.99538779258728e-01 -9.72935438156128e-01
  5.42934546922965e+04 -9.35304641723633e-01 -1.01814687252045e+00 -9.56116795539856e-01 -9.53018605709076e-01
  5.42971829488785e+04 -9.51109707355499e-01 -9.07296478748322e-01 -1.03455185890198e+00 -1.00738179683685e+00
  5.43009112052315e+04 -8.73179912567139e-01 -8.86804103851318e-01 -9.34091985225677e-01 -9.65431511402130e-01
  5.43046394618160e+04 -9.12815511226654e-01 -9.36036944389343e-01 -9.66392338275909e-01 -9.53766942024231e-01
  5.43083677183992e+04 -9.66680943965912e-01 -8.46638441085815e-01 -9.13232862949371e-01 -9.65549170970917e-01
  5.43120959751911e+04 -9.52987134456635e-01 -9.18487548828125e-01 -9.77384328842163e-01 -9.52883064746857e-01
  5.43158242319688e+04 -8.97712230682373e-01 -9.13879454135895e-01 -9.76466536521912e-01 -9.49812591075897e-01
  5.43195524889978e+04 -9.11245107650757e-01 -8.36228549480438e-01 -8.45076858997345e-01 -9.27984595298767e-01
  5.43232807460242e+04 -8.92622947692871e-01 -8.03425729274750e-01 -9.51791524887085e-01 -9.95318055152893e-01
  5.43270090030613e+04 -8.97286355495453e-01 -9.30067062377930e-01 -1.01843607425690e+00 -9.40215229988098e-01
  5.43307372603355e+04 -8.93375396728516e-01 -8.79375219345093e-01 -8.87779593467712e-01 -8.45813155174255e-01
  5.43344655178553e+04 -9.07016754150391e-01 -9.53939795494080e-01 -8.92893016338348e-01 -9.95973825454712e-01
  5.43381937755614e+04 -9.05707836151123e-01 -8.38716208934784e-01 -1.01933515071869e+00 -9.18934464454651e-01
  5.43419220333393e+04 -9.38248455524445e-01 -8.81095290184021e-01 -9.58772003650665e-01 -9.62773323059082e-01
  5.43485208339271e+04 -6.77386999130249e-01 -6.57425999641418e-01 -7.49083995819092e-01 -7.34479606151581e-01
  5.43495625008381e+04 -9.53704059123993e-01 -9.19914245605469e-01 -8.44077289104462e-01 -9.63253676891327e-01
  5.43532907596144e+04 -9.58533167839050e-01 -1.05308401584625e+00 -9.66819703578949e-01 -8.78624260425568e-01
  5.43570190178878e+04 -8.62787961959839e-01 -9.86729323863983e-01 -1.00772154331207e+00 -1.00332903862000e+00
  5.43607472768276e+04 -8.68391036987305e-01 -9.04543459415436e-01 -8.95126938819885e-01 -9.14319694042206e-01
  5.43644755357189e+04 -1.03403651714325e+00 -9.12529051303864e-01 -9.62026059627533e-01 -1.03685653209686e+00
  5.43695000000509e+04 -6.92969441413879e-01 -6.27165138721466e-01 -7.66754448413849e-01 -7.30802357196808e-01
  5.43701250000716e+04 -9.22492027282715e-01 -8.82904350757599e-01 -9.53228056430817e-01 -9.80667114257812e-01
  5.43738532595094e+04 -9.60656702518463e-01 -9.92898583412170e-01 -9.79915618896484e-01 -9.78735744953156e-01
  5.43775815191308e+04 -7.93803930282593e-01 -8.09190869331360e-01 -9.60556328296661e-01 -8.83257269859314e-01
  5.43813097791274e+04 -8.98442566394806e-01 -9.03164684772491e-01 -1.01329171657562e+00 -9.24341559410095e-01
  5.43850380391009e+04 -8.32417190074921e-01 -8.54967951774597e-01 -1.05643284320831e+00 -1.04115819931030e+00
  5.43887662992499e+04 -8.96071255207062e-01 -7.75571346282959e-01 -9.40743803977966e-01 -9.19624924659729e-01
  5.43924945599131e+04 -8.50556135177612e-01 -8.14084231853485e-01 -1.02805578708649e+00 -9.25016582012177e-01
  5.43962228202859e+04 -9.21771585941315e-01 -9.33807790279388e-01 -9.53328132629395e-01 -9.85322415828705e-01
  5.43999510810545e+04 -9.39577639102936e-01 -9.25712227821350e-01 -9.17212069034576e-01 -8.51725578308105e-01
  5.44036793417452e+04 -8.24236333370209e-01 -8.49740386009216e-01 -9.86753106117249e-01 -8.91548752784729e-01
  5.44074076029735e+04 -9.24939215183258e-01 -8.24426472187042e-01 -9.31938230991364e-01 -9.04078066349030e-01
  5.44145833337731e+04 -7.75569379329681e-01 -7.80801594257355e-01 -7.90522396564484e-01 -7.78619527816772e-01
  5.44200000003309e+04 -8.64654958248138e-01 -8.60597550868988e-01 -9.18055295944214e-01 -9.85567092895508e-01
  5.44237282617361e+04 -8.75204563140869e-01 -9.17944848537445e-01 -1.00645375251770e+00 -1.01491832733154e+00
  5.44274565232744e+04 -9.03988540172577e-01 -9.38027083873749e-01 -8.90332520008087e-01 -9.76492166519165e-01
  5.44311847849535e+04 -9.63887453079224e-01 -8.92223417758942e-01 -1.03372323513031e+00 -9.33435440063477e-01
  5.44349130465369e+04 -1.01396048069000e+00 -1.07928049564362e+00 -8.86451780796051e-01 -9.41606044769287e-01
  5.44386413082686e+04 -9.40798163414001e-01 -9.33168292045593e-01 -9.08872485160828e-01 -9.78068113327026e-01
  5.44423695701424e+04 -9.18008029460907e-01 -9.89685654640198e-01 -1.03747284412384e+00 -9.63186085224152e-01
  5.44460978321042e+04 -8.63299131393433e-01 -8.79909336566925e-01 -8.81818652153015e-01 -1.02858042716980e+00
  5.44498260938090e+04 -9.26452636718750e-01 -9.27977204322815e-01 -9.88494753837585e-01 -9.74088430404663e-01
  5.44535543559165e+04 -9.55600559711456e-01 -8.23602139949799e-01 -9.10742580890656e-01 -9.52990651130676e-01
  5.44572826179664e+04 -8.77879083156586e-01 -8.73695194721222e-01 -9.66775536537170e-01 -9.68100786209106e-01
  5.44610108799790e+04 -8.25156629085541e-01 -9.13553476333618e-01 -9.17757511138916e-01 -8.75169515609741e-01
  5.44647391421910e+04 -8.50561141967773e-01 -9.70397114753723e-01 -9.49577927589417e-01 -1.06805276870728e+00
  5.44684674039271e+04 -8.57196152210236e-01 -8.58374834060669e-01 -1.04860663414001e+00 -9.95238304138184e-01
  5.44721956661264e+04 -8.86642813682556e-01 -9.12903130054474e-01 -9.96145427227020e-01 -9.72271502017975e-01
  5.44759239283173e+04 -9.24337506294250e-01 -8.71813416481018e-01 -9.16072010993958e-01 -1.00317740440369e+00
  5.44796521904166e+04 -9.56052303314209e-01 -9.66248154640198e-01 -1.00625598430634e+00 -9.75772738456726e-01
  5.44833804527883e+04 -9.31175351142883e-01 -9.29907858371735e-01 -1.04360973834991e+00 -9.89969909191132e-01
  5.44885243060476e+04 -7.13257789611816e-01 -7.42471575737000e-01 -8.22421908378601e-01 -7.97550380229950e-01
  5.44889409727453e+04 -9.47274684906006e-01 -9.35903370380402e-01 -1.03763222694397e+00 -9.35504794120789e-01
  5.44926692348148e+04 -8.98828327655792e-01 -9.40158128738403e-01 -8.88211667537689e-01 -9.27237272262573e-01
  5.44963974964987e+04 -8.81658196449280e-01 -8.91682326793671e-01 -9.26408529281616e-01 -9.51257526874542e-01
  5.45001257582188e+04 -1.00633406639099e+00 -8.38603913784027e-01 -9.57484543323517e-01 -9.61746156215668e-01
  5.45038540200834e+04 -8.98571014404297e-01 -8.54107141494751e-01 -9.61724698543549e-01 -9.62356567382812e-01
  5.45075822821693e+04 -8.75598669052124e-01 -9.10443007946014e-01 -9.99415636062622e-01 -1.04034197330475e+00
  5.45113105437362e+04 -8.09288859367371e-01 -8.93377363681793e-01 -9.40937340259552e-01 -9.22006189823151e-01
  5.45150388053819e+04 -8.30209136009216e-01 -8.48218500614166e-01 -9.36050534248352e-01 -1.06343948841095e+00
  5.45187670666829e+04 -9.00983452796936e-01 -8.28291177749634e-01 -9.63897228240967e-01 -9.92739558219910e-01
  5.45224953283068e+04 -8.27230334281921e-01 -8.23569715023041e-01 -8.54906320571899e-01 -1.09588658809662e+00
  5.45262235900186e+04 -8.51909220218658e-01 -9.38828527927399e-01 -9.26205635070801e-01 -8.73158395290375e-01
  5.45299518510869e+04 -8.03049564361572e-01 -8.58586013317108e-01 -1.07401835918427e+00 -1.01318311691284e+00
  5.45336801124676e+04 -7.89018452167511e-01 -8.17238688468933e-01 -9.81487751007080e-01 -9.37654674053192e-01
  5.45374083737059e+04 -9.63222324848175e-01 -8.22330296039581e-01 -9.22535598278046e-01 -9.77189958095551e-01
  5.45411366347083e+04 -9.02013599872589e-01 -8.25618565082550e-01 -9.10053014755249e-01 -9.99025583267212e-01
  5.45448648956759e+04 -9.53488290309906e-01 -9.32374000549316e-01 -9.65753078460693e-01 -1.01648426055908e+00
  5.45485931564976e+04 -8.75383794307709e-01 -9.22569751739502e-01 -8.79191994667053e-01 -9.82089877128601e-01
  5.45523214172972e+04 -9.63518440723419e-01 -7.59320497512817e-01 -9.71881031990051e-01 -1.08170807361603e+00
  5.45560496778299e+04 -8.92738044261932e-01 -8.75435352325439e-01 -9.77784276008606e-01 -8.95293533802032e-01
  5.45597779382350e+04 -9.21317636966705e-01 -8.81325423717499e-01 -1.01258683204651e+00 -9.63618040084839e-01
  5.45635061984110e+04 -8.80631566047668e-01 -8.69714498519897e-01 -9.02428328990936e-01 -1.04565370082855e+00
  5.45672344588552e+04 -8.74178230762482e-01 -8.83199453353882e-01 -9.04136598110199e-01 -9.20945584774017e-01
  5.45709627186796e+04 -8.88561725616455e-01 -7.93350815773010e-01 -9.74332928657532e-01 -9.17021572589874e-01
  5.45746909786042e+04 -8.40709030628204e-01 -8.74460995197296e-01 -9.55222904682159e-01 -9.75232720375061e-01
  5.45784192381018e+04 -8.84842276573181e-01 -8.40926468372345e-01 -9.99091804027557e-01 -1.02418935298920e+00
  5.45821474978751e+04 -9.11333680152893e-01 -8.52555572986603e-01 -9.23649191856384e-01 -9.90983068943024e-01
  5.45858757572292e+04 -8.45795094966888e-01 -9.03803706169128e-01 -9.81121897697449e-01 -8.64633977413177e-01
  5.45896040163981e+04 -9.89908874034882e-01 -9.00592625141144e-01 -9.50305342674255e-01 -9.62683677673340e-01
  5.45933322754225e+04 -9.03200447559357e-01 -9.03546035289764e-01 -1.00544655323029e+00 -9.58911538124084e-01
  5.45970605345139e+04 -8.77230346202850e-01 -9.00656878948212e-01 -9.62692141532898e-01 -9.33060288429260e-01
  5.46007887931504e+04 -1.00131332874298e+00 -8.75092029571533e-01 -1.06705605983734e+00 -9.78606641292572e-01
  5.46045170517813e+04 -9.19448137283325e-01 -9.06600356101990e-01 -9.96313035488129e-01 -9.55900549888611e-01
  5.46082453104178e+04 -9.24537181854248e-01 -1.01889038085938e+00 -8.81119310855865e-01 -9.09350633621216e-01
  5.46119735688379e+04 -1.00699543952942e+00 -9.25263822078705e-01 -8.67768347263336e-01 -8.71793329715729e-01
  5.46157018272743e+04 -9.05762732028961e-01 -8.38272929191589e-01 -9.87948596477509e-01 -9.83761548995972e-01
  5.46216131948033e+04 -8.06830823421478e-01 -7.32749223709106e-01 -8.54343056678772e-01 -8.47186803817749e-01
  5.46222083341052e+04 -9.10228550434113e-01 -8.51526021957397e-01 -9.24457669258118e-01 -9.64938640594482e-01
  5.46259365921204e+04 -9.10194873809814e-01 -9.78955030441284e-01 -9.85721766948700e-01 -9.75498318672180e-01
  5.46296648501167e+04 -9.29505288600922e-01 -8.28791439533234e-01 -9.41613793373108e-01 -9.16905343532562e-01
  5.46333931079063e+04 -8.81511092185974e-01 -8.55026960372925e-01 -9.84472870826721e-01 -9.82163608074188e-01
  5.46371213659081e+04 -9.60979223251343e-01 -9.39574658870697e-01 -9.22864854335785e-01 -9.64796483516693e-01
  5.46408496236760e+04 -9.02012348175049e-01 -8.76209735870361e-01 -9.53724086284637e-01 -9.35969948768616e-01
  5.46445778812386e+04 -9.52890574932098e-01 -8.81773531436920e-01 -9.76888298988342e-01 -9.14193153381348e-01
  5.46483061390244e+04 -7.65465497970581e-01 -9.17055070400238e-01 -9.70543861389160e-01 -9.53639745712280e-01
  5.46520343968055e+04 -8.57421994209290e-01 -8.25813412666321e-01 -8.73987555503845e-01 -9.09258365631104e-01
  5.46557626545927e+04 -9.50197517871857e-01 -8.66917550563812e-01 -9.87522959709167e-01 -9.59780454635620e-01
  5.46594909123807e+04 -9.68943476676941e-01 -8.75483036041260e-01 -9.00290966033936e-01 -9.94563996791840e-01
  5.46633402781089e+04 -7.78361797332764e-01 -7.25336909294128e-01 -8.00571858882904e-01 -8.24338912963867e-01
  5.46634402778483e+04 -9.10083591938019e-01 -8.79301011562347e-01 -9.85723435878754e-01 -9.31812644004822e-01
  5.46671685356169e+04 -8.81919980049133e-01 -9.19920623302460e-01 -9.23236191272736e-01 -9.89133358001709e-01
  5.46708967935023e+04 -8.58075022697449e-01 -7.87043333053589e-01 -9.93422150611877e-01 -1.00720179080963e+00
  5.46746250516422e+04 -8.71804296970367e-01 -9.93615031242371e-01 -1.00337338447571e+00 -9.63018476963043e-01
  5.46797083335996e+04 -7.58156538009644e-01 -7.79373168945312e-01 -8.33271265029907e-01 -7.72012114524841e-01
  5.46811666667836e+04 -8.50360929965973e-01 -9.58571612834930e-01 -1.05665802955627e+00 -1.03509020805359e+00
  5.46848949247673e+04 -9.50114250183105e-01 -9.77275907993317e-01 -1.02604079246521e+00 -9.45331275463104e-01
  5.46886231829895e+04 -8.26171159744263e-01 -8.60381364822388e-01 -9.61636245250702e-01 -9.51951086521149e-01
  5.46923514416517e+04 -8.19204270839691e-01 -8.24010670185089e-01 -8.76618027687073e-01 -9.23844814300537e-01
  5.46960797061018e+04 -8.50982129573822e-01 -7.86257565021515e-01 -9.93706345558167e-01 -9.46835219860077e-01
  5.46998079751737e+04 -8.28521370887756e-01 -8.60355436801910e-01 -1.01182472705841e+00 -9.03141379356384e-01
  5.47035362442201e+04 -8.33456397056580e-01 -8.16617369651794e-01 -9.89275932312012e-01 -1.07239866256714e+00
  5.47072645132558e+04 -9.28764879703522e-01 -8.47156465053558e-01 -9.07791018486023e-01 -9.89376842975616e-01
  5.47109927362999e+04 -8.69037806987762e-01 -9.40524995326996e-01 -1.02394890785217e+00 -8.78237426280975e-01
  5.47147209958443e+04 -8.67460906505585e-01 -8.87312889099121e-01 -9.55261170864105e-01 -9.04546558856964e-01
  5.47184492553727e+04 -8.87433767318726e-01 -7.42939710617065e-01 -1.00606107711792e+00 -9.25205111503601e-01
  5.47221775152893e+04 -9.73608613014221e-01 -7.93556630611420e-01 -9.51202154159546e-01 -8.67128729820251e-01
  5.47259057754039e+04 -9.86704170703888e-01 -9.91537094116211e-01 -9.24232602119446e-01 -9.50820624828339e-01
  5.47296340354932e+04 -9.71915483474731e-01 -9.20118987560272e-01 -9.58563745021820e-01 -9.58376944065094e-01
  5.47333622957141e+04 -8.11226844787598e-01 -8.88080477714539e-01 -9.52595293521881e-01 -9.34693872928619e-01
  5.47370905563391e+04 -9.57032978534698e-01 -1.00696253776550e+00 -9.31407690048218e-01 -9.50140655040741e-01
  5.47444166667361e+04 -7.65054047107697e-01 -7.48308062553406e-01 -7.39904105663300e-01 -7.43255794048309e-01
  5.47445416673358e+04 -9.05571758747101e-01 -8.61429274082184e-01 -1.04815077781677e+00 -9.72807228565216e-01
  5.47475138892720e+04 -7.43295967578888e-01 -7.20796048641205e-01 -8.51635336875916e-01 -7.45573222637177e-01
  5.47479930561144e+04 -9.27617013454437e-01 -8.66439223289490e-01 -8.69265258312225e-01 -9.74199593067169e-01
  5.47517213173553e+04 -7.68925011157990e-01 -7.64265120029449e-01 -9.31851387023926e-01 -1.06588006019592e+00
  5.47554495786829e+04 -8.34501326084137e-01 -8.39842140674591e-01 -1.00220537185669e+00 -1.01788139343262e+00
  5.47591778399352e+04 -9.10097539424896e-01 -8.96105349063873e-01 -9.03164565563202e-01 -9.77052509784698e-01
  5.47629061015126e+04 -8.21297764778137e-01 -8.13265919685364e-01 -9.32507812976837e-01 -9.40108418464661e-01
  5.47674166671620e+04 -7.22546994686127e-01 -6.56655073165894e-01 -7.41069316864014e-01 -7.46582686901093e-01
  5.47679444450673e+04 -8.02585721015930e-01 -8.58477711677551e-01 -9.64721143245697e-01 -9.54729676246643e-01
  5.47716727068299e+04 -9.42070722579956e-01 -8.10016870498657e-01 -9.54006612300873e-01 -1.02809298038483e+00
  5.47754009686540e+04 -8.85660171508789e-01 -9.40808176994324e-01 -9.91221308708191e-01 -9.61142539978027e-01
  5.47791292307095e+04 -7.88485884666443e-01 -8.89769196510315e-01 -1.01612794399261e+00 -8.83049368858337e-01
  5.47828574928902e+04 -8.11276495456696e-01 -9.27927255630493e-01 -9.77612137794495e-01 -8.37898552417755e-01
  5.47865857551933e+04 -1.00187671184540e+00 -9.12694692611694e-01 -9.95352208614349e-01 -9.43337559700012e-01
  5.47903140176199e+04 -9.40651416778564e-01 -9.31948781013489e-01 -9.67447638511658e-01 -8.93696427345276e-01
  5.47940422801980e+04 -8.52878630161285e-01 -8.01611006259918e-01 -9.56230044364929e-01 -9.26258325576782e-01
  5.47977705426782e+04 -1.01301765441895e+00 -1.03082060813904e+00 -9.33215141296387e-01 -9.13275539875031e-01
  5.48014988052766e+04 -8.79366099834442e-01 -9.47820186614990e-01 -9.89531338214874e-01 -9.51983094215393e-01
  5.48052270677512e+04 -9.70422804355621e-01 -9.49203729629517e-01 -9.47588801383972e-01 -8.68845701217651e-01
  5.48089553307038e+04 -8.88259708881378e-01 -8.67209136486053e-01 -9.36666488647461e-01 -9.74868059158325e-01
  5.48126835932731e+04 -9.16646361351013e-01 -8.44253063201904e-01 -9.43989872932434e-01 -9.25378441810608e-01
  5.48164118561644e+04 -1.04517805576324e+00 -9.22199130058289e-01 -1.01548802852631e+00 -9.55867946147919e-01
  5.48201401188495e+04 -9.92074847221375e-01 -8.73454749584198e-01 -9.80073690414429e-01 -1.04257071018219e+00
  5.48238683817095e+04 -9.73444283008575e-01 -8.98145794868469e-01 -9.87386345863342e-01 -8.75848174095154e-01
  5.48275966447709e+04 -9.29834902286530e-01 -9.10407006740570e-01 -9.85861480236053e-01 -1.00955164432526e+00
  5.48313249078229e+04 -9.19322788715363e-01 -9.10788774490356e-01 -9.54969167709351e-01 -9.28780257701874e-01
  5.48350531589167e+04 -9.22973871231079e-01 -1.00662732124329e+00 -8.85412871837616e-01 -9.84792828559875e-01
  5.48394305558299e+04 -7.70969271659851e-01 -7.75143742561340e-01 -8.06773781776428e-01 -8.41836810112000e-01
  5.48405208336054e+04 -9.46321606636047e-01 -8.73540759086609e-01 -9.75425660610199e-01 -9.64129745960236e-01
  5.48442490953520e+04 -8.67320120334625e-01 -9.33981597423553e-01 -9.33942854404449e-01 -9.00340497493744e-01
  5.48479773583217e+04 -9.50962841510773e-01 -8.97100925445557e-01 -8.73272716999054e-01 -9.54914391040802e-01
  5.48517056213160e+04 -9.02405917644501e-01 -9.09814000129700e-01 -9.44582581520081e-01 -1.01335847377777e+00
  5.48554338841538e+04 -8.92752408981323e-01 -8.49435746669769e-01 -8.85041952133179e-01 -9.74905967712402e-01
  5.48591621470162e+04 -8.08657824993134e-01 -9.33295726776123e-01 -1.02453351020813e+00 -9.05285477638245e-01
  5.48628904097212e+04 -9.43081140518188e-01 -8.39467406272888e-01 -9.41410183906555e-01 -8.83499920368195e-01
  5.48666186724999e+04 -9.15390372276306e-01 -8.10444593429565e-01 -9.91470634937286e-01 -9.19892251491547e-01
  5.48738194447107e+04 -6.95741653442383e-01 -6.68338775634766e-01 -7.62640893459320e-01 -7.70882666110992e-01
  5.48744166673831e+04 -8.70817184448242e-01 -8.17330777645111e-01 -1.06199395656586e+00 -9.53325927257538e-01
  5.48781449303090e+04 -8.83311152458191e-01 -8.41819286346436e-01 -9.68052208423615e-01 -9.69314396381378e-01
  5.48818731929144e+04 -9.27909791469574e-01 -8.83694529533386e-01 -9.08093810081482e-01 -9.64933574199677e-01
  5.48861166667837e+04 -7.02022612094879e-01 -7.08578288555145e-01 -7.71204173564911e-01 -7.41480350494385e-01
  5.48862166673612e+04 -8.62083613872528e-01 -8.33370685577393e-01 -9.77480232715607e-01 -9.51511144638062e-01
  5.48899449297905e+04 -8.58404397964478e-01 -9.28451359272003e-01 -9.59497869014740e-01 -8.73519897460938e-01
  5.48936731923172e+04 -8.72233033180237e-01 -7.65821456909180e-01 -1.01272034645081e+00 -9.04240727424622e-01
  5.48974014545393e+04 -8.04537653923035e-01 -8.73226523399353e-01 -9.30054426193237e-01 -1.00972521305084e+00
  5.49011297170636e+04 -8.69295775890350e-01 -1.02672624588013e+00 -9.68890905380249e-01 -1.03027117252350e+00
  5.49048579791147e+04 -8.97669076919556e-01 -1.04353046417236e+00 -9.87462460994720e-01 -9.71013307571411e-01
  5.49085862411423e+04 -9.82351720333099e-01 -8.69466125965118e-01 -9.18968439102173e-01 -9.49285626411438e-01
  5.49123145030543e+04 -9.41061556339264e-01 -8.91467094421387e-01 -1.02481138706207e+00 -1.09197533130646e+00
  5.49160427647014e+04 -8.21375846862793e-01 -8.62355232238770e-01 -9.88820910453796e-01 -1.09462535381317e+00
  5.49197710265534e+04 -8.83832991123199e-01 -8.51173162460327e-01 -9.60750699043274e-01 -1.01798450946808e+00
  5.49234992882801e+04 -1.00091111660004e+00 -8.64795267581940e-01 -9.39501762390137e-01 -9.37286794185638e-01
  5.49272275496436e+04 -1.01821708679199e+00 -1.03523051738739e+00 -8.87570083141327e-01 -9.87334191799164e-01
  5.49309558110556e+04 -8.75985503196716e-01 -9.47253108024597e-01 -8.40055227279663e-01 -9.14542675018311e-01
  5.49346840727015e+04 -8.60387325286865e-01 -8.58134210109711e-01 -8.77070844173431e-01 -9.40134584903717e-01
  5.49384123334977e+04 -8.45463871955872e-01 -7.60693550109863e-01 -1.00147354602814e+00 -8.75679075717926e-01
  5.49421405943019e+04 -9.90357220172882e-01 -8.28583359718323e-01 -1.01360237598419e+00 -9.36407268047333e-01
  5.49458688551713e+04 -9.39052402973175e-01 -9.42937493324280e-01 -9.65948343276978e-01 -9.61983501911163e-01
  5.49495971158703e+04 -9.17908847332001e-01 -8.19857358932495e-01 -9.41069662570953e-01 -8.84283304214478e-01
  5.49533253764410e+04 -1.02881789207458e+00 -8.84807288646698e-01 -1.00561547279358e+00 -1.02803158760071e+00
  5.49570536367686e+04 -8.75330746173859e-01 -8.84319543838501e-01 -9.28347826004028e-01 -9.14603948593140e-01
  5.49607818971422e+04 -9.26961064338684e-01 -8.81019353866577e-01 -9.82236146926880e-01 -9.43720877170563e-01
  5.49645101571157e+04 -8.57772350311279e-01 -8.48953187465668e-01 -9.24048960208893e-01 -1.01643121242523e+00
  5.49682384171309e+04 -8.57247948646545e-01 -8.66947591304779e-01 -9.26277339458466e-01 -8.52604687213898e-01
  5.49719666771770e+04 -8.90974879264832e-01 -9.11343812942505e-01 -9.59190189838409e-01 -9.86423671245575e-01
  5.49756949367951e+04 -8.71892333030701e-01 -9.21274602413177e-01 -9.81799542903900e-01 -9.61360633373260e-01
  5.49794231966307e+04 -8.76744031906128e-01 -8.84158492088318e-01 -9.47598099708557e-01 -9.53197062015533e-01
  5.49831514561389e+04 -8.66972625255585e-01 -9.00713205337524e-01 -9.11988735198975e-01 -8.58498394489288e-01
  5.49868797155924e+04 -9.10312950611115e-01 -8.18096697330475e-01 -9.23638463020325e-01 -9.61149036884308e-01
  5.49906079752129e+04 -8.62351059913635e-01 -8.62052381038666e-01 -9.50744450092316e-01 -9.76260960102081e-01
  5.49943362344177e+04 -8.56534123420715e-01 -8.31661224365234e-01 -9.41841244697571e-01 -9.68319594860077e-01
  5.49980644936274e+04 -8.63037467002869e-01 -8.59394967556000e-01 -9.21850442886353e-01 -9.59910869598389e-01
  5.50017927528912e+04 -9.66121792793274e-01 -9.04286086559296e-01 -9.96709227561951e-01 -9.76438403129578e-01
  5.50055210122026e+04 -9.12731051445007e-01 -9.88221168518066e-01 -8.61434400081635e-01 -9.60851669311523e-01
  5.50092492712778e+04 -8.80871176719666e-01 -8.79458963871002e-01 -9.36454236507416e-01 -9.80011701583862e-01
  5.50129775303588e+04 -1.01236033439636e+00 -9.40096497535706e-01 -9.05274033546448e-01 -1.03640532493591e+00
  5.50167057894446e+04 -8.44074964523315e-01 -9.23399209976196e-01 -9.71747279167175e-01 -9.20998632907867e-01
  5.50204340485440e+04 -8.52978467941284e-01 -8.65889012813568e-01 -9.34215784072876e-01 -9.66402053833008e-01
  5.50241623076471e+04 -8.77978563308716e-01 -9.56149816513062e-01 -9.22223508358002e-01 -9.21285212039948e-01
  5.50285986111410e+04 -7.03718841075897e-01 -8.27618062496185e-01 -7.78420209884644e-01 -7.65267789363861e-01
  5.50290972229562e+04 -8.98873865604401e-01 -9.05611455440521e-01 -1.03230762481689e+00 -1.00144660472870e+00
  5.50328254822777e+04 -8.36804091930389e-01 -8.27094852924347e-01 -9.93634402751923e-01 -9.27344918251038e-01
  5.50365537413750e+04 -9.82840120792389e-01 -9.34985458850861e-01 -8.51052105426788e-01 -9.22391355037689e-01
  5.50402820006980e+04 -9.27116632461548e-01 -8.92381787300110e-01 -1.03596472740173e+00 -1.01806092262268e+00
  5.50440102602305e+04 -9.61354553699493e-01 -8.86709332466125e-01 -1.01200890541077e+00 -9.29396092891693e-01
  5.50477385197327e+04 -8.21762025356293e-01 -8.78963887691498e-01 -9.60589170455933e-01 -9.89078938961029e-01
  5.50514667792187e+04 -9.49448645114899e-01 -8.51677477359772e-01 -9.07675921916962e-01 -9.55027818679810e-01
  5.50551950389156e+04 -8.53601992130280e-01 -8.84464204311371e-01 -9.13844823837280e-01 -9.18219029903412e-01
  5.50589232988276e+04 -8.87513875961304e-01 -7.87398517131805e-01 -9.39190030097961e-01 -1.01290607452393e+00
  5.50626515587523e+04 -8.61793518066406e-01 -9.09530341625214e-01 -9.24328505992889e-01 -9.56367731094360e-01
  5.50663798176920e+04 -9.29557681083679e-01 -8.45828711986542e-01 -9.51823890209198e-01 -9.00211751461029e-01
  5.50701080766470e+04 -9.02914762496948e-01 -9.31814193725586e-01 -8.84412944316864e-01 -9.65451896190643e-01
  5.50738363355950e+04 -8.37823271751404e-01 -8.20142745971680e-01 -1.03267288208008e+00 -9.27389264106750e-01
  5.50775645948959e+04 -8.85343134403229e-01 -9.17405426502228e-01 -9.41862881183624e-01 -9.52222168445587e-01
  5.50812928540508e+04 -9.26310718059540e-01 -8.33518862724304e-01 -9.60204601287842e-01 -8.49850833415985e-01
  5.50850211138817e+04 -8.66557359695435e-01 -9.82188940048218e-01 -9.52020585536957e-01 -9.59017038345337e-01
  5.50887493735035e+04 -8.22668373584747e-01 -8.50666046142578e-01 -9.60245072841644e-01 -9.72259163856506e-01
  5.50924776337638e+04 -9.02336597442627e-01 -8.03542435169220e-01 -9.26977038383484e-01 -9.15702044963837e-01
  5.50962058933032e+04 -9.07759249210358e-01 -8.78292560577393e-01 -9.15129661560059e-01 -9.84548926353455e-01
  5.50999341528705e+04 -9.31873381137848e-01 -9.17282998561859e-01 -9.13784801959991e-01 -9.96512293815613e-01
  5.51036624126145e+04 -8.90229225158691e-01 -9.17201638221741e-01 -8.98047566413879e-01 -8.44945490360260e-01
  5.51073906731272e+04 -8.74629020690918e-01 -9.30216670036316e-01 -1.08558845520020e+00 -9.26467597484589e-01
  5.51111189331238e+04 -8.60789895057678e-01 -8.46971631050110e-01 -1.04475593566895e+00 -8.98162126541138e-01
  5.51148471931736e+04 -8.45965325832367e-01 -9.55267727375031e-01 -9.16276693344116e-01 -1.03299677371979e+00
  5.51185754533532e+04 -9.88374769687653e-01 -8.83311867713928e-01 -9.44516301155090e-01 -9.32489514350891e-01
  5.51223037136285e+04 -8.68022680282593e-01 -7.27055072784424e-01 -9.08778905868530e-01 -9.98624861240387e-01
  5.51260319739028e+04 -8.15975487232208e-01 -9.03320610523224e-01 -9.21550512313843e-01 -9.94015991687775e-01
  5.51297602341643e+04 -8.38981747627258e-01 -8.51995468139648e-01 -9.83958899974823e-01 -9.37580347061157e-01
  5.51334884955901e+04 -8.94181132316589e-01 -8.79403591156006e-01 -9.56451654434204e-01 -9.35467839241028e-01
  5.51372167579747e+04 -1.00973570346832e+00 -8.61835002899170e-01 -9.94251608848572e-01 -8.97599697113037e-01
  5.51409450204432e+04 -8.28227996826172e-01 -8.57858777046204e-01 -9.95392680168152e-01 -9.32504415512085e-01
  5.51446732828184e+04 -7.98874199390411e-01 -8.74064207077026e-01 -9.38412547111511e-01 -9.73861396312714e-01
  5.51484015456887e+04 -8.69689643383026e-01 -8.58421862125397e-01 -1.02638268470764e+00 -8.99998903274536e-01
  5.51521298083947e+04 -9.13147866725922e-01 -8.26713144779205e-01 -9.63559389114380e-01 -9.11495804786682e-01
  5.51558580714838e+04 -9.09980177879333e-01 -9.32209193706512e-01 -9.38018798828125e-01 -9.96597468852997e-01
  5.51595863342512e+04 -8.41884255409241e-01 -9.94872748851776e-01 -9.17815208435059e-01 -9.81786847114563e-01
  5.51633145972776e+04 -9.49652254581451e-01 -1.01628267765045e+00 -9.47148144245148e-01 -9.12444651126862e-01
  5.51670428604861e+04 -8.17793607711792e-01 -8.64491224288940e-01 -8.75029206275940e-01 -9.40301418304443e-01
  5.51707711238310e+04 -8.04928302764893e-01 -8.72669994831085e-01 -9.47664499282837e-01 -9.71899688243866e-01
  5.51744993868541e+04 -8.66605699062347e-01 -9.28444325923920e-01 -9.69322204589844e-01 -9.11675989627838e-01
  5.51782276498889e+04 -9.25541520118713e-01 -9.18180644512177e-01 -9.27713394165039e-01 -9.61972653865814e-01
  5.51819559130916e+04 -1.07083415985107e+00 -9.30950105190277e-01 -9.95639324188232e-01 -1.04484224319458e+00
  5.51856841759097e+04 -9.18862938880920e-01 -8.16349923610687e-01 -9.14725542068481e-01 -1.02106642723083e+00
  5.51894124385429e+04 -9.15533125400543e-01 -8.87323915958405e-01 -1.03080499172211e+00 -1.03948092460632e+00
  5.51931407018217e+04 -8.71707856655121e-01 -8.19994091987610e-01 -9.52677190303802e-01 -9.88780558109283e-01
  5.51968689648517e+04 -9.75872397422791e-01 -9.89221155643463e-01 -9.07764196395874e-01 -1.06759345531464e+00
  5.52005972278437e+04 -8.87399852275848e-01 -9.40826833248138e-01 -9.95454192161560e-01 -9.42237377166748e-01
  5.52043254902847e+04 -8.49546492099762e-01 -8.67075085639954e-01 -9.67260360717773e-01 -9.34132516384125e-01
  5.52080537529029e+04 -9.39014017581940e-01 -9.68799531459808e-01 -9.95245695114136e-01 -9.50172960758209e-01
  5.52117820162513e+04 -9.74643945693970e-01 -9.05212283134460e-01 -9.96563911437988e-01 -9.76488947868347e-01
  5.52165520841458e+04 -7.61077761650085e-01 -8.26237320899963e-01 -8.61857175827026e-01 -7.96405673027039e-01
  5.52173854169745e+04 -9.74805176258087e-01 -8.34761500358582e-01 -9.44343566894531e-01 -9.49019432067871e-01
  5.52211136802780e+04 -9.39254224300385e-01 -8.30115199089050e-01 -9.72617924213409e-01 -9.91205334663391e-01
  5.52248419443530e+04 -9.39745068550110e-01 -8.04741084575653e-01 -1.01506197452545e+00 -9.15732145309448e-01
  5.52285702079489e+04 -8.71359586715698e-01 -8.17181825637817e-01 -8.47306847572327e-01 -9.09078180789948e-01
  5.52322984714722e+04 -8.12782824039459e-01 -9.32099699974060e-01 -8.78293931484222e-01 -9.54833745956421e-01
  5.52360267350359e+04 -9.87882196903229e-01 -8.87760221958160e-01 -9.36104834079742e-01 -9.68897581100464e-01
  5.52397549987753e+04 -8.74094307422638e-01 -9.25361454486847e-01 -9.27204608917236e-01 -9.81148838996887e-01
  5.52434832622663e+04 -9.20032799243927e-01 -9.06628668308258e-01 -8.98488998413086e-01 -8.90314161777496e-01
  5.52472115257014e+04 -8.93312811851501e-01 -9.12837862968445e-01 -1.02404725551605e+00 -8.98556888103485e-01
  5.52509397893554e+04 -8.10384571552277e-01 -7.49075293540955e-01 -9.17841851711273e-01 -1.01025021076202e+00
  5.52546680526262e+04 -7.73244976997375e-01 -8.92157316207886e-01 -9.58628535270691e-01 -1.02503621578217e+00
  5.52583963156390e+04 -9.63877320289612e-01 -9.34694468975067e-01 -9.24792706966400e-01 -9.11852240562439e-01
  5.52621245789735e+04 -9.47546601295471e-01 -8.63045036792755e-01 -8.03115606307983e-01 -8.62980425357819e-01
  5.52658528421239e+04 -9.35367763042450e-01 -9.64993238449097e-01 -9.73875701427460e-01 -1.03516197204590e+00
  5.52695811051053e+04 -1.00979876518250e+00 -9.02551531791687e-01 -9.99137282371521e-01 -1.05580759048462e+00
  5.52741583337636e+04 -7.01365530490875e-01 -6.30606651306152e-01 -7.60968446731567e-01 -7.69666075706482e-01
  5.52742583336516e+04 -9.31984364986420e-01 -9.30150389671326e-01 -9.94249045848846e-01 -9.67955589294434e-01
  5.52779865965798e+04 -8.25891375541687e-01 -9.36592817306519e-01 -9.87216949462891e-01 -1.08235347270966e+00
  5.52817148594397e+04 -8.24994504451752e-01 -8.50443184375763e-01 -1.02041459083557e+00 -9.79060411453247e-01
  5.52854431222662e+04 -9.36389744281769e-01 -7.89042174816132e-01 -1.02305817604065e+00 -1.03112101554871e+00
  5.52891713849791e+04 -8.86445999145508e-01 -8.66723001003265e-01 -1.00273656845093e+00 -9.48198258876801e-01
  5.52928996473809e+04 -9.18957293033600e-01 -8.57070088386536e-01 -9.65195000171661e-01 -8.88647258281708e-01
  5.52966279100417e+04 -9.18162882328033e-01 -8.25026988983154e-01 -9.78767514228821e-01 -9.78705585002899e-01
  5.53003561721227e+04 -9.42690432071686e-01 -9.63739275932312e-01 -8.64442110061646e-01 -9.66295182704926e-01
  5.53040844337487e+04 -1.03388774394989e+00 -1.01310515403748e+00 -9.78136241436005e-01 -9.38846528530121e-01
  5.53078126955326e+04 -8.61101090908051e-01 -9.04011189937592e-01 -9.15082335472107e-01 -1.01594960689545e+00
  5.53115409570371e+04 -9.37685132026672e-01 -9.40728127956390e-01 -9.48757588863373e-01 -1.04565954208374e+00
  5.53152692188136e+04 -8.43791484832764e-01 -8.61714243888855e-01 -1.00689399242401e+00 -9.48636770248413e-01
  5.53189974796643e+04 -9.52860772609711e-01 -8.32109808921814e-01 -9.26901996135712e-01 -1.01628494262695e+00
  5.53227257401909e+04 -9.27640497684479e-01 -9.69700515270233e-01 -9.87888038158417e-01 -8.90359461307526e-01
  5.53296666673832e+04 -7.83666431903839e-01 -7.65740811824799e-01 -8.34588527679443e-01 -8.16952228546143e-01
  5.53303541667384e+04 -9.70332860946655e-01 -9.27736520767212e-01 -1.02295827865601e+00 -9.16303694248199e-01
  5.53340824270844e+04 -8.89036417007446e-01 -8.78224074840546e-01 -1.02681624889374e+00 -1.01557254791260e+00
  5.53378106864109e+04 -8.40908288955688e-01 -7.69278526306152e-01 -8.87756288051605e-01 -9.43121790885925e-01
  5.53415389454630e+04 -9.31460499763489e-01 -9.29612874984741e-01 -9.76372182369232e-01 -9.75188791751862e-01
  5.53452672048843e+04 -8.88850748538971e-01 -8.47802519798279e-01 -9.67346608638763e-01 -9.31047737598419e-01
  5.53490416671389e+04 -7.33713686466217e-01 -7.45359539985657e-01 -8.14868807792664e-01 -8.65553677082062e-01
  5.53505625001794e+04 -9.56018865108490e-01 -9.36178088188171e-01 -9.08876121044159e-01 -9.76227104663849e-01
  5.53543750006228e+04 -8.52831602096558e-01 -8.11343789100647e-01 -8.91742587089539e-01 -8.40704321861267e-01
  5.53557500005092e+04 -9.19401168823242e-01 -9.25447404384613e-01 -9.55872833728790e-01 -9.00571644306183e-01
  5.53594782584873e+04 -9.49554145336151e-01 -8.10626685619354e-01 -1.01695621013641e+00 -1.00325334072113e+00
  5.53632065162419e+04 -9.36976790428162e-01 -9.93772447109222e-01 -8.92815470695496e-01 -9.78953063488007e-01
  5.53669347743219e+04 -9.19919967651367e-01 -8.57616722583771e-01 -9.18943703174591e-01 -8.92466545104980e-01
  5.53706630308182e+04 -9.17969703674316e-01 -8.90782475471497e-01 -9.60969626903534e-01 -1.00186705589294e+00
  5.53743912874547e+04 -8.48954319953918e-01 -8.67639899253845e-01 -9.14316654205322e-01 -9.88296806812286e-01
  5.53781195438597e+04 -8.93340349197388e-01 -9.10571217536926e-01 -9.70926105976105e-01 -9.15337979793549e-01
  5.53818478005637e+04 -8.85326504707336e-01 -8.54389727115631e-01 -9.60131585597992e-01 -9.15764987468719e-01
  5.53855760570277e+04 -9.50060129165649e-01 -8.96295011043549e-01 -9.73787307739258e-01 -1.07497346401215e+00
  5.53893043136504e+04 -9.35901463031769e-01 -9.22446012496948e-01 -9.45479214191437e-01 -9.46827709674835e-01
  5.53930325701100e+04 -8.66247534751892e-01 -8.53330969810486e-01 -1.01204061508179e+00 -8.92003953456879e-01
  5.53967608272834e+04 -8.91734600067139e-01 -8.78900647163391e-01 -9.30618703365326e-01 -8.57214450836182e-01
  5.54004890837303e+04 -9.28914785385132e-01 -8.77826988697052e-01 -9.03229236602783e-01 -1.00241863727570e+00
  5.54042173407055e+04 -8.75808000564575e-01 -8.73897433280945e-01 -1.04019761085510e+00 -9.25598084926605e-01
  5.54116738545463e+04 -9.63591158390045e-01 -1.26772451400757e+00 -6.98438704013824e-01 -1.16989290714264e+00
