  5.21309998712442e+04 -1.36670101042294e+00  1.18589315850261e+00  1.10849341346493e+00  1.80371074479066e-01
  5.21347281046878e+04 -1.14921295681943e-01  4.56844772022577e-03 -9.21910496022093e-02  1.93131356349483e-01
  5.21384563382441e+04  2.03937031893074e-03 -4.05788074185465e-01  5.00480115995961e-01  2.83413937043346e-01
  5.21421845719525e+04  2.64450071865052e-02 -4.73269438510633e-01 -7.47798748677563e-02 -6.61915166868046e-02
  5.21459128054655e+04  2.18411010139123e-01 -2.33952871610759e-01 -1.49464832625421e-01 -4.82939086305782e-01
  5.21496410384886e+04  2.18411010139123e-01 -2.33952871610759e-01 -1.49464832625421e-01 -4.82939086305782e-01
  5.21533692710499e+04  3.63789398353937e-01 -4.19863592093425e-01  3.09572256645522e-01  5.23725382974123e-01
  5.21570975034480e+04  2.36143733695548e-01 -2.94659827354782e-01 -5.18136484760234e-01 -5.80474408666814e-01
  5.21608257388101e+04  2.16017734800110e-01 -4.20099143305220e-01  3.90192813484510e-01  4.08202073329046e-02
  5.21666250005311e+04  2.16017734800110e-01 -4.20099143305220e-01  3.90192813484510e-01  4.08202073329046e-02
  5.21673750004977e+04  3.11711104008284e-01 -6.50556582359887e-01  7.67695498679689e-02 -3.96407869226668e-02
  5.21711032361123e+04  8.86498935704263e-02 -3.30520196559319e-01  1.51168821881635e-01  5.56674005512237e-03
  5.21748314705902e+04  8.86498935704263e-02 -3.30520196559319e-01  1.51168821881635e-01  5.56674005512237e-03
  5.21785597052801e+04  4.47819689400649e-02 -2.46623534941425e-02 -8.47799168687406e-02 -1.65273233990411e-01
  5.21822879417800e+04  2.11342677441947e-01 -2.64815827075377e-01  7.08085540360368e-01  2.83089066913894e-01
  5.21860161770762e+04  5.33575883499755e-02 -3.75353852012628e-01  2.83384189716196e-01  5.14190861497970e-03
  5.21897444126146e+04  1.64839509223163e-01 -3.15120563390267e-01  4.08014165472086e-01  2.66872932046815e-01
  5.21934726508287e+04  1.31641586383931e-01 -2.00764097164177e-01 -3.59038088345136e-01 -2.06835060952136e-01
  5.21972008871654e+04 -1.01794263946611e-01  1.48951864034254e-03  2.11487507184547e-01  2.66508911118403e-01
  5.22009291248667e+04 -1.06139938694764e-01 -1.09649360827432e-01  2.64356142867738e-01 -2.73336221290716e-01
  5.22046573620418e+04  9.01296566155005e-02 -3.73041782102844e-01 -1.01801280327391e-01  9.22766856906740e-03
  5.22083856009492e+04  1.07592814141662e-01 -4.52942761264731e-02  4.32295083610306e-01 -9.75952614048315e-03
  5.22121138397650e+04  2.83025356151536e-01 -6.33885206050035e-01  2.87491829374226e-02  2.98199279736934e-01
  5.22186875000291e+04  2.83025356151536e-01 -6.33885206050035e-01  2.87491829374226e-02  2.98199279736934e-01
  5.22200000003866e+04  2.83025356151536e-01 -6.33885206050035e-01  2.87491829374226e-02  2.98199279736934e-01
  5.22237282384665e+04 -1.44484242794746e-02 -9.91815984919676e-02 -1.48112116393216e-01 -7.16553514635658e-02
  5.22274564790914e+04  3.07049950596635e-01 -3.63394283104158e-01  1.20779206619855e-02 -1.69594617271424e-01
  5.22311847183681e+04  2.25461004401365e-02 -1.88385152154945e-01  3.66609992571005e-01  6.93588760244948e-02
  5.22349129592338e+04  2.25461004401365e-02 -1.88385152154945e-01  3.66609992571005e-01  6.93588760244948e-02
  5.22386411994585e+04  3.31808901511810e-01 -2.25995884678637e-01 -2.69572927188655e-01 -3.46710359399092e-01
  5.22423694396595e+04 -2.03155114728480e-02  6.88846306460632e-02  2.11951790105775e-01 -2.30948365480617e-01
  5.22460976815904e+04  1.57415450602349e-01 -3.57393544125766e-01  2.99418669128879e-01  1.33346125697714e-01
  5.22498259227721e+04  2.47915500762396e-01 -3.06321198849794e-01 -1.92297701546483e-01 -1.54730743440364e-01
  5.22535541654237e+04  2.33652573109891e-01 -3.50535265727499e-01  4.80142576556201e-01  3.39826897880856e-01
  5.22572824069863e+04  1.18017742339767e-01 -2.31965164291798e-01  1.59300140207382e-01 -2.85080672826303e-01
  5.22610106485685e+04  9.06198615339217e-02 -1.34831664531350e-01  1.93730156973359e-01 -7.54184217005038e-02
  5.22647388921238e+04  3.84087013840097e-02 -6.48825048721113e-02  1.64082272513341e-01 -2.48570632756326e-01
  5.22684671344480e+04  2.15897944478068e-01 -3.03491820403697e-01 -3.66156691590193e-01 -5.89800123542345e-01
  5.22721953767513e+04  8.96118978273069e-02 -2.22994020842763e-01 -3.80783428958185e-01 -2.11182743007783e-01
  5.22759236210716e+04  9.50544077345452e-02 -8.94671042219869e-02 -2.25993981639918e-01 -3.54913529030309e-01
  5.22796518640708e+04  9.37082968859996e-02 -9.73715105025706e-02 -3.20013617388566e-02 -1.91032895892716e-01
  5.22833801074191e+04 -4.93959951453233e-02  7.88037513981027e-02  3.53553605612731e-01  2.54559556321732e-01
  5.22906250006377e+04 -4.93959951453233e-02  7.88037513981027e-02  3.53553605612731e-01  2.54559556321732e-01
  5.22909791668705e+04 -3.06115842531249e-01  4.06554654623613e-01 -2.96865698392868e-01 -5.23333108173399e-02
  5.22947074099965e+04 -7.82681025981760e-02  2.63070263880142e-03  4.40110965874737e-02  1.14110981403402e-01
  5.22984356532778e+04 -5.45554974340231e-02  2.77793132094943e-02  2.86638055597458e-01  2.07865510703172e-02
  5.23021638964097e+04 -5.80846704579157e-02 -8.18670369036977e-02  2.30136885377840e-02 -3.06682136381430e-02
  5.23058921412292e+04  7.89917196964240e-03  7.57344053265247e-02  4.00031497842527e-01  2.65693773822505e-01
  5.23096203838263e+04 -1.57768840867119e-01  1.46360936971920e-01 -2.75341968346022e-01 -1.39364265413319e-01
  5.23133486272152e+04 -1.10156239478538e-02 -8.40542640774052e-02  2.04673320864703e-02  4.97354226085631e-02
  5.23170768706330e+04 -2.13914279356010e-01  2.45602865574819e-01  1.41042021438253e-01 -3.30858097553192e-02
  5.23208051139422e+04 -3.73115164578643e-01  2.29963499671361e-01  1.56767244624923e-01 -1.07467419406738e-01
  5.23245333573670e+04 -1.70922415800932e-01 -9.08424318107571e-03  4.63480039258114e-02 -6.15857379207573e-02
  5.23310833333993e+04 -1.70922415800932e-01 -9.08424318107571e-03  4.63480039258114e-02 -6.15857379207573e-02
  5.23314319452801e+04 -1.70922415800932e-01 -9.08424318107571e-03  4.63480039258114e-02 -6.15857379207573e-02
  5.23351601865557e+04 -4.63632686057055e-01  3.22874894196687e-01 -1.63804333665968e-01  3.08025741875372e-02
  5.23388884279237e+04 -1.79174046616136e-01 -3.60181409576324e-02  8.98280720309047e-02  8.46230643047960e-02
  5.23426166692837e+04 -3.87420639200773e-01  1.51024781159057e-01 -3.96262822123640e-02 -3.36723609056704e-01
  5.23463454437963e+04 -1.45265459739248e-01  9.85738539099680e-02  1.90418026962475e-01  2.08574426486268e-01
  5.23500736851830e+04 -1.84044758920002e-01  1.62274624345735e-01  1.77190618008049e-01 -3.16338140710058e-01
  5.23538019251796e+04 -1.37795011359416e-01 -8.84232799805252e-02 -6.56406343138538e-02  1.06353510913065e-01
  5.23575301658831e+04 -1.17618504321634e-01  3.58704096178262e-01 -8.25731273015617e-03  4.30089040633888e-02
  5.23612584067327e+04 -2.79714767070013e-01  4.09224628152301e-02 -8.27571125289134e-02  2.09285093723870e-01
  5.23649866475621e+04 -2.96988464072556e-01  2.11970640968605e-01  5.06262160139426e-01  1.84753261384431e-01
  5.23687148867256e+04 -5.82679980490668e-02  1.64966533226767e-01 -5.96393201838007e-02 -3.47762586591981e-01
  5.23724431268555e+04 -1.49011180740736e-01  1.68014672933738e-01  1.04314689762972e-02 -1.36671857070504e-01
  5.23761713670463e+04 -2.29780810232548e-01  1.90586365775433e-01  1.40074584808241e-01  7.36749646675013e-03
  5.23798996071354e+04 -3.06234380310583e-01  1.29555960963390e-01 -3.58871947905889e-01 -4.51802653043950e-01
  5.23836278454978e+04 -1.62848660769492e-01 -2.15760928171466e-01  2.75147002597128e-01  3.96537754743784e-01
  5.23873560850139e+04 -1.73382927895422e-01  2.92266178383473e-01 -1.55849693920396e-02  2.81133698117352e-04
  5.23910843245219e+04 -2.45098869482061e-01  2.63779084985152e-01  9.73011281900964e-02  2.06495328540143e-02
  5.23948125638634e+04 -1.76812778042179e-01  1.17598201034202e-01 -2.31153411789029e-01 -1.47325522079911e-01
  5.23985408019004e+04 -7.94893197088650e-02  1.49160970605559e-01 -6.17350420085945e-02  1.40085186622041e-01
  5.24025833334432e+04 -7.94893197088650e-02  1.49160970605559e-01 -6.17350420085945e-02  1.40085186622041e-01
  5.24030000000625e+04 -5.37851327880809e-01  5.00430622501626e-01  1.88085215663736e-01 -1.11181630905559e-02
  5.24067282394317e+04 -2.84026584193508e-01  2.45475200060675e-01  8.39753192483139e-04 -1.02004798292994e-01
  5.24104564765857e+04 -3.37756244244159e-01  1.75551170881848e-01 -1.14389365769313e-01 -1.87159241515599e-01
  5.24141847149456e+04  1.50409008533940e-02 -5.17902628012681e-02 -2.12868138327385e-01 -1.90655844642066e-01
  5.24179129531945e+04 -2.81773913411310e-02 -1.34169035452077e-01 -1.06466815253516e-01 -3.59371985741349e-01
  5.24216411914606e+04 -1.51880052957837e-01  4.92992984813631e-03 -2.49425782308967e-01 -3.91186064463187e-01
  5.24253694287349e+04 -3.42187440347508e-01  2.71042906115966e-01  3.53469723125952e-01  3.03903775989413e-01
  5.24290976669918e+04 -2.22254002119384e-01  3.57576460844412e-02 -3.04614401380572e-02  1.04155090249541e-01
  5.24328259041668e+04 -9.50299523075095e-02  1.18148318321237e-01  3.90712054706962e-01  2.53025777946606e-01
  5.24365541420325e+04 -1.45331974903087e-01 -4.90773033342017e-02 -1.65828943978305e-01 -1.77222027202984e-01
  5.24402823800278e+04 -8.79774879975620e-02  4.87571367425865e-02 -2.45694277861184e-01 -1.08038899699317e-01
  5.24440106186989e+04  7.37937818154476e-02  4.57543437163019e-02  7.86614303621292e-02  2.24631366511811e-02
  5.24477388564212e+04 -2.43577569224131e-01  1.97277603484801e-01 -7.84266878461165e-02 -1.33490627138914e-01
  5.24514670942081e+04  4.42681252664864e-02 -1.23630597251423e-01 -4.71543039500905e-02  9.17576794069641e-02
  5.24551953321051e+04  2.96527644325573e-02  5.12424677180075e-03 -2.82374033172028e-01 -5.71346782876067e-01
  5.24589235701482e+04 -1.33036459628968e-01 -1.31363035285424e-02  4.40044735723907e-01  1.02320024111730e-01
  5.24626518080290e+04 -1.94758053066348e-01 -1.26420722109652e-02 -2.87491915095597e-01  1.38815123510835e-01
  5.24663800463357e+04  4.90645177662009e-02 -2.65778662713433e-03  8.52124391071767e-02 -1.37138553620326e-01
  5.24701082845033e+04  7.61334649103011e-02  1.01388225043098e-01 -7.72415338998760e-02 -1.05862090099152e-01
  5.24738365227226e+04  2.71802204124877e-03  1.47429971159093e-01  1.25803802521936e-01  4.84290106954957e-01
  5.24775647610486e+04 -5.00144987263057e-02  6.22879087569959e-02 -3.17367196943788e-01 -3.81196717957012e-01
  5.24812929993751e+04  7.03202887128671e-03  1.55795815464472e-01 -1.09279485515959e-01 -6.13969206687555e-02
  5.24856222230941e+04  7.03202887128671e-03  1.55795815464472e-01 -1.09279485515959e-01 -6.13969206687555e-02
  5.24860416675244e+04  6.35881991554549e-02 -1.23381594071299e-01  2.45450064336649e-01 -1.54339383038454e-01
  5.24897699064444e+04  6.10955319326337e-02 -1.20364749833975e-01 -1.91714316305924e-02 -4.73913949368052e-02
  5.24934981452383e+04 -2.43549235819846e-02 -4.72869472904330e-02 -3.09427790744367e-02 -2.61780516159059e-01
  5.24972263845592e+04 -2.11985155708933e-02 -2.62777913716649e-01  2.52002903095618e-01  4.35246163927663e-03
  5.25009546240938e+04  4.60377187137456e-02  4.09816208829731e-02 -3.32003461473526e-02  1.43407447009454e-01
  5.25046828637420e+04  1.95692380916316e-01 -1.20555126413395e-01 -2.59336442210822e-01 -1.31270907382467e-01
  5.25084111030511e+04  1.60140136602535e-01 -2.58578908876920e-01 -6.62937072165279e-02 -1.72207173441120e-01
  5.25121393429733e+04  8.61897795772459e-02 -3.03415759972583e-01 -2.54670029815569e-01 -3.04466249539210e-01
  5.25158675834341e+04  3.18233158639701e-01 -1.29117072830922e-01  2.29677945516500e-01  1.24020619657780e-01
  5.25195958241482e+04 -6.82239605745025e-03  1.19003831497843e-02 -1.86338579145028e-01 -2.24347138350732e-01
  5.25233240649617e+04  1.30021658405133e-01 -1.07672540687051e-01 -2.41374448747142e-03 -3.43194391410340e-02
  5.25270523062860e+04 -1.90248927635144e-02 -2.55387281996081e-01  4.00325157762448e-01  3.47533649425908e-02
  5.25307805478415e+04  1.57847064767711e-01 -1.71163301883801e-01 -2.05924522080462e-01 -5.28018405256741e-01
  5.25345087894956e+04  1.39079252227642e-01 -2.61631958237723e-01  1.42110548083445e-01  5.79091455613368e-03
  5.25382370321655e+04  1.85435486331800e-01 -1.31462070839515e-01 -1.33902300044272e-01  1.14970747921391e-01
  5.25419652742176e+04  1.20541654475288e-01 -1.64292693096395e-01 -1.25467601985745e-01 -1.23911664435062e-01
  5.25456935170960e+04  1.58932654695853e-01 -2.76910789736971e-01 -1.63476253431812e-01 -1.26041111738759e-01
  5.25494217600163e+04  2.80834738685046e-01 -2.72670530521866e-01  1.28834979665884e-02  7.16909476186415e-04
  5.25531500037061e+04  1.21906609640621e-01 -1.24401695845605e-01  1.96651030960847e-01 -9.98941661419086e-02
  5.25568782474317e+04  2.87130828139119e-01 -5.04616999327775e-02 -6.55721778711146e-02 -1.87708769026336e-01
  5.25606064916724e+04  2.57958580299355e-01 -6.24837973146374e-01  1.23584226643583e-01  3.56464617267755e-01
  5.25643347360701e+04  3.36543030861828e-01 -1.97868429624878e-01  6.74699239459409e-02 -1.08903520524070e-01
  5.25680629809515e+04  1.13872370731467e-01 -1.37404229810098e-01 -1.46090909658467e-01 -1.49019722714750e-01
  5.25717912263321e+04  1.11152564183455e-01 -5.90388744973872e-02  2.30747428857289e-01 -2.26816968043357e-01
  5.25755194716573e+04  4.17887872594536e-01 -2.55710574084779e-01 -1.57018113556780e-01  3.07872551618469e-01
  5.25792477174966e+04  1.70600643853712e-01 -2.05389084228696e-01 -3.36268935806570e-01 -2.72243663141825e-01
  5.25837534723345e+04  1.70600643853712e-01 -2.05389084228696e-01 -3.36268935806570e-01 -2.72243663141825e-01
  5.25841701397489e+04  1.70600643853712e-01 -2.05389084228696e-01 -3.36268935806570e-01 -2.72243663141825e-01
  5.25878983861064e+04  4.13360536554379e-01 -3.39770420015847e-01 -3.74793102432719e-01 -1.28802331064675e-01
  5.25916266333611e+04  2.79157358033911e-01 -2.93382036468412e-01 -6.14104293909771e-01 -6.13503978811315e-01
  5.25953548807548e+04  1.94626616769836e-01 -1.29742613746399e-01  2.75569858262943e-01  1.41789474972839e-01
  5.25990831280567e+04  2.11100288624074e-01 -1.24271163667468e-01 -2.53943221916668e-01 -3.41319672982202e-01
  5.26028113759826e+04  1.98122706193384e-01 -8.93094683773504e-02 -1.87845826064149e-01 -2.55962417040712e-01
  5.26065396240590e+04  2.53987912932460e-01 -3.80520327715136e-01  1.61119919112873e-01 -3.59260062659432e-01
  5.26102678727603e+04  2.95301256675768e-01 -2.47664565681325e-01 -9.86785255890773e-02 -2.29385589398913e-01
  5.26139961216850e+04  1.60653084228022e-01 -2.36531669101410e-01  8.58312124280602e-02 -2.30441353098416e-01
  5.26177243702362e+04  1.06673691685815e-01  3.01990027443422e-03 -9.36890255624523e-02  4.34788315792273e-02
  5.26214526189282e+04  2.38784467620158e-01 -2.63557795903871e-01  1.95461218837879e-01  3.38828797221109e-01
  5.26251808682280e+04  1.26358438549388e-01  2.55484863344385e-02 -2.63223592164105e-01 -1.30067534499918e-01
  5.26289091173854e+04  3.03826305205666e-01 -3.08327687080645e-01 -2.97564377722329e-01  9.69616570815166e-02
  5.26326373670115e+04  4.45671784207199e-02 -4.32025730782487e-02  9.76102354876988e-02  8.72858947186653e-02
  5.26363656168773e+04 -6.18887840499099e-02 -1.42138031659158e-01  1.19230643492019e-01 -1.14998589161454e-01
  5.26400938668259e+04  7.10319075409447e-02 -1.55912027796142e-01 -1.21290926143315e-01  7.46417617118664e-03
  5.26438221163124e+04 -1.50832935192527e-02 -6.67705602162498e-02  2.64006908948988e-01  3.29334187706126e-01
  5.26475503659920e+04  1.23650262551232e-02 -8.11902316097401e-02  7.07123244511943e-02  2.86752828651849e-02
  5.26512786158798e+04  5.34146038085305e-02 -9.06359212714681e-02 -3.24995927025716e-01 -3.81762975111807e-01
  5.26550068659445e+04  4.65741906606219e-02  3.07667761704360e-03  5.18309822969767e-01  1.89529634196166e-01
  5.26587351156539e+04 -8.90788197993008e-02  1.31472745776960e-01 -3.15930255231128e-02  7.63104107178659e-02
  5.26624633655925e+04 -1.28976429482794e-01  8.73532870009800e-02  7.56140540377413e-02  1.48951496633786e-01
  5.26661916156413e+04 -2.29922029765164e-02 -1.77180323479310e-02  1.18605525786162e-01 -2.32769671739155e-01
  5.26699198654307e+04 -1.69428918187205e-01  1.87701932304810e-01  9.52211130461950e-02  2.93214900571593e-01
  5.26736481151680e+04 -4.25424880479047e-02 -8.22279045073302e-02 -1.96193654351972e-01 -2.50007560997398e-01
  5.26773763648982e+04 -1.39275761677183e-01  1.24029445510280e-01 -4.87385015468990e-01 -4.35518704446606e-01
  5.26811046147626e+04 -2.27581338614312e-01  3.20750841609158e-01  1.85034210793584e-02  1.18657922473249e-01
  5.26848328644617e+04  2.45776259012888e-03  3.80466040513441e-02  1.63050361269925e-01  2.58591089249797e-01
  5.26885611139423e+04 -1.02874319492777e-01  1.03368218234322e-01 -6.82550703764878e-02 -4.97961687901601e-02
  5.26922893634259e+04 -2.34927423499016e-01  1.19201340036442e-01  1.62831352165285e-01 -3.71360079218718e-02
  5.26960176121805e+04 -4.62398338710091e-01  2.90007368752416e-01 -7.19691532771523e-02 -1.32025587478451e-01
  5.26997458612754e+04 -9.45864774295420e-02  2.96457408757066e-01  5.24757385503459e-02 -2.61514385632967e-01
  5.27034741103102e+04 -4.43446266353312e-01  2.60542807566057e-01 -1.57948261029346e-01 -1.43109089112560e-02
  5.27105243062604e+04 -4.43446266353312e-01  2.60542807566057e-01 -1.57948261029346e-01 -1.43109089112560e-02
  5.27109687506251e+04 -4.33941435738013e-01  6.64685314320682e-01  2.53791329357731e-01  2.45421107541461e-01
  5.27146969988937e+04 -1.71239910330737e-01  2.06976937977816e-01 -2.26811592231644e-01 -2.87064566168222e-01
  5.27184252469372e+04 -2.83208099618940e-01  2.98080135884516e-01  3.97094131548448e-01  5.37884765878830e-01
  5.27221534948681e+04 -1.35007961876076e-01  1.53751007879167e-01  1.38237619528519e-01 -1.88926108257377e-02
  5.27258817421399e+04 -1.66775790586425e-01  2.96715788035847e-01  1.86351903863580e-01  3.45260273787391e-01
  5.27296099896597e+04 -1.65829762262067e-01  2.25471563592753e-01 -1.54108232530570e-01  2.32597779956828e-01
  5.27333382370183e+04 -7.45010354762774e-02  2.01068602475907e-01  1.75863769801148e-01 -1.79385195609432e-01
  5.27370664842964e+04 -4.57341561576610e-01  4.13353154138714e-01  1.72153080678679e-01  3.15921866061901e-02
  5.27407947308785e+04 -3.99485379649154e-01  2.85082221864360e-01 -2.08943191227705e-01 -2.73338119671795e-03
  5.27445229778971e+04  7.03112757049975e-02  2.10429195308054e-01  6.43097598034763e-03  7.17860064861638e-02
  5.27482512241632e+04 -3.58130315039316e-01  3.09914543026547e-01  4.36843117583936e-02 -1.15320128987900e-01
  5.27519794701100e+04 -2.18188901472323e-01  1.53365673940365e-01  4.30402183285962e-01  3.45169598309528e-03
  5.27557077160625e+04 -3.81745958789204e-01  3.79802240642951e-01 -9.33451487535250e-02  1.65738231235963e-01
  5.27594359619791e+04 -2.52382811685303e-01  2.78901920430777e-01  4.46153317809540e-01  5.38538717014366e-02
  5.27631642074339e+04 -1.59870787534932e-01  2.12008427867159e-01  3.18648417620994e-01  4.75242285711222e-01
  5.27668924532698e+04  4.66130460410358e-02  5.98208951207653e-02 -2.48720585030625e-01 -3.51684090828054e-01
  5.27706206984282e+04 -2.33432788915025e-01  1.18624700716362e-01 -7.32569786817492e-02 -9.27669541479166e-02
  5.27743489435764e+04 -1.50981537493594e-01  1.32865651933367e-01  7.04758712264604e-02  6.45752468222968e-02
  5.27780771884849e+04 -3.18963775491819e-01  3.20289897104014e-01  1.71493687288707e-01  8.72203184094058e-02
  5.27842805563626e+04 -3.18963775491819e-01  3.20289897104014e-01  1.71493687288707e-01  8.72203184094058e-02
  5.27844027786088e+04 -1.19418577943581e-01  9.10248281688071e-02 -3.27972453490813e-01 -4.60924211389325e-01
  5.27881310232478e+04 -5.31889526044416e-02  5.13261963559894e-02 -1.22334455656462e-01  3.05740894336914e-01
  5.27918592680822e+04 -6.56427384987830e-02  1.50188540513715e-01  2.84555204716756e-01 -1.60286854566306e-01
  5.27955875126842e+04 -1.63454399718024e-01  1.19976938490176e-01  1.41520852607033e-01  1.02135888631288e-01
  5.27993157572732e+04 -1.36619602095486e-01  2.97699890511581e-01  1.80614874091336e-01  1.63312036955932e-01
  5.28030440014165e+04  3.27145095857407e-02 -8.30865626713611e-02  1.25125098678156e-01  2.35742358754453e-01
  5.28067722459874e+04 -8.62357427057402e-02  1.26045254149596e-01 -1.02233972261046e-01 -7.82199016414137e-02
  5.28105004902533e+04 -2.06893982875625e-01  1.23333899483759e-01 -7.84626348938625e-02 -1.19738893958478e-01
  5.28142287348231e+04  6.48929275946755e-02 -4.47219088967135e-02 -6.84431896686541e-02 -4.54132207004524e-02
  5.28179569794535e+04 -6.16585682080845e-02  4.36546264549608e-04 -1.36974944275945e-01 -2.89992568950731e-01
  5.28216852238264e+04 -1.29301606331887e-01 -2.68923169197526e-02 -2.40441276354885e-01 -7.95300156206383e-02
  5.28254134681968e+04 -1.80590610919279e-02  5.09042654927022e-02  4.54670114518836e-02 -3.17262814724678e-01
  5.28291417126077e+04  1.22003515306593e-01 -7.41689271888265e-02  2.95925478955549e-01  5.69418795630632e-02
  5.28328699572778e+04 -6.71672270411874e-02  2.55462895571240e-02 -5.05336334482779e-01 -2.85493543162149e-01
  5.28365982017326e+04 -4.79843259319631e-02 -4.15359301407137e-02  9.21791887728586e-02  2.48958407246684e-02
  5.28403264464155e+04  1.68347036905522e-01  4.77269656525239e-02 -1.70546718759922e-01  3.19605175819338e-01
  5.28440546913483e+04  2.29219458226853e-01 -2.37050882190826e-02 -2.67646233645429e-02  5.62106952801925e-02
  5.28477829362940e+04 -8.96943811984319e-02 -1.27887016734479e-01 -1.74434821301981e-01 -3.49033323156873e-01
  5.28515111814664e+04 -3.70364199015841e-02 -4.23764867747212e-02  2.66628676348550e-01 -3.27054725829896e-02
  5.28552394266678e+04  7.49440869729031e-02 -1.24797008522923e-01  5.05296636549638e-02 -1.01151100535167e-01
  5.28616458338831e+04  7.49440869729031e-02 -1.24797008522923e-01  5.05296636549638e-02 -1.01151100535167e-01
  5.28640500002661e+04  7.49440869729031e-02 -1.24797008522923e-01  5.05296636549638e-02 -1.01151100535167e-01
  5.28677782463252e+04  6.86768347180925e-02 -2.34063968817360e-01  1.97617034221391e-01  1.05935678067465e-01
  5.28715064921828e+04  2.04335824968766e-01 -1.68671370515989e-01 -3.30368190845050e-01 -1.21045488931115e-01
  5.28752347380728e+04  3.64066106263490e-01 -2.88095036680481e-01 -2.28766406382998e-01 -1.41698887017564e-01
  5.28789629845798e+04  8.30215540093653e-02 -8.91591420091944e-02 -1.04195364217011e-01 -6.85937057492030e-02
  5.28826912314675e+04  2.10777366007861e-01 -7.87561622096048e-02  2.62785868677905e-01 -1.78922542691445e-01
  5.28864194783946e+04  4.07837966133528e-01 -4.01238564291038e-01  8.15987016528727e-02  3.17244441427289e-02
  5.28901477258496e+04  1.21865662510660e-01 -4.32810708228262e-01 -6.28043753133740e-01 -4.03002180432222e-01
  5.28938759731133e+04  2.25486397597810e-01 -2.11989900659081e-01 -4.33730361540388e-02  8.48848365195132e-02
  5.28976042206586e+04  9.75611264618214e-02 -3.18372111096991e-01  6.84069874002191e-02  2.58461671143110e-01
  5.29013324691480e+04  2.91604741935317e-01 -2.82678137593042e-01  1.82559706039211e-01 -4.06031903190655e-01
  5.29050607172223e+04  9.47967384675742e-02 -1.73730790327765e-01  1.17576819237576e-01  2.07550098092974e-01
  5.29087889662813e+04  1.02488462997485e-01 -2.76402593939962e-01 -5.94286124784216e-02 -1.47762506378913e-01
  5.29125172149849e+04  2.96232511548926e-01 -1.82901798769262e-01 -2.96507235278570e-01 -2.45378533866772e-01
  5.29162454641355e+04  2.96147834827676e-01 -2.95844362949813e-01  3.09855213658498e-01  1.92002820777010e-01
  5.29199737135832e+04  2.67213849769965e-01 -5.00736493369832e-01 -3.32200596911219e-02 -1.93447492952742e-01
  5.29237019635197e+04  1.72362411471905e-01 -5.00694086889818e-01 -1.84540594804893e-01 -1.42644204117089e-01
  5.29274302138241e+04  4.92711671564974e-01 -3.91273583355875e-01 -1.51308368092788e-01 -1.80291669778140e-01
  5.29311584640753e+04  2.02777682847873e-01 -1.76278305792826e-01 -3.22478370684534e-01 -1.51018719925447e-01
  5.29348867147976e+04  3.48423968584422e-01 -4.33990555547130e-01 -2.05836258316615e-01  1.30367905327644e-01
  5.29409479171836e+04  3.48423968584422e-01 -4.33990555547130e-01 -2.05836258316615e-01  1.30367905327644e-01
  5.29411805560647e+04  3.48423968584422e-01 -4.33990555547130e-01 -2.05836258316615e-01  1.30367905327644e-01
  5.29449088066563e+04  5.51410178239832e-01 -6.56215224289623e-01  1.07332623129117e-01  5.74944645277408e-03
  5.29486370585787e+04  5.23752015545692e-01 -4.45291140249369e-01 -4.44987440306021e-01 -2.21245998750408e-01
  5.29555659730705e+04  5.23752015545692e-01 -4.45291140249369e-01 -4.44987440306021e-01 -2.21245998750408e-01
  5.29560000001954e+04  5.16199606897645e-01 -5.16898367036562e-01 -1.11150542318514e-01  2.48380262842099e-02
  5.29597282524491e+04  2.22225999768776e-01 -3.48724104089425e-01 -5.64074445419558e-02 -7.30155874671364e-02
  5.29634565048934e+04  3.08590264712800e-01 -3.59024091702922e-01 -3.70943438040210e-01 -4.71718230438618e-01
  5.29671847584781e+04  3.17866622946367e-01 -3.84750879631257e-01 -1.55336723226521e-01 -8.40405914977723e-02
  5.29709130114583e+04  3.02947460540623e-01 -2.70837895384142e-01  3.16464947281879e-02 -8.64552899293184e-02
  5.29746412646610e+04  2.42308629192652e-02 -1.46630346346748e-01 -4.14900901533854e-02  3.72917587697450e-02
  5.29783695185116e+04  8.35968828035447e-02 -4.05226403378791e-02 -5.65600522791814e-02 -2.16417218285285e-01
  5.29820977723612e+04  1.44746080942357e-01 -3.25392679566894e-01 -2.94256715055492e-01 -6.78516407918986e-02
  5.29858260261875e+04  1.34478386014377e-01 -1.87230574699175e-01 -1.38518859977900e-01 -1.62889645494235e-01
  5.29895542800278e+04  2.74789630950020e-01 -6.18953820013481e-02 -2.17474983350897e-01 -5.77786532061933e-01
  5.29932825340949e+04  1.16812111631060e-01 -2.29901785702030e-01  3.66029893608817e-02 -3.20786069864694e-02
  5.29970107881642e+04  3.24458797580128e-02 -1.17195038517622e-01 -4.63584375146021e-01 -2.49307602765005e-01
  5.30007390422385e+04  1.33386945401266e-01 -1.48749973506638e-01  2.20780049301524e-01  1.03827014234279e-01
  5.30044672972860e+04  1.68364416080442e-01 -2.03175115757385e-01 -3.58402286651934e-01  4.66410200722773e-02
  5.30081955519584e+04 -6.11547553983900e-02 -2.72373615031727e-01  2.21158369819310e-01 -1.91704615842531e-02
  5.30119238060950e+04  1.37307814169777e-01  1.78570017234294e-02 -5.15883389878379e-04 -5.95643149337105e-02
  5.30156520601888e+04  8.17552308420430e-02 -1.69473859488735e-02  1.15655880913621e-01  2.14974164963963e-02
  5.30193803158125e+04  1.33942524071937e-02 -8.81786083189338e-02  5.69791129822025e-02  5.16446212517076e-03
  5.30231085701992e+04 -1.05108921869181e-01 -1.91877167149789e-01  2.32299695849196e-01  1.68628987487756e-01
  5.30268368250626e+04 -6.49477057153005e-02  1.18451386528150e-01  1.54523636440305e-01  1.23879774881138e-01
  5.30305650798239e+04 -8.37581002489540e-03 -1.24347685982906e-02  3.55462121036890e-01 -1.08194389389250e-01
  5.30342933339490e+04 -7.49975977080304e-02  8.25727311271076e-02 -4.61893781779715e-01  4.11947885059452e-02
  5.30380215883969e+04 -4.38973686183326e-03  3.28299606375756e-02  1.80937335330112e-01  6.68971675478696e-02
  5.30417498428670e+04 -2.50413953788836e-01  2.56781742369841e-01  9.68987522851488e-02  3.07755703430134e-01
  5.30454780969527e+04 -3.23008641427820e-02  1.45477603000668e-01  3.84031290422372e-01 -1.46030481969289e-01
  5.30492063511874e+04 -2.56684165107052e-01  5.51423886218716e-02 -9.25227346919020e-02 -1.66564715837249e-02
  5.30529346052096e+04 -7.55164335035683e-02  1.84147409208297e-01 -1.18758214751065e-01 -1.58154570363511e-01
  5.30566628592582e+04 -1.69853885631510e-01  2.22090715948325e-01 -1.11930128498230e-01 -3.09584120559535e-01
  5.30603911132177e+04 -2.22343552875285e-01  2.64402140126717e-01  1.90710715608659e-01  1.52248747596933e-01
  5.30641193666887e+04 -1.13024226827223e-01  3.31825241060714e-01 -4.36096963715194e-01  8.22939563252899e-02
  5.30678476201424e+04 -4.58017645534142e-01  1.82272626827311e-01  3.74862847628058e-01  2.89660202199018e-02
  5.30735833336862e+04 -4.58017645534142e-01  1.82272626827311e-01  3.74862847628058e-01  2.89660202199018e-02
  5.30740416674825e+04 -4.58017645534142e-01  1.82272626827311e-01  3.74862847628058e-01  2.89660202199018e-02
  5.30777699204342e+04 -3.26762326857376e-01  2.46314083723839e-01  1.59345068201896e-01  1.88241950451579e-01
  5.30814981732038e+04 -2.22421306770344e-01  3.34203992928196e-01 -9.16743174195867e-02 -2.42919103591112e-02
  5.30852264257881e+04 -4.07279908144281e-01  2.44328645369093e-01  1.34358055177101e-02 -6.45170681904425e-03
  5.30889546781944e+04 -3.17335092894118e-01  3.11608459060359e-01 -2.07408660740039e-01 -1.59229586334335e-01
  5.30926829303149e+04 -9.96128378229852e-02  2.18146251763182e-01  1.97268936890477e-01 -1.52463847924730e-01
  5.30964111821632e+04 -3.29349785361048e-01  3.32133458571641e-01  3.65868666097104e-02 -2.63886777569747e-02
  5.31001394339606e+04 -2.45365446762556e-01  3.49365395537052e-01  6.14675314992995e-02  5.27046629848729e-02
  5.31038676855476e+04 -2.00020695312657e-01  1.76079930754457e-01  4.05737057668055e-01  3.22307749503391e-01
  5.31075959368911e+04 -2.55669969128763e-01  3.16622099022780e-01  1.35158780093754e-01 -7.36080851189036e-02
  5.31113241879792e+04 -3.14636731248580e-01  2.33394865725696e-01 -3.52653300958241e-01 -1.97727970652533e-01
  5.31150524390521e+04 -2.02163006620054e-01  2.21707286289942e-01 -3.79397668107348e-02 -2.48465315426568e-01
  5.31187806896215e+04 -4.33336170479090e-01  3.47413842706067e-01  6.58636009544352e-02 -2.01089065420653e-01
  5.31225089401666e+04 -7.55117701999139e-02  1.11364486173333e-01 -2.39516644820452e-01  2.03910262005032e-01
  5.31262371905185e+04 -2.82226019376892e-01  2.47834130070007e-01  1.81109651657527e-01  1.52457419498127e-01
  5.31299654406287e+04 -3.66924789522916e-01  3.16395119801827e-01 -1.84287786079409e-01 -1.73992490180171e-01
  5.31336936906748e+04 -2.20487249206533e-01  6.79607782077622e-02 -1.58875092212311e-01  1.67680087903397e-01
  5.31374219404953e+04 -1.86035541930057e-01  3.40980764544612e-01  2.35061926903956e-01  4.44712093074651e-02
  5.31411501902940e+04 -2.16784398192871e-01  7.16916893372606e-02 -1.74320410743141e-01 -1.24763669858409e-01
  5.31448784398067e+04 -1.44585206645250e-01  8.66556023808423e-02  2.80736938283593e-03 -4.10027951793215e-01
  5.31486066891490e+04 -3.52412938880852e-01  1.80519787416597e-01  4.18006116254268e-01  3.35870358109620e-01
  5.31523349383370e+04 -2.41151979725658e-01  2.80623989237522e-01 -2.07849573920548e-01 -9.73876023778080e-02
  5.31560631873703e+04 -1.77080961233443e-01  1.98438909010479e-01 -9.37329630114044e-02  1.61580963235266e-01
  5.31597914366550e+04 -2.75113834130617e-01  2.62140983346077e-01  2.01889838290578e-01  9.75478498416317e-02
  5.31635196856539e+04 -1.36099087745998e-01  9.42477314819512e-02  2.79156564758903e-01  9.02301516151619e-02
  5.31672479344388e+04 -4.15013506283223e-01  4.23072655898028e-01 -1.26034542891686e-01 -8.80427631329949e-02
  5.31709761834558e+04 -5.62631402564836e-02  1.02712540705888e-01 -1.37319101935864e-01 -2.87846870862759e-01
  5.31747044321760e+04 -8.57646290083928e-02 -7.55848286948359e-02 -1.47956645103577e-01  1.04079472705736e-01
  5.31784326807640e+04  4.19652494961554e-02  1.20809987673103e-02 -9.18369501054012e-02 -2.54143120693980e-01
  5.31821609295498e+04 -1.11246721629153e-01  1.05307205051787e-02  8.75620064009058e-02 -5.37309774512244e-01
  5.31858891783391e+04  3.14929204834381e-02  1.34515939897583e-01 -8.95758553599978e-02 -3.82839510095222e-01
  5.31896174271562e+04 -7.00477819791248e-02  2.41958269688024e-01  3.23920461478869e-02  4.81671977212357e-01
  5.31933456757698e+04 -5.09920508588641e-02 -1.60605868686552e-03 -2.69335248078846e-01 -4.22588204973200e-01
  5.31970739246239e+04 -2.24685107956564e-02  1.39133184187866e-01 -1.80775486202504e-01 -1.45955587185651e-01
  5.32008021734918e+04 -3.69908961569767e-02 -1.11626059036018e-01  8.31868330925467e-02  9.05230056732337e-02
  5.32045304223505e+04 -8.76107197537692e-02  1.61453281606842e-01 -4.35492370560686e-01 -9.15993143673653e-02
  5.32082586714005e+04 -6.69381158516342e-02  6.41034768150786e-02 -1.37794282879791e-02 -1.67565574248470e-01
  5.32119869204560e+04  9.02053531691746e-02 -1.36351357837824e-01 -2.30755579079916e-01 -1.95105046416147e-01
  5.32157151695902e+04  2.03608529097713e-01  6.28013213398180e-03  1.89486011737486e-01  2.21716723210430e-01
  5.32194434188716e+04  1.36670810684738e-01 -1.13347094326581e-01  1.42847525616530e-01  1.55919764271938e-02
  5.32231716684723e+04  2.33730501525508e-01 -1.39926464858089e-01 -5.73346492351140e-02 -8.32824537480274e-02
  5.32286736116699e+04  2.33730501525508e-01 -1.39926464858089e-01 -5.73346492351140e-02 -8.32824537480274e-02
  5.32291250003379e+04 -1.43130189877191e-01  1.35841617867030e-01  1.47606897620007e-01  4.02822006506752e-02
  5.32328532502396e+04  2.80382021337218e-01 -2.35584691019739e-01  3.09344768488798e-01  1.12905247549834e-01
  5.32365815001758e+04 -2.08808947811763e-02 -1.51912837803287e-01 -2.49873034056016e-01 -2.50105931711653e-01
  5.32403097506088e+04 -7.28720508064031e-03 -1.26372955296461e-01  8.76040590053008e-02 -3.81902191117629e-01
  5.32440380010682e+04  3.53442788413644e-01 -2.17173912500883e-01  1.16912600240883e-01  2.22874151090446e-01
  5.32477662517027e+04 -1.80317317828281e-02 -6.00710509730241e-02 -9.08700304554467e-02 -6.17469042534229e-02
  5.32514945024617e+04  1.99862053438944e-01 -2.41843217221751e-01  9.41574167039251e-02  2.91335461815318e-01
  5.32552227537235e+04  2.56013979902577e-01 -3.24994733319143e-01  1.93698948542713e-01 -1.37794431348770e-01
  5.32589510054641e+04  2.25140320412175e-01 -1.85965161676577e-01  9.28538776092331e-02  5.08796768721846e-02
  5.32626792569897e+04  2.28688070255801e-01 -3.61978081262429e-01 -1.61429581904858e-01 -2.79748568978448e-01
  5.32664075090480e+04  1.51095405363373e-01 -1.69604534645058e-01  1.35280866360782e-02 -2.44513839777806e-01
  5.32701357613761e+04  3.23254652811201e-01 -3.20888652920287e-01 -3.80889406545669e-01 -8.51279055390549e-02
  5.32738640139167e+04  3.08588769759020e-01 -4.71937957421355e-01 -4.26270805403649e-01 -1.80527637485270e-01
  5.32775922665150e+04  2.88203789988235e-01 -2.99349473137433e-01 -1.05793192092138e-01  2.82280450044505e-01
  5.32813205195242e+04  2.65753366864237e-01 -3.21804693145673e-01 -1.54839782045747e-01 -5.33536597414196e-01
  5.32850487732105e+04  2.38399457318042e-01 -2.42112215274689e-01 -1.69173119096416e-01 -2.55307202330619e-01
  5.32887770266712e+04 -6.68108264656299e-01  3.82758514713425e-01 -5.97593189753829e-02  1.23692743977534e-01
  5.32925052804318e+04  3.63830232406588e-01 -3.66073359621747e-01 -7.98924480939636e-02 -3.29240902064310e-02
  5.32962335345718e+04  6.94772826813802e-01 -8.13554884919156e-01 -2.05101726140137e-01  3.72727054572285e-02
  5.32999617889364e+04  4.89188471826647e-01 -6.36695360642191e-01 -2.32551325394535e-01 -4.81936171983705e-02
  5.33036900434559e+04  3.20576978688835e-01 -3.61181836965284e-01 -1.04682860071259e-01 -1.31786952374898e-01
  5.33074182985150e+04  5.24707340782420e-01 -2.79142488341657e-01 -2.43981401916407e-01 -1.94878546541475e-01
  5.33111465534446e+04  2.11369402957262e-01 -3.42687859224689e-01  9.74678005038027e-02 -6.05118931960841e-03
  5.33148748087452e+04  2.68815565247611e-01 -3.53439236169322e-01 -4.53767602239705e-01 -1.82571033659361e-01
  5.33186030641238e+04  1.77407579024503e-01 -3.62584445472440e-01  5.26059878693428e-01  5.50565531531790e-01
  5.33223313200497e+04  3.22216361554938e-01 -1.79694610942055e-01 -2.10443820134567e-01 -2.18383100695103e-01
  5.33260595760338e+04  1.54567659440513e-01 -2.03330133745022e-01 -6.14274020808054e-02  1.97660242765489e-01
  5.33297878323425e+04  1.53961891321335e-01 -2.22071667303665e-01 -2.18266085017512e-01  1.96005452638705e-02
  5.33335160885869e+04  1.62173035353482e-01 -3.87019214711778e-01 -3.24869005857738e-02 -2.06959247897397e-01
  5.33372443450126e+04  1.64737765811639e-01 -2.59444831832490e-01 -1.61767765530297e-01 -2.07218227526139e-01
  5.33409726018645e+04  6.43477468528047e-02 -1.87343345178056e-01 -8.72535460584441e-02 -1.10363554330645e-01
  5.33447008610602e+04  2.10607147674344e-03 -1.50529384844231e-01  5.88490280274594e-02  1.64839061128549e-01
  5.33484291157964e+04  1.99041441249426e-01 -1.08310493768344e-01 -3.85029601897273e-02 -1.98854283066066e-01
  5.33537361112801e+04  1.99041441249426e-01 -1.08310493768344e-01 -3.85029601897273e-02 -1.98854283066066e-01
  5.33541875008611e+04 -1.15808779223575e-01  4.05933201248145e-01 -3.26278830085867e-01 -3.60316279665240e-01
  5.33579157581066e+04 -1.12098824592882e-01  6.09569584604941e-02 -1.52574492542300e-01 -1.52473729203721e-01
  5.33616440155917e+04 -2.53260372795072e-03  1.14520503506356e-01 -2.52359341426138e-01 -2.69434606850001e-01
  5.33653722730522e+04 -1.73885429841817e-01  2.09148941896749e-01 -2.86421044464376e-01 -3.22910849290417e-01
  5.33691005307383e+04  2.13070178163522e-01 -2.08394810188399e-01  7.55690888531995e-02  3.13024485732392e-01
  5.33728287884026e+04  1.80902919738811e-01 -2.44979845460778e-02 -2.27429402720822e-01 -3.07691695451242e-02
  5.33765570458911e+04  1.23972110497945e-01 -3.07234870008763e-02 -2.94699181176369e-01  1.16314101224454e-02
  5.33802853036271e+04 -6.85240312789217e-02 -1.51146474985271e-01  7.60877658456959e-02 -2.02268594883601e-01
  5.33840135613936e+04  2.08181229000053e-01 -3.36785729594477e-01  2.00547731467006e-01  1.35498105215314e-01
  5.33902500004677e+04  2.08181229000053e-01 -3.36785729594477e-01  2.00547731467006e-01  1.35498105215314e-01
  5.33918333339862e+04 -5.18527220010998e-02 -9.20361451283270e-02 -9.25830794793130e-02 -1.01768424481929e-01
  5.33955615912790e+04  1.03484022874618e-01 -1.16192349753013e-01  3.25589083356039e-01  1.30484960148874e-01
  5.33992898490624e+04  2.82012636413023e-02  9.34665864090883e-02  2.23839188571743e-02  1.77718191704487e-01
  5.34030181064073e+04 -1.08374012427344e-01  3.62259185587154e-01 -2.77102922400526e-01 -1.67059234568848e-01
  5.34067463639779e+04 -3.74845867520697e-01  1.38303941741680e-01  5.87766420861717e-02  1.38706510985080e-01
  5.34104746212986e+04 -2.94215033052003e-01  3.67225280683828e-01  2.10573967740661e-01  4.52720059093645e-01
  5.34142028783496e+04 -5.31378007295576e-01  4.23521592868173e-01  8.72165575239134e-02  3.35236494096526e-01
  5.34188750008530e+04 -5.31378007295576e-01  4.23521592868173e-01  8.72165575239134e-02  3.35236494096526e-01
  5.34230000006620e+04 -5.31378007295576e-01  4.23521592868173e-01  8.72165575239134e-02  3.35236494096526e-01
  5.34267282574816e+04 -2.28696630527506e-01  2.10903049348987e-01  3.91805271252221e-01 -4.03609764311781e-02
  5.34304565139700e+04 -3.30039073885588e-01  3.83197386441642e-01 -6.70583171854343e-02 -9.01370241558687e-04
  5.34341847701841e+04 -2.51371112362514e-01  2.50177646778006e-01 -1.60652527564054e-01 -1.11010650723313e-01
  5.34379130270432e+04 -3.23152703657356e-01  1.96073596927796e-01  7.75223157698980e-02 -1.51297911714660e-01
  5.34416412829663e+04 -2.46406960087987e-01  1.67904383527788e-01  1.96921581163904e-01  6.06852390447841e-02
  5.34453695389238e+04 -2.61340587712974e-01  2.64647263444729e-01  2.57412154521054e-02 -1.02866800567438e-01
  5.34490977949098e+04 -3.64007152807758e-01  3.70306941240393e-01 -9.12877011908923e-02 -6.99190741923447e-02
  5.34528260504605e+04 -1.50843477059891e-01  2.91805500119124e-01  2.07519981431634e-01  1.02201558830659e-01
  5.34565543060394e+04 -2.87288301970480e-01  2.99514324058189e-01  1.80298758482559e-01 -1.19447667633157e-02
  5.34602825612835e+04 -3.79550919977285e-01  4.88252096448309e-01  1.86335743218323e-01  1.56346418834443e-01
  5.34644375008820e+04 -3.79550919977285e-01  4.88252096448309e-01  1.86335743218323e-01  1.56346418834443e-01
  5.34648958333970e+04 -6.97367630284956e-01  5.23166168906031e-01 -2.50167337298821e-01 -2.49584329811379e-01
  5.34686240880811e+04 -3.90200415148327e-01  3.18461207626705e-01 -1.46010314792097e-01  4.33399817661020e-02
  5.34723523427363e+04 -3.75965043879754e-01  4.03529519731402e-01  4.52301769153339e-01  2.03256826500248e-01
  5.34760805971214e+04 -2.41358465460686e-01  4.56459123694968e-01  3.51522927481317e-01  2.60229784833015e-01
  5.34798088513104e+04 -5.83993448246606e-01  8.06801518285516e-01  1.73190058023302e-01  8.26263536241359e-02
  5.34835371053010e+04 -4.55066555375905e-01  5.75032580708851e-01 -2.47127690507145e-01 -1.26662383923369e-01
  5.34872653592082e+04 -8.85433388202947e-01  7.80109449920824e-01  3.01236766391274e-01 -3.83075075828650e-02
  5.34909936126818e+04 -6.42192054159018e-01  6.82807790683788e-01  1.02104799608761e-01  3.13264165192797e-01
  5.34947218659167e+04 -6.11974418340377e-01  6.36497949082623e-01 -2.61834368380783e-01 -4.32557468666733e-02
  5.34984501191377e+04 -3.95495596989126e-01  3.91719238994064e-01 -1.96252826311857e-01 -1.84185408356467e-01
  5.35021783721261e+04 -3.95495596989126e-01  3.91719238994064e-01 -1.96252826311857e-01 -1.84185408356467e-01
  5.35059066253402e+04 -1.12013618454284e-01  1.39847961829911e-01  1.48036097715219e-01  2.22660027624237e-01
  5.35096348783276e+04 -1.29133776563346e-01  2.19835834070406e-01 -6.59646639214632e-02  3.94969111862667e-01
  5.35133631308783e+04 -4.20756012362898e-01  3.52174178777694e-01 -4.73557055956449e-01 -2.13682300314248e-01
  5.35170913834049e+04 -3.65544757008075e-01  5.11077112481098e-01  2.06204525314058e-01 -7.64531576478924e-02
  5.35208196359110e+04 -4.49089462718263e-01  2.54812882794735e-01  1.02451501572083e-01 -1.04550035372760e-01
  5.35256479170070e+04 -4.49089462718263e-01  2.54812882794735e-01  1.02451501572083e-01 -1.04550035372760e-01
  5.35257479173611e+04 -3.01051041692215e-01  4.50038693253341e-01 -3.10982035837261e-01  1.21689148748416e-03
  5.35294761694901e+04 -4.09476828792780e-01  3.87435924717556e-01 -1.57444578011973e-01  1.30278371187795e-01
  5.35332044216494e+04 -8.35924364561858e-02  1.37215959777398e-01 -3.82297969998598e-02 -2.89363736057540e-01
  5.35369326736619e+04  1.82788598405476e-01 -2.77507950377413e-01  2.03742593942570e-01  1.48527831345730e-01
  5.35406609259143e+04 -2.46309919729831e-02 -4.53515152775804e-02 -2.41565768928094e-01 -3.96988768309942e-02
  5.35443891779444e+04  4.50332576085183e-02  5.30029589341779e-02 -5.79679592298550e-02  1.80451521518297e-01
  5.35481174301690e+04 -1.36536855765370e-01  6.45576406989767e-02  6.47099726422807e-02 -2.09916834733015e-01
  5.35518456822118e+04 -1.00328077687780e-01 -1.06507209701916e-01  2.67703186430620e-02 -9.50150731358007e-02
  5.35555739342672e+04 -7.14359830117436e-01  6.81083257469268e-01 -6.35902830188086e-02 -1.15038602422322e-01
  5.35593021863888e+04 -2.37571973421863e-01  2.86219874593796e-01 -1.13375966384723e-01 -4.47216909524654e-02
  5.35630304384307e+04 -3.58713336284785e-02  2.97106984625471e-02 -2.51704240372485e-01 -6.87637307353524e-02
  5.35667586907119e+04  1.16031625214535e-01 -5.89394156476061e-02  1.83446399702321e-01 -1.19101668183622e-01
  5.35704869427698e+04 -8.89940652247496e-02  1.35489136998815e-02 -4.81493163539567e-01 -2.49272060360031e-01
  5.35742151950416e+04 -4.04677368989053e-02  7.58652281934822e-02 -5.57462357395600e-02  2.70538385099283e-01
  5.35785694449122e+04 -4.04677368989053e-02  7.58652281934822e-02 -5.57462357395600e-02  2.70538385099283e-01
  5.35790277779273e+04 -1.99744479246495e-01  1.39013941280025e-01  2.67294580146586e-01  2.40663740178234e-01
  5.35827560304305e+04 -9.34709600382957e-02 -2.16813807898340e-02 -3.08618818232629e-01 -1.47935683766526e-01
  5.35864842830346e+04 -4.91841489517092e-02  3.82118211415993e-02 -1.86611508235805e-01 -8.24999082865356e-02
  5.35902125356563e+04  1.86831068918177e-01 -2.15495914764515e-01  8.70948458797732e-02  4.05209538136521e-02
  5.35939407887487e+04  1.16898516005902e-01 -1.68723504911333e-02 -9.71594959415804e-02 -2.13792391162332e-01
  5.35976690418464e+04  2.36184648822296e-01 -1.79297542326325e-01 -3.78346508664065e-02 -3.32801759061506e-01
  5.36013972947222e+04  2.59171776235813e-01 -3.59097426456256e-01 -1.01965072104886e-01  7.98572255277527e-02
  5.36051255485359e+04 -5.28365453427645e-02 -9.07178041040854e-02  6.22231051367012e-02  8.87532162279977e-02
  5.36088538018994e+04  7.08177197336374e-02 -6.72526860004039e-02  3.58016828968872e-03 -5.08824953343039e-02
  5.36125820562151e+04  1.65000398361878e-01  5.94755556985024e-02  8.15514315320214e-02  1.07071966200237e-01
  5.36163103101563e+04 -1.26527433135661e-01 -7.73872206489850e-02 -2.99609656910505e-01 -6.64710677372973e-02
  5.36200385643310e+04  6.15307839456894e-02 -2.04979244090194e-01 -3.03988795757865e-01 -3.08824014110594e-02
  5.36237668185161e+04  3.80437454200480e-01 -1.78854208431174e-01  2.47620490364264e-01  3.57068926137678e-01
  5.36274950736434e+04  1.67053111787964e-01 -2.61877406336878e-01 -2.64653879496938e-01 -8.38781123246556e-02
  5.36312233285592e+04  5.57821977410420e-01 -4.36455599087425e-01  4.25818188501749e-02 -1.65453208895719e-01
  5.36349515839292e+04 -8.65726932859972e-02 -1.02900483746679e-01  3.21165466260532e-01  2.93849356049530e-02
  5.36386798397858e+04  7.83294556119549e-01 -7.69885161774709e-01 -3.08534688180724e-01 -1.17618694811979e-01
  5.36424080952454e+04  2.54127252355270e-01 -3.21441219002212e-01 -1.90473504318395e-01 -9.50478247470836e-02
  5.36461363512015e+04  4.54427580184649e-01 -5.37377581458436e-01  3.04655073025955e-01  8.73566313250428e-02
  5.36498646074697e+04  5.22390899379964e-01 -6.30171798155582e-01 -1.40975415719542e-02 -1.76708214009215e-01
  5.36535928637174e+04  3.44081499727857e-01 -3.19825473067751e-01 -1.27954391998916e-01  2.59981429013779e-01
  5.36573211204214e+04  3.86267859418019e-01 -2.93867179712199e-01 -2.61782887727961e-01 -2.56233837413759e-01
  5.36610493773321e+04 -5.46512597326377e-02 -8.14621878224703e-02 -1.79734331786235e-02  1.08404814134341e-01
  5.36647776344584e+04  4.17942264635387e-02 -4.21273433996470e-02 -2.42897988805057e-01 -1.34116909922077e-01
  5.36685058919872e+04  6.35800058665688e-02 -9.35179803611165e-02 -4.12416120560126e-02 -3.75816119424293e-02
  5.36722341494851e+04 -1.25971860613204e-01  1.84758474351689e-01  1.53150688619200e-01  1.19235733489514e-01
  5.36759624069502e+04  1.76528479567339e-01 -2.21026250449590e-01 -1.66612754639980e-01  6.87173458002858e-02
  5.36796906652557e+04 -2.30620482411416e-01  1.95594298043168e-01 -1.43318921690685e-01  1.57382603422328e-01
  5.36843854171435e+04 -2.30620482411416e-01  1.95594298043168e-01 -1.43318921690685e-01  1.57382603422328e-01
  5.36848750005071e+04 -5.00458422202686e-01  5.61498017506036e-01 -8.19213429484001e-02  1.50768441195594e-01
  5.36886032588379e+04 -6.29502544244093e-01  5.34179429262503e-01  1.50774977416281e-01  4.41639513834382e-02
  5.36923315172464e+04 -1.02571987238327e-01  2.02333863919311e-01  2.01295588276758e-01  1.01760516906032e-01
  5.36960597758461e+04 -4.06352177165577e-01  1.48487793595365e-01 -5.73578191463037e-01 -3.24186107889339e-01
  5.36997880347244e+04 -8.94622982511066e-01  9.73320856857658e-01  2.29774465222961e-01  1.89135811169364e-01
  5.37035162938900e+04 -4.37951746416428e-01  2.73521394472067e-01 -3.54039185311448e-01  7.79625164318701e-02
  5.37072445525219e+04 -2.93917910047841e-01  3.25379855902237e-01 -7.88740607940107e-02 -1.67137901506094e-01
  5.37109728122534e+04 -2.01812075430636e-01  8.87203231273479e-02  1.52952883430002e-01  1.18445580736999e-01
  5.37147010712177e+04 -1.29479037050414e-01  6.90029478652563e-02 -6.23191437451982e-02  1.52959098928963e-01
  5.37184293307013e+04 -2.33651182686334e-01 -1.91421821956717e-02 -2.71150312567583e-01 -8.23824382652538e-02
  5.37221575901448e+04 -7.48820705171941e-02 -4.07975669635747e-02  1.56582083831539e-01  2.11731020679467e-01
  5.37258858493333e+04 -1.58093989768040e-02  3.28238654799079e-02 -2.69041334026784e-01 -1.64977814643890e-01
  5.37296141086726e+04 -3.80834736288274e-01  4.10396153562116e-01  1.63138996788713e-01  2.21115589479746e-01
  5.37333423680729e+04 -6.36856526889006e-01  6.62735225204786e-01  3.49346982973614e-02 -1.43971691236437e-01
  5.37370706163126e+04 -3.44208716225817e-01  2.45000826468040e-01  1.66598568699156e-01  9.74311196989938e-02
  5.37407988758809e+04 -2.45889547752564e-01  2.15922392685772e-01 -7.74952109897101e-02 -8.73980042492878e-02
  5.37445271354964e+04 -1.21938156029289e-01 -3.11900925917348e-02  1.04879977914102e-01 -2.07398208460541e-01
  5.37482553951342e+04  5.69341118240422e-03  1.67280942178178e-01  9.09777556476111e-02  2.28759609522256e-01
  5.37519836547929e+04 -2.12585662292601e-01  3.01449404987886e-01  1.12328113402940e-01  1.57328853419603e-01
  5.37557119144665e+04 -2.77491557045959e-01  1.36985299559476e-01  1.80089749208511e-01 -1.23417516168638e-02
  5.37594401741712e+04 -2.00409950312427e-01  1.68098814895435e-01  1.93164197084591e-01 -1.47215578774179e-02
  5.37631684335728e+04 -1.09806509175289e-01  5.48736196915192e-02 -2.61071110954321e-02 -8.24057760165849e-02
  5.37668966932569e+04 -2.39209613351272e-01  1.57203843199220e-01 -2.85010027341661e-01 -1.32489098811514e-01
  5.37706249526852e+04 -8.31861043016688e-02  1.38154858678294e-01 -1.74900378499184e-01 -2.02474445655270e-01
  5.37743532118563e+04 -2.02449786103183e-01  7.62722661477893e-02  1.06111674512554e-01  1.56645763736614e-01
  5.37780814712723e+04 -2.40267983414043e-01  1.01093193016067e-01  4.12947720917353e-02 -1.47339526532158e-01
  5.37818097305139e+04 -2.35317360697803e-01  2.17052173835860e-01 -1.70391973094220e-01  3.34611084885494e-01
  5.37855379897987e+04 -2.21583953833796e-01  1.61806915349004e-01 -9.99807604455170e-03 -1.11706659976787e-01
  5.37892662485392e+04 -1.63592206217088e-01  6.02536570655542e-02  3.46413450173339e-01  3.00249092845669e-01
  5.37929945074570e+04 -1.29385846418241e-01  7.85012484581036e-02  1.29344132967980e-01 -4.71645908496049e-02
  5.37967227664098e+04 -3.21508685302650e-01  2.93958399064893e-01 -8.13125444687868e-02 -2.10549069148804e-01
  5.38015729173634e+04 -3.21508685302650e-01  2.93958399064893e-01 -8.13125444687868e-02 -2.10549069148804e-01
  5.38021319451505e+04 -1.99149661460198e-01  7.32323085358291e-02  2.44403281132589e-01  1.16393736654151e-01
  5.38058602035672e+04 -2.45804183086623e-01  1.71697976336981e-01 -2.51168775482575e-01 -1.81861326031217e-02
  5.38095884620487e+04 -7.85751617370717e-02  1.13798050717601e-01  3.12255554992297e-01  4.86879228666756e-02
  5.38133167200254e+04 -1.73438682864095e-01  1.77590347145857e-01 -4.72411316787520e-03  7.75929517254749e-02
  5.38170449779862e+04 -1.96115431922877e-01  2.55344652628730e-01  6.29429210180635e-01 -1.39782965243860e-01
  5.38207732356516e+04 -1.48656648910119e-01  3.21035262154241e-02 -3.64207904610532e-01  4.78551325792510e-03
  5.38245014933472e+04 -5.12525628365679e-02  4.58280726752879e-02  1.84497062669966e-01 -2.24127283864130e-01
  5.38282297508586e+04 -2.80469660558488e-01  1.43068698294576e-01  9.65338453887081e-02  1.25491997415153e-01
  5.38319580081712e+04  2.20429960499351e-02  2.67101594599050e-02  2.89621471963643e-01  6.31115752092580e-02
  5.38356862654964e+04 -1.91413556250138e-01  2.38976089126910e-01 -2.85676847148267e-01  3.30085476261428e-01
  5.38394145223923e+04 -7.90736930407450e-02 -1.61041874213430e-01  8.36171647693763e-02 -2.80297291705900e-01
  5.38431427793137e+04  9.91129939325061e-02  1.37427323439420e-01 -1.63043884823882e-03  7.05000957862795e-02
  5.38468710355116e+04 -3.19392182966972e-01  2.78665499041794e-01  9.36240601101002e-02 -2.70105223199719e-01
  5.38505992919954e+04  4.77610964243612e-02  8.11053254395775e-02  4.75395577744843e-01  7.90479618640549e-01
  5.38543275482570e+04  3.17165883624802e-02 -3.42118950322455e-02  3.08800561264750e-01  3.22120709159375e-02
  5.38580558042767e+04 -1.17579146367682e-01 -4.38967842260607e-02 -2.13753560034509e-02 -1.12745481966929e-01
  5.38617840603136e+04  5.83976439155252e-02  6.10969613310732e-02  1.80963898810130e-01 -1.19179980643841e-01
  5.38655123158856e+04  4.39481250975294e-03 -4.86526222852409e-02  4.71364874804117e-01  2.04662694430137e-01
  5.38692405714605e+04 -4.42660948712722e-02  2.41588479622808e-01 -6.05732914331771e-02 -1.44415384743283e-01
  5.38729688270370e+04  6.27729985493186e-03 -1.21526497758197e-01 -2.59155914152167e-01 -3.68565113508594e-01
  5.38766970823900e+04  1.27273531572832e-01 -1.10489813935904e-01  1.44941591749742e-01 -1.85098020647894e-01
  5.38804253375207e+04 -9.49906380256759e-03  1.35647503561668e-01  1.24983578231508e-01  4.68229262533957e-02
  5.38841535926387e+04 -1.37425470042232e-01 -3.31578274570681e-02 -7.70404911572549e-02 -2.16356982904367e-01
  5.38878818477361e+04 -2.85116740538155e-01  3.31249338924086e-01  3.08569527765149e-01 -3.59900338198802e-02
  5.38916101025614e+04 -7.84437177735008e-02 -5.63841494837165e-02 -4.50941313490988e-02 -9.71072287100986e-02
  5.38953383571805e+04 -1.28644321138826e-01 -7.00097589554356e-02  5.90088518061405e-01  3.54301200706523e-02
  5.39005868062604e+04 -1.28644321138826e-01 -7.00097589554356e-02  5.90088518061405e-01  3.54301200706523e-02
  5.39011875000566e+04  1.52377348877379e-02  2.12207799734662e-01  2.21854996442214e-01 -5.10700337280794e-01
  5.39049157546736e+04  3.04698485560649e-02 -8.50702714485686e-02 -1.40349286660243e-01 -5.32483487850047e-01
  5.39086440093022e+04 -5.04364603540494e-02  7.37835918846238e-02 -2.22496208714100e-01 -1.35493088740347e-01
  5.39123722639594e+04  2.38856605535997e-01 -9.13277328852957e-02  3.38331844993704e-01 -3.65946803934648e-01
  5.39161005188021e+04 -1.65232725791880e-01  8.61837474010714e-02  3.00667388568109e-02  1.26878368262703e-01
  5.39198287727141e+04  1.14530574107849e-02 -1.08451321737159e-01 -2.83144765528501e-01 -2.97234623750662e-01
  5.39235570270613e+04 -7.18500213536822e-02  2.25962138708055e-01  4.11124140500743e-01  4.27089833860208e-01
  5.39272852816678e+04  1.38382837318700e-01 -1.66879951117006e-01 -6.30621961291796e-01 -3.71151401908590e-01
  5.39310135360487e+04  1.51494042569965e-01 -9.94894211393137e-02  1.70760754118131e-01 -1.32185702143600e-02
  5.39347417906690e+04  1.43528068950144e-01 -1.44080236190174e-01  2.02331491480109e-01 -6.65749185884187e-03
  5.39384700453022e+04 -4.82180998952820e-03 -1.69126437992720e-01  2.15958638347594e-02 -1.14759846170503e-01
  5.39421982999468e+04 -6.69523365267581e-02  1.99169493364200e-02  2.42597217426452e-01  4.43463881805991e-02
  5.39459265547696e+04  7.00220550800619e-02 -5.55286113192871e-02 -3.69338738605433e-01 -1.84947685918239e-01
  5.39496548098958e+04  1.53719938988300e-01 -5.50602589064409e-02  1.27751941270908e-01 -6.90280446692371e-02
  5.39533830650253e+04  8.07291727243329e-02 -1.70295636348799e-01 -5.71678664238863e-02  9.36995062007583e-02
  5.39571113199305e+04  9.18499685146318e-01 -1.20135413187420e+00  2.01670014499211e-01  1.41590767727144e-01
  5.39608395752958e+04  5.29740206027450e-01 -6.70043040904680e-01  2.09189010421220e-01 -1.25650261863700e-01
  5.39645678306562e+04  7.07665672589422e-01 -6.92596806112779e-01 -1.67346116940967e-01 -6.27481304272152e-02
  5.39682960862603e+04  3.42112638611750e-01 -6.54117737670516e-01 -1.90687494195687e-01 -1.22858787575915e-01
  5.39720243420959e+04  3.24439277623399e-01 -2.61693825706407e-01 -3.18706710487022e-01 -4.37602527119703e-01
  5.39757525981667e+04 -2.31291013275182e-02 -4.99304545456935e-02 -3.90282341196057e-01 -1.50824712222825e-01
  5.39794808544660e+04  5.69350466976712e-02 -9.00719346977136e-02 -2.48377921678372e-02 -2.70977600754232e-01
  5.39832091110046e+04 -2.48682515289152e-02  1.08657534139378e-02  3.13678190226777e-01  1.51309824078747e-01
  5.39869373675172e+04 -1.61383147322473e-01  3.20920456811027e-02 -1.93841698776932e-01 -7.26082124039783e-02
  5.39906656245081e+04 -9.54655381804545e-02  2.28385518070499e-02  5.39817963668605e-01 -1.54578472363016e-02
  5.39943938814860e+04 -1.96661816003359e-01  2.31194345870288e-01 -4.97780125484643e-02 -5.24739406908691e-02
  5.39981221389063e+04 -7.39685505832519e-02 -4.49683931260823e-02  1.23358638814253e-01 -4.04276144236935e-01
  5.40018503963010e+04 -1.21954814225547e-01  2.19600685020071e-01 -8.74921200000220e-02  2.98783795229474e-01
  5.40055786541400e+04  2.32246844666186e-01 -2.22801665776460e-01 -6.79231572267382e-02 -3.93044966420880e-01
  5.40093069119397e+04  1.59141883770100e-02  2.50605972056695e-03 -1.83942569216017e-01 -5.28180076608347e-01
  5.40130351700776e+04  1.23195857188926e-01 -2.20512993662302e-01  1.75764297247594e-01 -1.90727088628222e-01
  5.40167634285670e+04  3.52461389182656e-02 -1.38914490471030e-01 -3.05132383145633e-02 -4.13781737562708e-01
  5.40204916869826e+04 -2.24128279785665e-02 -6.90131020280771e-02  3.46122334117720e-01  2.34502207121900e-01
  5.40242199460196e+04  1.96499883566504e-03 -1.89655044616114e-01  3.23808179956638e-01  7.36138863823534e-02
  5.40279482047651e+04  6.13028840702387e-02 -1.48782126497047e-01 -4.28159922525747e-01 -2.41500558328193e-01
  5.40316764641574e+04 -2.46904650450894e-02 -1.55397368485904e-01 -1.04880286634719e-01 -2.15511047617669e-01
  5.40354047234976e+04 -3.15810902237489e-02  1.04147622172154e-01  2.88313730817029e-01  1.38733966065603e-01
  5.40391329829920e+04  4.79117554422460e-02 -1.22529616565604e-01 -8.92245214402878e-02  4.17055402345058e-02
  5.40428612426447e+04  1.94114377715912e-01 -1.60685976566749e-01  8.58716180129147e-02 -2.97225368952008e-01
  5.40486041669894e+04  1.94114377715912e-01 -1.60685976566749e-01  8.58716180129147e-02 -2.97225368952008e-01
  5.40492048613670e+04 -3.42208138635229e-01  3.13093681895930e-01  2.21538448354677e-02  1.76637204364668e-01
  5.40529331215533e+04  7.52143997814359e-03 -2.82771412218657e-01 -2.79102948179194e-01 -1.92098491463246e-01
  5.40566613816896e+04  1.63985675749128e-01 -1.66631521752714e-01 -3.69550452771458e-02 -6.74141962486801e-02
  5.40603896417338e+04  8.93352084486856e-02 -5.21179239998093e-02  1.46898723447925e-01  2.10848609240862e-01
  5.40641179021645e+04 -9.61704713775094e-02  1.06309430813542e-01 -1.78390049443627e-01 -3.78654267041559e-01
  5.40678461627314e+04 -7.56966585228225e-02  8.65632883170496e-02  9.94154098183678e-02  3.59984009174735e-02
  5.40715744232558e+04 -1.98869342849294e-01  1.97417666988864e-01 -1.60387910821077e-01  3.58453411289638e-01
  5.40753026840949e+04 -2.90054292100078e-01  1.53825335570771e-01  1.44562334101722e-01 -1.87951190389429e-01
  5.40790309446841e+04 -1.09614238954238e-01  3.24665573943431e-03  3.44478926974889e-01  1.28817333410371e-01
  5.40827592057290e+04 -5.26517737689949e-02  6.93169451959632e-02 -3.12469537927349e-01 -1.25285506180204e-01
  5.40864874664712e+04  6.91368682438611e-02 -7.71053946221823e-02 -3.68059657740501e-01 -2.88831325925407e-01
  5.40902157273902e+04  3.80317165895999e-02  4.67663850513851e-02 -2.13236188505888e-01 -3.77467569816235e-01
  5.40939439882788e+04 -1.00571308524091e-01  1.77225720887470e-01  5.51012198380975e-02 -2.86045733453950e-01
  5.40976722493032e+04  9.72716475678585e-02 -1.79548969778915e-01  2.24445010432682e-01  8.93891921251284e-02
  5.41014005102592e+04  5.22115843930743e-02 -2.64620899595787e-02  6.33825987022118e-02  1.28538931992710e-01
  5.41051287713136e+04 -1.15669664877638e-01 -2.52430211252570e-02  1.70601863577370e-01  2.55935849150255e-02
  5.41088570323993e+04  3.31999081277741e-02  3.84812160998787e-02  1.85354815550342e-01 -3.50842556152203e-01
  5.41125852935936e+04 -3.22273664434430e-02 -1.03361162008516e-01 -8.88507398336048e-03  2.76313480335057e-02
  5.41163135545682e+04 -6.29756792043515e-02  1.54343167698726e-01 -6.54675744906661e-02 -4.42988478169549e-01
  5.41200418154549e+04 -2.43593727249740e-01  1.52668388384575e-01  4.17605497293125e-02  1.12063086490252e-01
  5.41237700764955e+04  1.09369917197364e-01 -4.55542526537265e-02 -2.14197116416836e-01 -3.81894922293189e-01
  5.41274983375655e+04 -7.98209787101894e-02 -3.01140649543889e-02  3.62215978553589e-02  1.59040496769260e-01
  5.41312265985740e+04 -2.07128415496437e-04  1.49743697730050e-02  9.44951242938841e-03 -2.91903157613150e-01
  5.41349548594085e+04 -2.24550879823243e-01  2.39788213279594e-01  9.23441756074374e-02 -1.38228991142561e-01
  5.41386831204167e+04 -2.19402074549465e-01  1.68797505606419e-01  7.57053725779680e-02 -2.03686532436564e-02
  5.41424113810995e+04  1.15439196743843e-02  5.16853339339467e-02 -3.16288448897940e-01 -3.31199470151281e-01
  5.41461396418541e+04 -1.31351524816557e-02  1.83630316356984e-02  2.36288662468518e-01  3.45889454176071e-02
  5.41498679026609e+04 -1.61200397962822e-01  8.22856121797286e-02 -1.11612756310781e-01  1.03799692970637e-01
  5.41535961630801e+04  4.04606459820513e-02 -7.21784390306254e-03 -1.55411637769973e-01 -4.21261004734111e-01
  5.41573244237976e+04 -6.64957719999489e-02  6.34977357449516e-02  9.44443090220962e-02 -3.46700401815820e-04
  5.41610526840104e+04 -3.97449618957508e-01  1.55786984120797e-01  1.02334097025347e-01 -7.87096870874231e-02
  5.41675416668275e+04 -3.97449618957508e-01  1.55786984120797e-01  1.02334097025347e-01 -7.87096870874231e-02
  5.41681666669734e+04 -1.88342438039173e-02  2.34033801743450e-01  2.91977694106757e-01 -2.56302791864388e-01
  5.41718949270972e+04 -1.14434274598966e-01  8.13966241039229e-02 -1.59232996915856e-01  2.33356943171995e-01
  5.41756231869756e+04 -2.03579058056912e-01  1.28215103055407e-01 -3.17952483120492e-01 -2.33367755852216e-01
  5.41793514467165e+04 -1.14066369759514e-01 -4.36352950724410e-03  1.10431203762126e-01  1.38823409138307e-01
  5.41830797065233e+04 -1.06014231943677e-01  1.61704484333124e-01 -1.84880121981532e-01  5.65293994220193e-02
  5.41868079659571e+04 -2.80499486262062e-01  7.65259115509417e-02  2.81650246419423e-01  1.25827810986201e-02
  5.41905362253959e+04  1.29449057933878e-01 -6.94596873304170e-02  7.65024586012387e-02  3.12745051349172e-01
  5.41942644846990e+04 -1.32360741961810e-01  1.24211806992082e-01  1.69275173024872e-01  2.64769244924228e-01
  5.41979927437395e+04 -1.80264484926611e-01  1.23750210767414e-01  2.00438735663470e-01  9.14831980550699e-02
  5.42017210031387e+04 -9.92919164035578e-02  2.33811923964216e-01 -6.77616143331051e-02  8.32844969884760e-02
  5.42054492616216e+04 -9.50574803179346e-02  1.09608166169529e-01 -2.23896678491350e-01 -2.20839956386034e-02
  5.42091775203843e+04 -1.35492733854589e-01  8.75437879506931e-02  3.28885549234589e-01  3.42375461958576e-01
  5.42129057788969e+04 -3.28163304196370e-01  2.08756391477672e-01  1.86784037269215e-01  2.32908816675745e-01
  5.42166340373716e+04  1.54302993036842e-01 -4.22341367828891e-02  1.74118394733426e-01 -1.69803125659305e-01
  5.42203622953298e+04 -7.86968389723591e-02 -8.18784724518499e-02 -4.28652657484547e-02 -5.56191882257764e-01
  5.42240905532697e+04 -1.93840267889668e-01  1.64768924408961e-01  2.84339844495312e-01  6.16370286821939e-02
  5.42278188112395e+04 -5.63468350949749e-02  1.69826610650604e-02  2.43384608188229e-01 -2.45107981427139e-01
  5.42315470688079e+04  1.80803347647094e-02 -7.72577798212345e-02  1.36860211744101e-01  2.57938661708999e-02
  5.42352753263576e+04 -6.91207473780247e-02  1.12066468843308e-01 -8.82329023132163e-02  1.15056092664905e-01
  5.42390035839283e+04 -3.15451172168241e-02  9.00568321418963e-02  1.39838903111796e-01  1.21487230267770e-01
  5.42427318410520e+04 -2.69670718552096e-01  2.54810721148158e-01  6.94738945289404e-02  3.98277684216185e-01
  5.42464600981840e+04 -2.45576550585442e-01  1.83682566985732e-01  3.61893760475213e-01  1.65208056725183e-02
  5.42501883556262e+04  3.82951931379743e-02  1.99954279321549e-02  9.88211980501165e-02 -1.23631563394727e-01
  5.42539166123183e+04  1.18265980620120e-02  1.29546531487596e-01  1.20782193264536e-01  2.49015220187553e-01
  5.42576448692338e+04 -4.11372466278793e-02 -1.41353100986977e-01  2.17679510601316e-01 -1.15888466089549e-02
  5.42613731259168e+04 -1.08784531724022e-01  1.91511905628142e-01 -9.18755666583760e-02 -2.87678413837823e-01
  5.42651013826967e+04 -9.06447944364658e-02  2.21919551885603e-01 -1.35361158098232e-01  7.39975104358480e-02
  5.42688296394375e+04 -5.93732205093570e-02 -2.54934955640009e-02  1.72447500936904e-01 -2.39658973122048e-02
  5.42725578958703e+04 -2.11041096811010e-01  1.88794107985598e-01 -2.37060936641479e-01  3.95102402997489e-02
  5.42764583333740e+04 -2.11041096811010e-01  1.88794107985598e-01 -2.37060936641479e-01  3.95102402997489e-02
  5.42768333335613e+04 -2.11041096811010e-01  1.88794107985598e-01 -2.37060936641479e-01  3.95102402997489e-02
  5.42779166672962e+04 -2.11041096811010e-01  1.88794107985598e-01 -2.37060936641479e-01  3.95102402997489e-02
  5.42785416671355e+04 -2.47032100744706e-02 -6.21557652286928e-02 -2.42748779519304e-01 -1.58524871414385e-01
  5.42822699235914e+04 -1.84772483209845e-01  1.75920343102616e-01 -2.82950751916957e-01 -3.74243871477318e-01
  5.42859981795926e+04 -2.24315816280187e-01  1.88878917080172e-01  2.72136619867048e-01 -1.94399332646588e-01
  5.42897264359318e+04 -4.55157988539036e-02 -2.35495376006972e-01 -7.71682326551907e-01 -5.46974934929460e-01
  5.42934546922965e+04 -9.18224763617718e-02  4.91212331715451e-01  7.70866689537793e-01  7.15738269517817e-01
  5.42971829488785e+04 -1.01138363194941e-01  1.34892992330690e-01 -3.64539019411027e-02 -1.54335586783605e-01
  5.43009112052315e+04 -6.96542238924215e-02  3.27100504128229e-02  5.58136518300866e-02  2.61028485520753e-01
  5.43046394618160e+04 -7.55193900307511e-02  1.81633005268778e-01  9.14823142315320e-02 -2.09059129550688e-01
  5.43083677183992e+04 -1.36099444436524e-01 -8.60465424913526e-02 -5.01215532141028e-02 -3.40960858968697e-01
  5.43120959751911e+04 -6.10094458788336e-02  5.04801258722108e-03 -9.55060400360926e-02 -1.05113705194943e-01
  5.43158242319688e+04 -5.33388405963260e-02  6.77975256417922e-02  6.19213453039725e-03 -6.08464250226719e-03
  5.43195524889978e+04 -4.63782706321851e-03  1.27644256082105e-02 -1.71597496634777e-01  1.53251014541793e-01
  5.43232807460242e+04 -2.10028800796814e-01  1.45601481551346e-01 -1.34447654381622e-01 -2.31040941761010e-02
  5.43270090030613e+04 -1.41413022739212e-01  1.19275423834663e-01  3.56617796164143e-02  2.67217609948981e-01
  5.43307372603355e+04 -2.20009579970406e-01  2.13647302823094e-01 -2.70412971394575e-01 -3.06119654117927e-01
  5.43344655178553e+04 -5.87314939761700e-02  1.17682343740548e-01 -2.85838799015767e-01  7.53901101148829e-02
  5.43381937755614e+04 -1.41033089484873e-01  1.84194264683132e-01 -3.33555616994061e-01 -1.92147148985312e-01
  5.43419220333393e+04  1.27879497931783e-01 -3.22979538744829e-01  2.02356619050135e-02 -2.05959563445635e-02
  5.43485208339271e+04  1.27879497931783e-01 -3.22979538744829e-01  2.02356619050135e-02 -2.05959563445635e-02
  5.43495625008381e+04  1.27879497931783e-01 -3.22979538744829e-01  2.02356619050135e-02 -2.05959563445635e-02
  5.43532907596144e+04  7.27267654510939e-02 -4.73445121599321e-02  1.28297279805983e-01  1.46983793397527e-01
  5.43570190178878e+04 -7.24266051670911e-02 -2.27182167570154e-02 -1.90341170779671e-03  4.46522656243186e-02
  5.43607472768276e+04 -1.75350859598880e-01  2.43365063970720e-01 -2.87325803119142e-02 -9.10421742653691e-02
  5.43644755357189e+04 -5.00819069400055e-02 -1.09833295897966e-02 -2.16141943389252e-01 -1.90017265143741e-01
  5.43695000000509e+04 -5.00819069400055e-02 -1.09833295897966e-02 -2.16141943389252e-01 -1.90017265143741e-01
  5.43701250000716e+04 -1.49100852418255e-01  9.91617720203612e-02  5.51934606183594e-01  2.00328004569603e-01
  5.43738532595094e+04  1.75312268975649e-01 -2.09680492293003e-01 -2.80246572845013e-01 -5.10889036225468e-02
  5.43775815191308e+04 -2.13082084440693e-01  1.49887430991904e-01  1.66240533981803e-01 -9.09546916098741e-02
  5.43813097791274e+04  8.97383902066127e-02 -1.58814063839566e-01  9.69013160249991e-02  1.71668984698959e-01
  5.43850380391009e+04 -1.73492098736108e-02  1.64869614576957e-01  1.76069883173161e-01 -2.32219658752602e-01
  5.43887662992499e+04  1.26399029914078e-01 -1.55872495171044e-01  1.95453906101848e-02 -1.84753012653547e-01
  5.43924945599131e+04  1.08882390346841e-02 -1.01792466877215e-01 -1.16382684080917e-01 -1.82811673398944e-02
  5.43962228202859e+04 -2.37546496763117e-02  1.48401845318034e-01 -7.33816903085394e-02 -1.96764812677661e-01
  5.43999510810545e+04 -9.99098125061494e-02 -1.22188834539218e-01 -7.44019412837235e-02  4.32030032564497e-02
  5.44036793417452e+04  4.95241861430736e-02  1.99807412835996e-01 -1.28669797543912e-01  3.16259004270124e-01
  5.44074076029735e+04  3.66584182347703e-02 -3.21980017795446e-02  1.13280133400750e-02  1.17692716980476e-01
  5.44145833337731e+04  3.66584182347703e-02 -3.21980017795446e-02  1.13280133400750e-02  1.17692716980476e-01
  5.44200000003309e+04  5.57591609426208e-01 -3.08341511456046e-01 -1.16773958162201e-01  4.37276854062892e-01
  5.44237282617361e+04 -1.48129067997494e-01  3.29429760140155e-02  3.41720842842379e-01  1.70813260268737e-01
  5.44274565232744e+04 -1.34557876278025e-01  7.27023448163761e-02  2.60961886230539e-01  1.77325473971812e-01
  5.44311847849535e+04 -3.34816812526083e-02  7.43630236001582e-02 -2.32890288060696e-01 -1.65910280274677e-01
  5.44349130465369e+04 -6.74964676572608e-02 -4.11836668851391e-02 -5.21029998799995e-01 -3.00903131358924e-01
  5.44386413082686e+04 -2.18431887265387e-01  5.86674733786423e-02  3.86035237442411e-01  2.50349101000447e-01
  5.44423695701424e+04  7.64505349426770e-02 -9.43051888261665e-02 -2.44970602135898e-02 -3.49953880419527e-02
  5.44460978321042e+04  7.75812003869769e-02  4.17199080639543e-02 -1.35381468383843e-03 -8.41550384976639e-02
  5.44498260938090e+04  1.56631554118651e-01  1.99755992630163e-01 -2.90984546330503e-01 -7.02209829591376e-02
  5.44535543559165e+04 -1.17266976663200e-01  5.29577209020388e-02  1.52875876305310e-01  1.47248655875441e-01
  5.44572826179664e+04 -2.81614471965547e-01  2.33595351915288e-02 -3.03159123610280e-01 -3.40239887655440e-01
  5.44610108799790e+04 -1.38897658832337e-02  4.06817716687120e-02  1.49503650572527e-01  2.36148780720336e-01
  5.44647391421910e+04 -9.43982841477592e-02 -7.66552780565758e-02 -9.72767112955663e-02  2.65217150694289e-01
  5.44684674039271e+04 -5.37307462367105e-02 -5.71546987404735e-02  3.76394591432776e-01  2.93122546145324e-01
  5.44721956661264e+04 -6.78393334720150e-03 -2.16652620601293e-02 -3.17813929560704e-01 -1.92290993574752e-02
  5.44759239283173e+04 -1.49196309268538e-01  2.08757999926190e-01  2.02354539843556e-01 -7.18399348835158e-02
  5.44796521904166e+04 -2.51877200139608e-01  1.45368193715329e-01  1.03590290915938e-01  4.93834238938094e-02
  5.44833804527883e+04 -2.09042035968012e-01  2.15100848649079e-01  4.38651500229931e-01  1.30113726986395e-01
  5.44885243060476e+04 -2.09042035968012e-01  2.15100848649079e-01  4.38651500229931e-01  1.30113726986395e-01
  5.44889409727453e+04 -1.26720325486282e-01  1.38023253114273e-01  1.38689544460456e-01 -7.57406703110743e-02
  5.44926692348148e+04  9.31516739710615e-02 -2.16232124672015e-01 -2.02059219996443e-01 -2.82970608205261e-01
  5.44963974964987e+04 -1.87415098583025e-01  1.37365261259887e-01 -8.66397323326092e-02 -1.33692964529718e-01
  5.45001257582188e+04 -8.94242157051770e-02  8.32055346327501e-02 -8.17411599817351e-02  2.21988167025710e-01
  5.45038540200834e+04 -2.83866924377394e-02 -6.79823329309469e-02 -1.23035819560833e-01  3.12843370873322e-02
  5.45075822821693e+04 -9.40264995884591e-02  2.61273579003608e-01 -5.12850426909858e-02 -3.17370069662433e-01
  5.45113105437362e+04  2.48684893802666e-02  1.03870906396594e-01  1.44186961705596e-01  1.64363221651836e-01
  5.45150388053819e+04 -9.79774184051679e-02  1.52158213357881e-01 -4.13794456569350e-02  3.35946391450635e-01
  5.45187670666829e+04  2.16619930950261e-02 -6.57700496569150e-02  3.02742163930860e-01  7.54680334006621e-02
  5.45224953283068e+04 -1.61004192251357e-02 -1.67362309780797e-02 -5.11389817549307e-01 -3.81582048993171e-01
  5.45262235900186e+04  2.43470912753224e-02 -1.76148904502358e-01 -3.75137576212936e-03  1.20919923948095e-01
  5.45299518510869e+04 -7.79915197830494e-02  2.75873915362473e-01  3.06895898023368e-01  1.83393325226353e-01
  5.45336801124676e+04 -5.43242357435769e-02 -1.71818124066440e-01  7.90248291511982e-03  5.04031693404431e-02
  5.45374083737059e+04 -6.78429659615144e-02  1.12274902502973e-01 -2.39783666865309e-01  7.07384756968530e-02
  5.45411366347083e+04 -5.74074626361439e-02  1.97178809877335e-01  1.17049143006700e-02  1.64032151579892e-01
  5.45448648956759e+04 -3.41031449946237e-01  1.20225124527846e-01 -1.81565119976256e-01 -4.97642630388849e-01
  5.45485931564976e+04  7.50570561653632e-02  1.78402867263049e-01 -8.51395421517435e-02  2.54130552529076e-01
  5.45523214172972e+04 -1.98690856172708e-01  3.32604440475739e-02  2.40045584682687e-01  1.48899866849221e-01
  5.45560496778299e+04 -8.35150152698545e-02 -3.44475797877812e-02 -2.09287613996047e-02 -6.23940935426110e-02
  5.45597779382350e+04 -2.46954169530121e-01  2.65852106944136e-01  1.64286984253531e-01  1.86988005039057e-01
  5.45635061984110e+04 -3.78165882547799e-01  1.75010367304606e-01 -2.38290842107098e-03  2.38781073642368e-01
  5.45672344588552e+04  7.03375587068270e-02  2.41163680280921e-02  2.77099300280213e-01 -2.06538010585862e-01
  5.45709627186796e+04 -3.54525431651567e-02  1.46132195571309e-01 -3.81103986469276e-01 -1.46098721080980e-01
  5.45746909786042e+04 -2.32351957739825e-01  1.66091936972769e-01 -3.53600635202591e-02 -2.01324634541234e-01
  5.45784192381018e+04 -1.03772381740209e-01  1.37765933902160e-01  7.36036726727760e-03  1.98977581383401e-01
  5.45821474978751e+04 -6.91682570821549e-02 -1.40698697996085e-02  1.20634793812529e-01  1.62772865228699e-01
  5.45858757572292e+04 -2.28146668488663e-01  1.12269546568975e-01 -1.34699301157382e-01 -2.48282535842259e-02
  5.45896040163981e+04 -2.32228732160812e-01  1.57766511481490e-01  1.73236636604701e-01 -2.14481150772357e-01
  5.45933322754225e+04  6.95086630855683e-02 -7.67387145904936e-02 -1.70591777703753e-01 -2.44338433830503e-01
  5.45970605345139e+04 -9.29270657861776e-02 -2.86410604841132e-02  1.11525056309314e-01  1.43922354743287e-01
  5.46007887931504e+04 -9.06307737213129e-02  1.23853139398531e-01  1.06343896303227e-01 -2.82286403334340e-03
  5.46045170517813e+04 -8.91097063145155e-02  7.36016635034428e-02 -1.59615141548413e-01 -7.48164889615120e-01
  5.46082453104178e+04 -1.94584183688421e-01  2.31766976045529e-01 -9.43064986265223e-02  2.02770842451377e-01
  5.46119735688379e+04 -3.63405348398577e-01  3.27161959496703e-01 -6.45172498354895e-02  9.77595832089803e-02
  5.46157018272743e+04 -3.78162003357222e-01  1.11872980235131e-01 -1.99580778768411e-02 -1.37698065973330e-01
  5.46216131948033e+04 -3.78162003357222e-01  1.11872980235131e-01 -1.99580778768411e-02 -1.37698065973330e-01
  5.46222083341052e+04 -1.52733715420741e-01  3.10751524361144e-01 -2.53410708729081e-01 -1.17504288784120e-01
  5.46259365921204e+04 -4.43083646178288e-02  3.21703084310129e-02  1.54016497220715e-01  2.03320685794336e-01
  5.46296648501167e+04 -2.89397837957877e-01  2.80627556539359e-01 -3.05441841027962e-01 -1.69883718351362e-01
  5.46333931079063e+04  9.43661675253305e-02 -5.90950160214438e-02  6.09263981314158e-04 -9.59290323551784e-02
  5.46371213659081e+04 -7.84003481236528e-02  2.03872090324111e-01  1.58505005793462e-01 -3.12379908020192e-01
  5.46408496236760e+04  6.63259696843599e-03  2.03390125989514e-02 -5.26143058724498e-02 -9.26828076507001e-03
  5.46445778812386e+04 -2.86647482909795e-01  1.45453748420812e-01  1.51083210665250e-01  1.89435007370884e-01
  5.46483061390244e+04 -9.59976448029152e-02  9.37876062291804e-02 -1.89965969912230e-01 -2.46722536773567e-01
  5.46520343968055e+04 -1.04063834139588e-01  1.47666427148945e-01 -2.43245146681274e-03 -1.80232813310865e-01
  5.46557626545927e+04 -1.91784802310870e-01  8.69046899330504e-02 -1.94544569239958e-01 -2.91361251331787e-01
  5.46594909123807e+04 -4.71211885666079e-02  8.04291730944926e-03 -9.10290030106522e-02  2.56362272301882e-01
  5.46633402781089e+04 -4.71211885666079e-02  8.04291730944926e-03 -9.10290030106522e-02  2.56362272301882e-01
  5.46634402778483e+04  3.11030011460778e-02 -3.47783963506078e-02  1.24068404669834e-01  5.99082103633902e-02
  5.46671685356169e+04 -1.96321419540250e-01  6.73549143433085e-02 -3.91706126506924e-02 -4.14282958930059e-02
  5.46708967935023e+04  2.64730410781959e-02 -1.23719652672706e-01 -5.18458605701749e-01 -5.77674051875542e-01
  5.46746250516422e+04 -1.74768833029328e-01  1.70249570712740e-01  6.80706429369271e-01  3.74871629901164e-01
  5.46797083335996e+04 -1.74768833029328e-01  1.70249570712740e-01  6.80706429369271e-01  3.74871629901164e-01
  5.46811666667836e+04  1.56766779925400e-01 -7.24676765651075e-02 -9.92906744184300e-02 -1.84701377786757e-01
  5.46848949247673e+04  3.02214526716933e-02 -1.59345276823975e-01 -2.42237257228506e-01  6.50362933915892e-02
  5.46886231829895e+04 -1.47588297883220e-01  1.50301397566025e-01 -3.37552406045288e-01 -2.58010698459472e-01
  5.46923514416517e+04  5.78414086366681e-02 -9.23014911709198e-02 -2.59652105516749e-01 -3.11022305204009e-02
  5.46960797061018e+04  1.31407581263939e-04  7.51971768487657e-02 -6.40929798111031e-02 -3.75132707478705e-01
  5.46998079751737e+04  1.62570998915758e-01 -2.04066755163160e-01 -1.76619482424326e-02 -1.20925741709020e-01
  5.47035362442201e+04 -2.11071753846632e-01  4.25247636601713e-02  3.42302083182641e-02 -4.85460616089501e-02
  5.47072645132558e+04  1.43756475535780e-03 -1.97076755530755e-01 -2.39968812802166e-01  1.19845021583912e-02
  5.47109927362999e+04  1.80381441482769e-01 -1.26771167054297e-01 -6.40591507864996e-02  3.31443366069727e-01
  5.47147209958443e+04 -1.68019887916057e-02  8.54766828877104e-02 -3.12073132195878e-03 -2.78039588000906e-01
  5.47184492553727e+04  4.84350106445188e-02  3.39909422035719e-02 -3.25637455379295e-03 -3.66261232275810e-02
  5.47221775152893e+04 -2.82804308242153e-01 -4.55591413034140e-02  2.23661101865135e-01 -9.64363350860154e-03
  5.47259057754039e+04  4.88243381484168e-02  1.04572936347998e-01 -1.11417703664808e-01 -9.87736704905384e-02
  5.47296340354932e+04  7.21724323847375e-02 -2.36373065457749e-02 -5.92193080549384e-01 -9.36143905568372e-02
  5.47333622957141e+04  2.29820744622163e-02 -1.37451597004632e-01 -2.00098090941171e-01 -3.10156459196998e-01
  5.47370905563391e+04  4.58795337071867e-01 -2.57582811699799e-01 -4.30951966144803e-01 -1.66344079821330e-01
  5.47444166667361e+04  4.58795337071867e-01 -2.57582811699799e-01 -4.30951966144803e-01 -1.66344079821330e-01
  5.47445416673358e+04  4.58795337071867e-01 -2.57582811699799e-01 -4.30951966144803e-01 -1.66344079821330e-01
  5.47475138892720e+04  4.58795337071867e-01 -2.57582811699799e-01 -4.30951966144803e-01 -1.66344079821330e-01
  5.47479930561144e+04 -1.65076222188378e-01  1.65497744673596e-01  2.57128638743202e-01  2.04368936183346e-01
  5.47517213173553e+04 -4.42277527027340e-02  2.54635889874532e-02  1.77148291680880e-01  5.04091600602251e-02
  5.47554495786829e+04  1.79727325842195e-01 -6.72915332181848e-02 -1.53625342587236e-01 -1.11017914482540e-01
  5.47591778399352e+04  1.53404124201861e-01 -7.32410432584634e-02 -3.01727635549306e-02 -6.44487838386903e-02
  5.47629061015126e+04 -8.68704021771888e-02  8.24831718742503e-02  6.45080576844533e-03  2.20200956472486e-01
  5.47674166671620e+04 -8.68704021771888e-02  8.24831718742503e-02  6.45080576844533e-03  2.20200956472486e-01
  5.47679444450673e+04  4.00174823575510e-02 -2.39547601757759e-01 -4.55394049995304e-01 -2.50393323223069e-01
  5.47716727068299e+04  9.76255016633872e-02 -3.56606188855226e-02 -1.54307588135637e-01 -1.64274729204049e-01
  5.47754009686540e+04 -2.85087792948514e-02 -1.60333525760710e-02 -1.41610141778533e-01 -7.05598692987245e-02
  5.47791292307095e+04 -1.36699551558397e-02  6.12236368451271e-02  7.88988012647765e-02 -1.01344623794184e-01
  5.47828574928902e+04 -1.17933980203292e-01  1.04778866273493e-01 -3.01779808523257e-01 -1.92715691699589e-01
  5.47865857551933e+04  9.42279545409908e-02 -6.62178120340085e-03 -3.02117200750872e-01  2.26793626327596e-01
  5.47903140176199e+04 -4.77456222334040e-02 -1.62034418284810e-02  4.05515900271172e-02 -2.31187685046780e-01
  5.47940422801980e+04 -2.73544475776660e-01  2.09174276372527e-01 -6.93706015524645e-02  1.01541125891862e-01
  5.47977705426782e+04  1.47378454274702e-01 -1.53974034076259e-01 -2.32771669704327e-01 -5.81109746829195e-02
  5.48014988052766e+04  5.77706343159177e-02  1.31444760771851e-03 -4.70562490540718e-02  8.50845869618552e-02
  5.48052270677512e+04  6.31484159746139e-02 -1.25020616248687e-01 -1.78708294526784e-01 -2.51191300781574e-01
  5.48089553307038e+04 -8.58215062683816e-02  1.32755046670763e-01  1.33834349152834e-01  5.81116663855999e-02
  5.48126835932731e+04 -1.70435161031695e-01  8.52144360259873e-02  1.54796456126142e-01 -5.55292941180271e-02
  5.48164118561644e+04  3.31063448634670e-02  5.33966865734082e-02 -8.94909147304529e-02  1.09219641884501e-01
  5.48201401188495e+04  3.65280044625123e-01 -2.71429259229499e-01 -1.73679027323266e-01  1.42867437282855e-01
  5.48238683817095e+04 -3.59541481617585e-02  6.34606940317937e-02 -1.43912796546561e-01 -1.92363800251792e-01
  5.48275966447709e+04 -3.72775445899977e-02 -1.73194454723585e-03 -1.34578176417138e-01 -2.61941985874456e-02
  5.48313249078229e+04 -1.10469232829618e-01  1.40274878479099e-02  3.69192450810624e-01  1.98104041069413e-01
  5.48350531589167e+04  5.65291014438666e-02 -1.06664431384175e-02 -2.76007837401859e-02 -3.69278874067824e-01
  5.48394305558299e+04  5.65291014438666e-02 -1.06664431384175e-02 -2.76007837401859e-02 -3.69278874067824e-01
  5.48405208336054e+04  7.47556467360585e-02  1.81420982531921e-03 -1.99893197711303e-01 -3.45497934006493e-01
  5.48442490953520e+04  5.77518918172713e-02 -6.51112047761964e-02 -2.41909867702321e-01 -3.14854503762263e-01
  5.48479773583217e+04 -1.79535134245796e-01 -6.12071241608968e-03 -1.17961774967482e-02  1.82099725646184e-01
  5.48517056213160e+04  1.38232516906756e-03  3.67087349564062e-01  3.00317622428176e-01  5.00329370789291e-02
  5.48554338841538e+04 -3.13858585359274e-01  1.68536774342408e-01 -4.10799067334884e-01 -1.51103424819583e-01
  5.48591621470162e+04  7.22869261222323e-02  3.73889895790015e-03  1.66535086689579e-01 -2.26657922353868e-02
  5.48628904097212e+04 -1.07419895671911e-02  2.98615245359083e-02  1.44865832010983e-01  3.14992149029547e-01
  5.48666186724999e+04 -1.00939589498696e-01  1.84046259061853e-01  1.36565951572618e-01  2.09345675459399e-02
  5.48738194447107e+04 -1.00939589498696e-01  1.84046259061853e-01  1.36565951572618e-01  2.09345675459399e-02
  5.48744166673831e+04 -8.59801443840862e-02  6.85986548680665e-02  4.60409002732343e-01  2.32074409332193e-01
  5.48781449303090e+04  1.30468001930407e-02 -6.78894456887049e-03  1.79977143520003e-01 -1.60306881286070e-01
  5.48818731929144e+04 -3.23511831317157e-01  2.83942673054687e-01 -4.69860077658324e-01 -3.05814014981112e-02
  5.48861166667837e+04 -3.23511831317157e-01  2.83942673054687e-01 -4.69860077658324e-01 -3.05814014981112e-02
  5.48862166673612e+04 -4.40482098226047e-02  4.10415521823946e-03  3.62742091857192e-01  2.79234968853219e-01
  5.48899449297905e+04 -7.57656792395952e-02 -2.67713015494978e-02  1.70409145977949e-01 -6.79168754971789e-02
  5.48936731923172e+04 -1.09959890370560e-01  1.62021086338928e-01 -2.29567061184578e-01 -1.49488755749140e-01
  5.48974014545393e+04 -1.17981398055601e-01  4.29891996769553e-02  2.34453833512259e-01  1.16109186168302e-01
  5.49011297170636e+04 -7.42826530263322e-02  2.71792578769978e-01 -4.62326355207409e-02  8.74115913214028e-02
  5.49048579791147e+04  7.12544916499292e-02 -1.28694458684627e-02  3.31284303714685e-01  1.05744813567606e-01
  5.49085862411423e+04 -2.82327515941382e-01  1.14394651875962e-01  9.31382478042846e-02 -1.03748411222138e-01
  5.49123145030543e+04 -5.99826772133548e-02 -2.48214099094530e-02  1.57798585727813e-01  4.04804984458545e-01
  5.49160427647014e+04 -4.09587054167002e-02  2.13991416925517e-01 -1.17948807031230e-01 -2.18886984934501e-01
  5.49197710265534e+04 -2.45814242889090e-01  2.96378186490133e-01 -2.07497421313942e-01 -1.02911369738107e-01
  5.49234992882801e+04 -1.48909419935460e-01  1.63591741610233e-01  1.68533278934078e-01  9.92393349871556e-02
  5.49272275496436e+04 -2.13774673495282e-01  1.19537133887226e-01  1.41134643844663e-01  2.80756103704602e-01
  5.49309558110556e+04 -7.62895459424659e-02 -5.10478996551215e-03 -5.89795952030015e-02 -3.26355387525661e-01
  5.49346840727015e+04 -3.73711089372979e-02  1.68959345425425e-01  1.13451269864525e-01  1.11672583302438e-01
  5.49384123334977e+04 -2.05536617602206e-01  4.84052873024023e-02  2.19316864933563e-01  3.26809639284354e-01
  5.49421405943019e+04 -1.16018943619904e-01  6.34077288678399e-02  2.48937589903062e-01  1.10161355584950e-02
  5.49458688551713e+04 -2.38766468758298e-01  2.66296549116623e-01  4.12288365898440e-01  7.14828197692260e-02
  5.49495971158703e+04  2.81016103709236e-02  1.47044381411571e-01  2.11719497990378e-01  2.09181104616916e-01
  5.49533253764410e+04  3.19330529784220e-03  7.05814611090191e-04 -2.04809149087049e-01 -4.68606003107637e-01
  5.49570536367686e+04 -2.93356933758107e-02  1.80028262745193e-01  3.47462004024913e-01  4.92927681238417e-01
  5.49607818971422e+04 -2.46880957241840e-01 -8.62093764009639e-03  1.25427220411825e-01 -2.05394291721233e-01
  5.49645101571157e+04 -1.82094383489815e-01  2.59035804940709e-01 -1.38083347076613e-01  1.58081823924444e-02
  5.49682384171309e+04  7.15842358418569e-02  1.89095916364483e-01 -2.45612000414292e-02 -4.86876053537321e-02
  5.49719666771770e+04 -2.51384117517066e-01  1.28405646990279e-01 -7.12517155559775e-02 -1.39972714127315e-01
  5.49756949367951e+04 -2.27432710451635e-01  1.78516551360743e-01  9.28074602594220e-03  2.39854367707104e-02
  5.49794231966307e+04 -2.24531690165495e-01  1.44571600186138e-01 -9.61678609071879e-02 -3.08523490306706e-01
  5.49831514561389e+04 -2.08953824496361e-01  1.08842447042400e-01  6.22963733003332e-02  7.93832802794739e-02
  5.49868797155924e+04 -4.67284701370652e-02  5.60909734439343e-02 -1.16489262430294e-02  2.08605477896727e-01
  5.49906079752129e+04  2.30314231757300e-02  1.74535980910610e-02  6.76155499345839e-01  2.38015977264449e-01
  5.49943362344177e+04  1.06194772797257e-01 -3.62938727626170e-03  1.02347902646191e-01 -1.95333696150054e-01
  5.49980644936274e+04  3.12730884485185e-03  2.36460104139017e-01 -6.89846174365618e-02  6.15058004284566e-03
  5.50017927528912e+04 -6.29347756775757e-02  6.70935711172249e-02 -2.26405441143985e-01 -7.09172099575077e-02
  5.50055210122026e+04 -7.44928257750723e-03 -7.45004847369950e-02 -1.74992746332165e-01  2.87099315227235e-02
  5.50092492712778e+04 -5.75073895615908e-02  8.20203686046428e-02  2.59491286509519e-01 -1.84029202973805e-01
  5.50129775303588e+04  2.36579880396450e-02 -4.99940257769208e-02 -3.69292068118706e-02 -1.62750435609322e-01
  5.50167057894446e+04 -1.24618825145983e-01  7.77532673239936e-02 -9.67806722087440e-02 -1.25820724454481e-01
  5.50204340485440e+04  1.63055880660778e-02 -1.17852305579209e-01  1.96837106891497e-01  1.75881560833621e-01
  5.50241623076471e+04 -1.12977092420721e-01  1.73651734063221e-01 -1.02617105453021e-01 -2.17908318228630e-01
  5.50285986111410e+04 -1.12977092420721e-01  1.73651734063221e-01 -1.02617105453021e-01 -2.17908318228630e-01
  5.50290972229562e+04 -1.47684089640543e-02 -3.96676703850448e-02 -2.42605774685412e-02 -6.93321910577701e-02
  5.50328254822777e+04 -4.87766425263519e-02  4.04591553296322e-02 -2.71210567904650e-03 -4.17699332198257e-02
  5.50365537413750e+04 -8.70981360891930e-02 -1.17402474497533e-02  2.32758484457129e-01  3.50827339420395e-01
  5.50402820006980e+04 -2.17373432888458e-02  2.59572048164447e-01  5.63689994231445e-02 -5.80020742055624e-02
  5.50440102602305e+04 -6.71002846880040e-02 -2.52861987048560e-02  4.27561524537585e-02  4.46060344307964e-02
  5.50477385197327e+04 -1.32981894807781e-01  1.20472800693744e-01  3.60118668021402e-01  2.94515060640517e-01
  5.50514667792187e+04  2.33125930897691e-02 -1.21555774344355e-01 -4.92632528262067e-01 -7.31595466718703e-02
  5.50551950389156e+04 -1.89747517975538e-01 -5.04714972307599e-02  1.49165402504618e-01  9.04570244398436e-02
  5.50589232988276e+04  1.17004026449160e-01 -1.97822597970936e-01 -3.63319801342880e-02 -1.72676600772611e-01
  5.50626515587523e+04 -1.09113259424576e+00  8.61378450393397e-01  7.53843743526194e-01  2.68801878372110e-01
  5.50663798176920e+04 -2.28145421258096e-01  1.68054666085034e-01  5.35126548837774e-02 -3.93015201994414e-01
  5.50701080766470e+04 -1.35722488465236e-01 -5.67160927116948e-02  1.06681242829277e-01 -2.96661513252137e-01
  5.50738363355950e+04 -1.21750606206781e-02 -1.01627086852486e-01 -5.06961176068950e-01 -2.85974849493895e-01
  5.50775645948959e+04  2.84351647394598e-01 -1.45185375650741e-01 -1.86373321247055e-01 -3.57352594989101e-01
  5.50812928540508e+04 -1.44582844815708e-01  5.98898836746849e-02 -6.66335639367501e-03  1.87193248307054e-01
  5.50850211138817e+04 -3.05524897981462e-02  2.67578474582723e-02  9.98321651598946e-02  8.15964037371865e-02
  5.50887493735035e+04  6.11304532252266e-02 -1.53943561573530e-01  8.70865279070505e-03  1.56254661016845e-01
  5.50924776337638e+04 -7.99352741226273e-01  3.65740612517453e-01  2.19312144924498e-01  7.17936285000493e-02
  5.50962058933032e+04 -1.67114373445783e-02  1.36712921663145e-01  9.42337231590877e-02  1.76662789744521e-01
  5.50999341528705e+04  1.53294630637540e-01 -2.40040841810606e-01  8.85350164671092e-02  6.14488748186348e-02
  5.51036624126145e+04 -7.11307668031057e-02  7.84147298718538e-02 -1.16387649409516e-01 -9.74803395104779e-02
  5.51073906731272e+04 -5.86663750560674e-01  3.07418404558441e-01  2.56960988938680e-01 -6.23073575545129e-02
  5.51111189331238e+04 -2.42767870423452e-01  1.78682096462347e-01  3.33141038767113e-02 -2.72844207530902e-02
  5.51148471931736e+04 -9.27300703623791e-02 -2.09991137236159e-02 -5.90596331180902e-02  6.40344599382661e-02
  5.51185754533532e+04 -4.20210937062842e-01  1.37360056584822e-01  2.53437199661317e-01 -8.72479395016180e-03
  5.51223037136285e+04 -7.57510379945943e-02  1.13743623237950e-01  2.68564024274322e-01 -9.97048401379563e-02
  5.51260319739028e+04  3.62732449700837e-02 -1.95626566767753e-01 -3.46419349269896e-01 -2.48693052259781e-01
  5.51297602341643e+04  1.55648461360101e+00 -8.04092873155997e-01 -7.09312216648251e-01 -6.87310347219245e-02
  5.51334884955901e+04  7.30180334984812e-01 -5.69405067790976e-01 -7.00132484215059e-01 -8.08074753366063e-02
  5.51372167579747e+04  2.66047830073398e-01 -6.22885378814472e-02 -1.81609095382594e-01 -1.35263462390590e-01
  5.51409450204432e+04 -1.84882105109912e-01  1.87899280465769e-01  2.25215298946458e-01  2.66279029565821e-01
  5.51446732828184e+04  1.43736247391217e-01 -1.46846909680034e-01  6.54497840057460e-03  1.88945078853058e-01
  5.51484015456887e+04  8.30518671245718e-02 -1.29417523438281e-01  2.25513434423302e-02  4.24182430764877e-02
  5.51521298083947e+04  1.29649750928629e-01  7.46002983548504e-02 -7.59160897108625e-02 -2.17936033140467e-01
  5.51558580714838e+04  1.15553398098010e-01  5.16080130754114e-03 -1.81268793326814e-01 -1.38840901597434e-01
  5.51595863342512e+04  3.45960901996559e-01 -2.53507638873307e-01  1.36845295633470e-01 -1.87794786755601e-01
  5.51633145972776e+04 -8.64526441419375e-02  9.12617375025383e-02 -4.45740884145783e-01  5.04439858965512e-02
  5.51670428604861e+04 -1.32923474199557e-01  8.12170991053690e-02  2.98255154840259e-02  9.19459114674086e-02
  5.51707711238310e+04 -1.16456447371247e-01  1.23208376818062e-01  1.40616145028610e-01 -1.55930198039662e-01
  5.51744993868541e+04  3.30748973988148e-01 -3.50855050736961e-01 -8.12253153118911e-02  1.83888026656308e-01
  5.51782276498889e+04 -4.33330384683763e-01  1.57429075229107e-01  3.09285550216860e-01 -1.03849366705578e-01
  5.51819559130916e+04 -7.34602902820560e-01  4.35204758170468e-01  2.98072976762955e-01  2.35913624762816e-02
  5.51856841759097e+04  7.17628336167703e-02  9.96754398417418e-02 -1.96284085321960e-01 -1.24875014534637e-02
  5.51894124385429e+04 -2.93447070149498e-01  2.04761304042107e-01  2.14626213550292e-01  2.84323853949458e-01
  5.51931407018217e+04  6.91761736270103e-02  3.13039919141089e-02  2.01934259390958e-03 -2.11667771425100e-01
  5.51968689648517e+04 -3.13091258003432e-01  9.09563096414188e-02  2.82417152068128e-01  5.39408779419277e-01
  5.52005972278437e+04 -2.58747983021989e-01  2.24114457726248e-01  8.66279544778399e-02 -4.22526189895585e-01
  5.52043254902847e+04  4.32240022384191e-01 -2.47217580527144e-01 -3.46417891726081e-01 -5.87381229917682e-01
  5.52080537529029e+04  4.42308341787616e-01 -3.71509779981350e-01 -1.50056185935012e-01  1.21314163091342e-01
  5.52117820162513e+04  7.18620606859470e-01 -5.55637889332124e-01 -5.49670133359433e-01  2.82232728499064e-01
  5.52165520841458e+04  7.18620606859470e-01 -5.55637889332124e-01 -5.49670133359433e-01  2.82232728499064e-01
  5.52173854169745e+04  2.12014822456377e-01 -1.25864998598361e-02 -1.54530433244543e-01  1.29073089208190e-01
  5.52211136802780e+04  3.27411344647414e-01 -2.40739876445036e-01  4.71919237287290e-02 -1.70391730789437e-01
  5.52248419443530e+04  3.95767092392970e-02  8.60089257813236e-02  1.83572296438098e-01  1.95033794516245e-01
  5.52285702079489e+04 -1.16062249673174e-01  3.12657408391361e-01  4.48857165596177e-01  2.14263534306795e-01
  5.52322984714722e+04 -3.72559717197888e-02  4.64074768587784e-02 -1.30432002644513e-01 -2.02006875755473e-01
  5.52360267350359e+04 -1.45247371870488e-01  6.65020224657491e-02  1.09849633331603e-01 -1.83174216419420e-01
  5.52397549987753e+04 -1.13966051424946e-01  1.67557614766698e-01 -9.84277333400232e-02  2.01646942267003e-01
  5.52434832622663e+04 -1.31388988954416e-01  3.40228482296844e-02 -4.43712557788751e-01 -2.81422325915587e-01
  5.52472115257014e+04 -8.09088866706212e-02  1.02444176044341e-01  2.33522891618111e-01  6.62919991344058e-02
  5.52509397893554e+04 -3.90643290841376e-02  5.42625591602193e-02 -1.45202898972909e-01 -2.62128789473809e-01
  5.52546680526262e+04 -8.58634471365054e-02  1.09406340258284e-01 -1.22372779877574e-01 -1.84260367222519e-01
  5.52583963156390e+04 -2.37496335248736e-01  9.86073541398231e-02  1.49215692211322e-02  4.00695677340171e-01
  5.52621245789735e+04 -4.72539531132271e-02  6.39372468375190e-02 -4.46075243334113e-02  2.07693994966663e-02
  5.52658528421239e+04 -1.53354375529314e-01  2.84725380664031e-02  4.75587335029985e-01  1.13860524437304e-01
  5.52695811051053e+04 -2.31721033472109e-01  7.59703873459893e-02 -1.57480854171417e-01 -1.72778684713592e-02
  5.52741583337636e+04 -2.31721033472109e-01  7.59703873459893e-02 -1.57480854171417e-01 -1.72778684713592e-02
  5.52742583336516e+04  4.13460643417170e-02  1.25461751292113e-01  6.67668221871977e-02  2.47146143046704e-01
  5.52779865965798e+04 -1.63568315807012e-01  1.84905752305077e-01  2.15700868703391e-01  9.47971268418147e-02
  5.52817148594397e+04 -1.18425420082409e-01  1.24771875240359e-01 -3.68092913951038e-01 -3.53351231111878e-01
  5.52854431222662e+04 -4.71633121948673e-02  1.00333376286241e-01  7.34041902165443e-02  5.14559849691877e-01
  5.52891713849791e+04  5.46357736891421e-01 -4.65836396499602e-01 -2.02729246479482e-01 -2.01626030983147e-01
  5.52928996473809e+04  7.13111983718812e-03  6.05489149460918e-02 -2.87880229501577e-01 -2.06630637145204e-01
  5.52966279100417e+04 -1.67428402601956e+00  1.00271034324347e+00  6.18206471287283e-01  4.18913741667239e-02
  5.53003561721227e+04  4.98858258141428e-01 -6.00571747921595e-01  4.29455798371670e-01 -1.49945117842042e-01
  5.53040844337487e+04  4.76548697779008e-01 -4.72803000299069e-01 -1.52208368945660e-01  1.99837914443975e-01
  5.53078126955326e+04  1.82224065146704e-01 -3.64137277717284e-02  7.76288323172934e-02 -7.54091559783154e-02
  5.53115409570371e+04  1.06960061631957e-01 -2.63709069673933e-01 -4.63355373517874e-01 -1.76065996115473e-01
  5.53152692188136e+04 -1.05563405641801e+00  7.36697089305810e-01  4.88037209322383e-01  1.85713290671086e-01
  5.53189974796643e+04 -4.15624061484619e-01  2.94193183098509e-01  5.09969479944850e-01  1.24009781885210e-01
  5.53227257401909e+04  9.54442673834366e-02 -6.86329695856831e-02 -4.04269725210966e-01  1.78615692076674e-01
  5.53296666673832e+04  9.54442673834366e-02 -6.86329695856831e-02 -4.04269725210966e-01  1.78615692076674e-01
  5.53303541667384e+04 -2.85795551364960e-01  2.92117375072798e-01  7.82428138960411e-02 -8.22911112544365e-02
  5.53340824270844e+04 -3.70382632935964e-01  1.74408725104529e-01  3.39713480835856e-01 -6.07782539905890e-02
  5.53378106864109e+04 -1.75645413587555e-01  2.55784023234939e-01  2.05565087457312e-01  4.51886672571182e-02
  5.53415389454630e+04  5.07851752247459e-01 -2.74515899772548e-01 -1.80785723003166e-01 -8.58291128743431e-03
  5.53452672048843e+04 -5.89201873492183e-01  2.51942651304898e-01  3.91421961945871e-01  1.85089693077703e-01
  5.53490416671389e+04 -5.89201873492183e-01  2.51942651304898e-01  3.91421961945871e-01  1.85089693077703e-01
  5.53505625001794e+04 -7.96661279573798e-01  6.34541632646089e-01  2.57104489234229e-01 -9.71862491440777e-02
  5.53543750006228e+04 -7.96661279573798e-01  6.34541632646089e-01  2.57104489234229e-01 -9.71862491440777e-02
  5.53557500005092e+04 -1.34284531385508e-01 -6.65837528417742e-03  3.41085126259289e-01  1.75859853847612e-01
  5.53594782584873e+04 -3.87628632681064e-02 -3.11852087917800e-02  5.32964761199327e-01  2.06183439328860e-01
  5.53632065162419e+04  2.29295687556343e-01 -1.29588068951234e-01 -2.99808729912008e-02  2.55695506962148e-01
  5.53669347743219e+04 -9.77792988357674e-01  4.39067123393575e-01  3.97163623017479e-01 -1.70724771890392e-01
  5.53706630308182e+04 -5.93059700434183e-02 -1.58387840125439e-01 -4.85182270628787e-01 -1.70213311768902e-01
  5.53743912874547e+04 -1.37828306402924e-01  5.01460257346651e-03 -1.47886374006168e-01 -1.52809555482708e-01
  5.53781195438597e+04 -1.79971592771351e-01  8.84930619968850e-02 -7.32595278593309e-02 -4.58437639984842e-02
  5.53818478005637e+04 -2.00393064274999e-01  1.39722752614662e-01 -1.35364052286478e-01  2.88068172005124e-02
  5.53855760570277e+04 -7.19365956860197e-02  1.49143503290695e-01  3.29137733315612e-01  8.10434921858857e-02
  5.53893043136504e+04 -5.27459339890123e-02  2.00459088501542e-01  1.50951780793508e-01  3.68485484656565e-02
  5.53930325701100e+04 -9.62973946228409e-03 -1.29474992378058e-01  1.40630394109240e-01  9.77175481491338e-02
  5.53967608272834e+04  1.14720100832813e-01 -1.83846256591037e-01  1.60181806010808e-01  7.12724132409464e-02
  5.54004890837303e+04 -7.78679708094922e-02 -3.60997515814161e-02 -1.37633844429837e-01 -1.55730818179522e-01
  5.54042173407055e+04 -2.74467107153123e-02  1.38097999503284e-02 -2.40598338671178e-02 -3.56477503095468e-02
  5.54116738545463e+04 -2.74467107153123e-02  1.38097999503284e-02 -2.40598338671178e-02 -3.56477503095468e-02
