  5.21309998712442e+04  1.26419503516724e-01  7.93048874957786e-01  2.14002129269114e-02 -2.34056119147503e-01
  5.21347281046878e+04  6.75775990270340e-02  6.49939412352179e-01  9.34581065001887e-03  2.73917442249801e-01
  5.21384563382441e+04  2.92221547244074e-01  6.66705321130574e-01  2.92988104322688e-01  2.19449677539040e-01
  5.21421845719525e+04 -9.72650807373930e-02  6.41347157714657e-01 -4.73714601756186e-01  9.49506829195760e-02
  5.21459128054655e+04  1.19432074646817e-01  2.31663785379128e-01 -1.09425632382495e-01  2.28412032887029e-01
  5.21496410384886e+04  1.19432074646817e-01  2.31663785379128e-01 -1.09425632382495e-01  2.28412032887029e-01
  5.21533692710499e+04  2.29660857650649e-01  1.63669129844110e-01 -1.93535763841706e-01  1.10425159084505e-01
  5.21570975034480e+04  2.94007601862849e-01  2.00818587542902e-01 -2.55474114589012e-01 -1.88172225481469e-01
  5.21608257388101e+04 -1.59155262560877e-01  5.11984079614909e-01  6.89207564210178e-01  7.08728643855900e-01
  5.21666250005311e+04 -1.59155262560877e-01  5.11984079614909e-01  6.89207564210178e-01  7.08728643855900e-01
  5.21673750004977e+04  1.57159319855882e-01  6.22416038223862e-01 -6.35195393596532e-01 -3.97754014768545e-01
  5.21711032361123e+04  3.14380870189416e-01  2.01389500853614e-01  5.36387795923474e-01  4.82638982990911e-01
  5.21748314705902e+04  3.14380870189416e-01  2.01389500853614e-01  5.36387795923474e-01  4.82638982990911e-01
  5.21785597052801e+04  3.83952072701679e-01 -9.98711210158888e-02  2.71906467996572e-01  3.74144455275311e-01
  5.21822879417800e+04  1.47668614156514e-01  4.19725780581107e-01 -3.05265690643496e-01  8.86618655753427e-02
  5.21860161770762e+04 -9.29364137641877e-02  1.94616851993125e-01 -2.01569180402475e-01 -4.58681508020482e-03
  5.21897444126146e+04  2.24461668073495e-01  3.99093623934424e-03  6.40309019565098e-01  5.55939816372302e-01
  5.21934726508287e+04  1.58799317260910e-01  3.33342765445331e-02 -2.67309180703225e-01 -1.17226463956282e-01
  5.21972008871654e+04  4.24116142931136e-02  1.62626904183780e-01  3.24938134921639e-01  2.50717297753704e-01
  5.22009291248667e+04 -1.65700086070384e-01  2.52168040052028e-01 -4.14094470218233e-01 -7.82870675954211e-02
  5.22046573620418e+04  5.27896510701452e-02  2.23507207646029e-03 -3.43342282759525e-02  2.87159392790504e-01
  5.22083856009492e+04  6.16394583937118e-05  6.08113063314580e-02 -4.33468197964308e-01 -2.55533272347153e-01
  5.22121138397650e+04 -1.49593171221467e-01 -6.97774284630757e-02 -1.28066954304174e-01  2.12539625933350e-01
  5.22186875000291e+04 -1.49593171221467e-01 -6.97774284630757e-02 -1.28066954304174e-01  2.12539625933350e-01
  5.22200000003866e+04 -1.49593171221467e-01 -6.97774284630757e-02 -1.28066954304174e-01  2.12539625933350e-01
  5.22237282384665e+04 -1.04424064664071e-01 -4.54067508082479e-02 -1.43672437747635e-01 -8.58711368235731e-03
  5.22274564790914e+04  1.99885835419378e-01 -7.38317155295238e-02 -2.19313163133716e-01  8.40348091076379e-02
  5.22311847183681e+04  2.10649942518476e-02  2.00394453123066e-01 -9.65850685491490e-02  7.95625949855251e-02
  5.22349129592338e+04  2.10649942518476e-02  2.00394453123066e-01 -9.65850685491490e-02  7.95625949855251e-02
  5.22386411994585e+04  2.40298688204761e-01  2.69752441574268e-01  5.62868723751342e-01  5.52802714242894e-01
  5.22423694396595e+04  8.25883235320108e-02  1.76105528244793e-02 -2.03544425536884e-01 -7.07046433064383e-02
  5.22460976815904e+04 -2.63733220661489e-01  1.40429995995340e-01 -1.09424687173785e-01 -2.98900501912624e-02
  5.22498259227721e+04 -2.54047842096442e-02  3.14379689281031e-01 -3.66008295333245e-01 -8.36294198198761e-02
  5.22535541654237e+04  1.92269811605042e-01 -3.47157833005553e-01 -1.40335168883066e-01 -1.18445351538625e-01
  5.22572824069863e+04  1.29660844536985e-02  1.07669689934413e-01 -1.05181096175038e-01 -3.66061062324938e-02
  5.22610106485685e+04 -1.51388035412946e-01  2.19747103162009e-01 -2.37290871226266e-01 -9.68815150897561e-02
  5.22647388921238e+04 -3.55508212096675e-02 -2.63630292532499e-01 -6.09351435007816e-02 -4.42571202799832e-02
  5.22684671344480e+04  2.97425112330516e-02  1.53471628267683e-01 -1.99866316705078e-01 -1.09054724035061e-02
  5.22721953767513e+04  9.45221272669271e-03 -1.21354525820714e-01 -3.02287477334338e-01 -1.31502948047783e-01
  5.22759236210716e+04 -1.86467916723173e-01  5.21593502858051e-02  3.01532893214995e-01  3.98216594067539e-01
  5.22796518640708e+04  7.97576051044088e-02  1.13071127307965e-01 -4.19705017861227e-01 -3.66791054852884e-01
  5.22833801074191e+04  3.56455342243691e-02  2.34622891876424e-01 -4.10687874762442e-01 -1.49974123831016e-01
  5.22906250006377e+04  3.56455342243691e-02  2.34622891876424e-01 -4.10687874762442e-01 -1.49974123831016e-01
  5.22909791668705e+04 -2.75904711077604e-01  5.38117707128238e-01 -5.54903179570993e-01 -3.45605295279227e-01
  5.22947074099965e+04  1.58316763639036e-01  6.98519493832929e-02 -1.52059735441082e-01  1.09199606150940e-01
  5.22984356532778e+04 -9.85148403958247e-02  6.98824489266723e-01  1.47164724708688e-01  7.91755112541136e-02
  5.23021638964097e+04  4.22143830265908e-03 -1.82653018894046e-01  4.28374175812802e-02  1.85057606884107e-01
  5.23058921412292e+04  2.32519500638647e-01  1.10659355603259e-01 -2.81315968231117e-01  4.44074014289387e-02
  5.23096203838263e+04  9.45970783322885e-02  1.51038740938267e-01 -3.32714789905649e-01 -1.36770132345256e-01
  5.23133486272152e+04  1.65061286239805e-01 -3.42432372770684e-01 -3.03778596720793e-01 -1.21022938385010e-01
  5.23170768706330e+04 -1.90126802554882e-01  4.37987045355389e-02 -3.08371264763933e-01 -8.05991465294710e-02
  5.23208051139422e+04 -7.00276090034341e-03 -1.85345008438458e-01 -1.93510104983904e-01 -9.98440645768224e-02
  5.23245333573670e+04  5.01137989165594e-02  1.26003820606623e-01  1.68246761256803e-02  2.04241230623522e-01
  5.23310833333993e+04  5.01137989165594e-02  1.26003820606623e-01  1.68246761256803e-02  2.04241230623522e-01
  5.23314319452801e+04  5.01137989165594e-02  1.26003820606623e-01  1.68246761256803e-02  2.04241230623522e-01
  5.23351601865557e+04 -4.12789993175523e-03 -1.12146701179983e-01 -5.99359152767034e-01 -3.20989074825271e-01
  5.23388884279237e+04 -1.76945429948809e-02 -4.02793758573059e-02 -5.37672974395836e-02 -5.54959476199778e-03
  5.23426166692837e+04  1.63315473232631e-02  2.75002848184936e-02  8.27127871595856e-02  3.24477378972508e-01
  5.23463454437963e+04 -1.41861628898630e-01  5.95821184134916e-02  1.07187742383907e-01  7.90372415045289e-02
  5.23500736851830e+04  7.07516256101811e-02 -1.61574034737371e-01  8.21538891290789e-02  3.09709962866245e-02
  5.23538019251796e+04 -4.78417951937989e-02 -1.63122621195556e-01 -4.59807781598942e-01 -2.84149876540039e-01
  5.23575301658831e+04 -9.26384449401270e-02  1.91238313957918e-01 -2.49752069709138e-01 -7.44332165957847e-02
  5.23612584067327e+04  4.64178584537642e-03  5.96082905871067e-02 -7.64626417418217e-02  1.08325852792984e-01
  5.23649866475621e+04  1.23093423421321e-02  6.27018321284885e-02  1.09339164503548e-01  4.42763071341992e-02
  5.23687148867256e+04 -2.39221772502514e-01 -2.61018535474167e-01  7.54938614468140e-02  8.30175453582863e-02
  5.23724431268555e+04  8.30935895750072e-02  6.78491369857692e-02 -2.59403504646847e-01 -8.29697119407222e-02
  5.23761713670463e+04 -3.62035554479822e-02  2.04371534758221e-02 -5.12884802290757e-01 -3.77813700263401e-01
  5.23798996071354e+04 -1.36218669516706e-01  1.36267769449623e-02  2.84833309117001e-02 -1.96885710681655e-02
  5.23836278454978e+04 -1.00367308864497e-01 -2.94972933240411e-01 -4.24578987989235e-01 -1.34245570311138e-01
  5.23873560850139e+04  1.37164331895764e-01  2.57583892435348e-01  1.20943234852764e-01  1.70989560297565e-01
  5.23910843245219e+04 -3.16795719090557e-02 -1.49099060281350e-02  4.53252446356139e-02  1.25894590469495e-01
  5.23948125638634e+04  3.85252441540747e-02 -1.86093545858671e-01  1.70073793662221e-01  2.52490733445856e-01
  5.23985408019004e+04 -1.22475922048358e-02  2.23738869962298e-01  1.07847389096639e-01  1.45271731575503e-02
  5.24025833334432e+04 -1.22475922048358e-02  2.23738869962298e-01  1.07847389096639e-01  1.45271731575503e-02
  5.24030000000625e+04 -1.32018119737273e-02 -2.10033082517103e-01  1.56336924430441e-02  3.63981492292267e-02
  5.24067282394317e+04 -2.49915533103709e-01  2.89478077085647e-01 -1.69833635742033e-01  2.30132883748097e-02
  5.24104564765857e+04 -9.94587978742942e-02 -7.50320483233763e-02 -8.41493513487038e-01 -6.90915488537962e-01
  5.24141847149456e+04  9.88539391953483e-02 -2.90098287641845e-01 -6.62303034690902e-01 -3.68295148963318e-01
  5.24179129531945e+04 -1.73863763083961e-01  8.05025047831907e-03  2.24082004567491e-02 -7.14388418263317e-02
  5.24216411914606e+04 -1.29301471212393e-01  3.37431339729445e-01  2.00751546534684e-02  2.42696290555650e-02
  5.24253694287349e+04 -2.96793518211767e-01  1.31658344998360e-01 -3.93802314543132e-01 -2.41593811689696e-01
  5.24290976669918e+04 -1.68380640160312e-01 -2.73079804902847e-01 -2.22827880452767e-02  1.12711843375856e-01
  5.24328259041668e+04 -1.20314810573995e-01 -5.09338082696201e-02  3.25020478220238e-01  2.89143342039050e-01
  5.24365541420325e+04  1.66794380066034e-01 -3.19942924872069e-02  3.32262356612862e-02  1.27448088381037e-01
  5.24402823800278e+04 -8.13365414600807e-02  1.98225484510253e-03 -2.77614023895371e-01 -1.37704074251213e-01
  5.24440106186989e+04  1.86315938399217e-02  1.74694915233123e-01  3.97158834048123e-01  4.41874856242629e-01
  5.24477388564212e+04  6.42738532592346e-02 -6.98415993595063e-02 -5.72881342446816e-01 -4.12304649101077e-01
  5.24514670942081e+04  4.61938839245286e-03 -1.37555003178455e-01 -5.26371985049687e-01 -3.95931908274725e-01
  5.24551953321051e+04 -2.20504667002918e-01 -5.09324860015668e-02 -3.42602710457981e-01 -2.35252352145397e-01
  5.24589235701482e+04  1.75869633413624e-02 -2.85061200593088e-01 -6.41798566636727e-01 -3.29967348713110e-01
  5.24626518080290e+04 -3.54049016790822e-02  4.04863230408680e-02 -1.43325837624086e-01 -7.49436299433341e-02
  5.24663800463357e+04 -8.55229113234059e-02  3.11566368858628e-01  7.46208007409375e-02  2.24902858084272e-01
  5.24701082845033e+04  9.10987050011054e-02 -1.09428446144255e-01  8.76344518281452e-03  1.03679710768942e-01
  5.24738365227226e+04  5.47307134833892e-02 -2.79886164816003e-01 -3.85236092413804e-01 -2.06686244693407e-01
  5.24775647610486e+04 -1.12957865787586e-01 -9.57070029872679e-02 -8.97469738321686e-02 -1.48497375719951e-01
  5.24812929993751e+04 -1.10787498306808e-01  4.43650536160438e-01 -3.04526560528346e-01 -1.54811167106708e-01
  5.24856222230941e+04 -1.10787498306808e-01  4.43650536160438e-01 -3.04526560528346e-01 -1.54811167106708e-01
  5.24860416675244e+04 -4.26418386840768e-01  1.15012584871681e-01 -2.02918842762321e-01 -2.03429511184268e-01
  5.24897699064444e+04 -4.22959703891959e-02 -5.34638979448746e-02 -7.15750030777669e-01 -3.22828902861105e-01
  5.24934981452383e+04  3.47109523601842e-03  5.75272512178971e-02 -1.23640602061473e-01  1.56387809043991e-01
  5.24972263845592e+04  2.55633815715854e-01 -3.89053830720325e-02  1.41626877790566e-01  1.96008916763714e-01
  5.25009546240938e+04 -7.48392939414437e-02 -9.78639902826635e-03 -8.99829067547610e-01 -5.57692298921744e-01
  5.25046828637420e+04 -2.43138843116892e-01 -2.65139627613713e-01 -2.70624920145276e-01 -1.43206775414047e-01
  5.25084111030511e+04  1.54278062606481e-02  1.80506892759379e-01 -3.88822668934526e-01 -1.76057802463540e-02
  5.25121393429733e+04  1.43463492230138e-01 -3.69171269389657e-01 -1.09221658646695e-01  2.71955884271476e-02
  5.25158675834341e+04  2.95055574493340e-02 -1.64318922116336e-02 -4.55209700428488e-01 -1.19217826574753e-01
  5.25195958241482e+04  1.76626397075274e-02 -4.99792280384148e-02 -1.17976918196332e-01 -2.66101921658565e-02
  5.25233240649617e+04  1.22986425533126e-01  1.87488313467500e-01 -2.75434499335931e-01 -1.76252494160237e-01
  5.25270523062860e+04  4.57695887646365e-02  1.13363022922458e-01  5.26761441201472e-01  4.77276977543628e-01
  5.25307805478415e+04 -2.55963589688955e-01 -1.01367180890762e-01 -1.53077254166965e-01 -6.88170956684693e-02
  5.25345087894956e+04  2.08950880946521e-01  8.59558088252451e-02 -4.18423993373981e-01 -2.11683163462955e-01
  5.25382370321655e+04 -4.03370740056684e-01 -5.08107687294751e-02 -5.42337332093909e-01 -4.38177017669060e-01
  5.25419652742176e+04  2.30474871241737e-01 -1.57472761900026e-03 -7.48445543155484e-01 -2.76367571858204e-01
  5.25456935170960e+04  2.58042948826451e-01 -3.36874884116683e-01 -2.28007603923856e-01 -2.72664267489164e-01
  5.25494217600163e+04 -8.35303086819564e-02  9.33003291828987e-02 -9.70465039087718e-01 -4.07587970401057e-01
  5.25531500037061e+04  5.24653415150198e-02 -8.19395097036765e-02 -4.43038485458320e-01 -3.78571557352619e-01
  5.25568782474317e+04 -3.06901125451812e-01 -9.71415233656430e-02  1.92073823558072e-01  1.62611966099090e-01
  5.25606064916724e+04  3.40093150268238e-02 -1.34210349679320e-01 -2.59426859948150e-01 -7.43609588815745e-02
  5.25643347360701e+04  8.66805821422478e-02  1.41053484269143e-01 -1.57926875271402e-01 -1.02816024256605e-01
  5.25680629809515e+04 -2.32365852595690e-01 -1.29150650976490e-01 -4.76190754330499e-01 -2.29543038897971e-01
  5.25717912263321e+04  8.56101634599071e-02 -1.57499927678711e-01 -3.92195498734056e-01 -3.78387215652640e-01
  5.25755194716573e+04  6.16960590142717e-03 -2.23844424045922e-01  1.12004456372036e-01  4.29399814780394e-01
  5.25792477174966e+04 -2.69395071104441e-03 -1.08790096945949e-01 -4.52717868487018e-01 -3.33278348441497e-01
  5.25837534723345e+04 -2.69395071104441e-03 -1.08790096945949e-01 -4.52717868487018e-01 -3.33278348441497e-01
  5.25841701397489e+04 -2.69395071104441e-03 -1.08790096945949e-01 -4.52717868487018e-01 -3.33278348441497e-01
  5.25878983861064e+04  1.39334447534676e-01  4.17983619726964e-02 -6.99377433861707e-02 -2.46131530033258e-02
  5.25916266333611e+04  4.19275094468675e-02  9.64705842458343e-02 -7.44788174494118e-02  8.25108159743458e-02
  5.25953548807548e+04 -2.89892341229803e-01  5.52819618940151e-03 -3.35984591081984e-01 -2.08907860604079e-01
  5.25990831280567e+04  5.62564945322768e-02  8.12351926292141e-02 -8.83147444490628e-01 -5.18915247775301e-01
  5.26028113759826e+04  1.78617586701850e-01 -1.75352481389996e-01 -3.19335384732213e-01 -3.15617486297594e-02
  5.26065396240590e+04  1.09211489434746e-01 -2.38250217124803e-01 -9.74497648758502e-02 -2.16530745002807e-02
  5.26102678727603e+04  2.26755360173730e-01  4.80421511228174e-02  3.05359820586846e-01  3.08323436273017e-01
  5.26139961216850e+04  9.63487020798559e-02 -7.81047399819895e-02 -2.49447318978416e-01 -1.33334959876124e-01
  5.26177243702362e+04 -4.58484244486196e-01  3.04258342881046e-02 -8.09174919804905e-01 -5.56765702073678e-01
  5.26214526189282e+04  2.06683909388146e-01 -2.19349528375470e-02  3.94738018060498e-01  4.12581416818563e-01
  5.26251808682280e+04 -1.85406553663339e-01  6.40741673929849e-02 -7.79032150921192e-01 -6.04194390275066e-01
  5.26289091173854e+04 -1.17152559399092e-01  3.92785927446124e-01 -2.45086897041457e-01 -9.37928790778792e-02
  5.26326373670115e+04  1.18924486552033e-01 -2.55096157710982e-01  5.95199639494980e-02  1.11497257815917e-02
  5.26363656168773e+04 -1.85873033851614e-01  1.32417975303531e-02 -2.48051711975747e-01 -1.60747911696728e-01
  5.26400938668259e+04  5.02705412003292e-02 -2.92330806505838e-01  7.73973843958377e-02  2.08570407950967e-01
  5.26438221163124e+04 -5.83104553618658e-02  3.42201128983239e-02 -2.95013883613811e-01 -2.71677642326696e-01
  5.26475503659920e+04  2.17814487399559e-02 -2.65049578899643e-01 -3.34260882827158e-01 -1.59994674514519e-01
  5.26512786158798e+04  1.04815065167128e-01  1.75359386798494e-01 -4.33243579858904e-02  6.49345502981259e-02
  5.26550068659445e+04 -2.32265909263283e-01  5.40591383455794e-02 -3.15658147516954e-02  3.79090867097363e-02
  5.26587351156539e+04  7.49759910052271e-03 -1.10410926229705e-01  1.44656634358474e-01  2.51559023718445e-01
  5.26624633655925e+04  2.12830750607716e-01 -9.52120266093716e-02 -8.02741944625036e-01 -7.05945401224786e-01
  5.26661916156413e+04  2.06359133895024e-02 -7.67916977250395e-02  5.50000856323946e-01  5.30369731458624e-01
  5.26699198654307e+04  2.44602201352737e-01 -1.87438153098827e-02  2.59913239228701e-01  2.04007517485615e-01
  5.26736481151680e+04  1.07414950111844e-03 -1.25737549418357e-01 -1.62094350810106e-01 -3.17788588007768e-02
  5.26773763648982e+04 -1.56840496730126e-01  2.39925294753079e-02 -2.92756064565079e-01 -1.70720770807327e-01
  5.26811046147626e+04 -3.15769913693006e-02  1.27573431558950e-01 -2.57925378320721e-01  3.67903826811396e-02
  5.26848328644617e+04 -1.53560929991498e-01  2.68669513499694e-01  3.61236358250553e-01  2.77824034314758e-01
  5.26885611139423e+04  1.77626683518702e-01  1.12480055753413e-01 -3.69849895243942e-01 -2.88820367333408e-01
  5.26922893634259e+04 -3.67661189450406e-02 -3.28604626225761e-01  1.68913816552230e-01  3.10792508574161e-01
  5.26960176121805e+04 -1.97738123995919e-01  3.66307231706305e-01 -4.75227768867479e-01 -3.98991366358564e-01
  5.26997458612754e+04  5.45236651123062e-02 -7.38521077851156e-03  8.64112480594491e-02  3.06505809417491e-01
  5.27034741103102e+04  4.04174630058111e-03 -2.69883146340356e-02 -1.49126052944609e-01 -1.90117278481209e-01
  5.27105243062604e+04  4.04174630058111e-03 -2.69883146340356e-02 -1.49126052944609e-01 -1.90117278481209e-01
  5.27109687506251e+04 -2.94779905382732e-01 -3.84471938105012e-01 -1.56247559784115e-01  1.17255245708473e-01
  5.27146969988937e+04  6.21451872874334e-02  6.07614378418093e-02 -2.63879907558052e-01 -4.33890754841056e-01
  5.27184252469372e+04  3.18949363279628e-03 -2.88346210122442e-02 -1.53766486181895e-02  1.19210111890800e-01
  5.27221534948681e+04 -2.29015993342022e-01 -4.45795731186153e-02 -1.23182776782692e-01  1.95405628662159e-02
  5.27258817421399e+04 -1.44144956096064e-01 -1.37036349472443e-01 -2.14834483934670e-01  4.15816773376851e-03
  5.27296099896597e+04  8.82545945427568e-02  9.62834631888628e-03 -1.83690451659426e-01 -2.81346977167810e-01
  5.27333382370183e+04 -2.97435535713865e-01  5.57242365942085e-02 -6.01515629088580e-02 -4.47551731940112e-02
  5.27370664842964e+04 -1.72438397967038e-01 -1.15579038950953e-01 -7.27279460155308e-02 -1.92074612989327e-01
  5.27407947308785e+04 -2.09223518696473e-01  2.27272828174371e-02 -1.73771825469785e-01  2.18931227510884e-02
  5.27445229778971e+04  9.80162685786935e-02 -1.03643137452140e-01  5.20095806236296e-01  4.26126181687486e-01
  5.27482512241632e+04 -1.24380043608885e-01  2.29934714778597e-01  5.70559998902875e-01  4.15466609742361e-01
  5.27519794701100e+04 -7.62755951229819e-02 -1.44177258096471e-01 -3.96217803797683e-01 -3.21345954321548e-01
  5.27557077160625e+04 -1.15185325740967e-02  3.36590258936296e-02 -2.98324442040521e-01 -2.73329149472896e-01
  5.27594359619791e+04 -1.57312876711266e-01  1.10163204976041e-01  2.51789425160338e-02 -2.28189690546403e-02
  5.27631642074339e+04 -4.80048356814775e-02  2.19238081003093e-01  1.52982127620085e-01 -5.10623877751629e-03
  5.27668924532698e+04 -1.57427354072110e-01 -2.13785046346309e-01 -4.79627042766414e-01 -2.91071743389482e-01
  5.27706206984282e+04  6.31739284204913e-02  1.21799305412985e-01  3.07350305995892e-01  3.44750451604786e-01
  5.27743489435764e+04 -1.52083091980851e-02 -4.48353687180385e-02 -1.60516558270423e-01 -3.98339634797401e-02
  5.27780771884849e+04  1.46059781798303e-01 -3.72635292496420e-01 -4.10548721069653e-01 -1.82733478646361e-01
  5.27842805563626e+04  1.46059781798303e-01 -3.72635292496420e-01 -4.10548721069653e-01 -1.82733478646361e-01
  5.27844027786088e+04  1.57975410323316e-01 -2.60475301150746e-01  2.77795456668701e-01  1.49862353072407e-01
  5.27881310232478e+04 -2.03102416523603e-03 -1.17883719858768e-03 -8.24147251060409e-01 -4.22327056805519e-01
  5.27918592680822e+04  3.15672603214191e-02  1.62395154166694e-01  4.85594691499082e-02  2.43691938810771e-01
  5.27955875126842e+04  9.44399100131771e-02  1.58292754611121e-01 -1.93681723980034e-01 -3.17574309883253e-01
  5.27993157572732e+04 -1.88251636652042e-01  1.55459647251177e-01 -1.98613289409322e-02  3.28875010385090e-02
  5.28030440014165e+04  2.07254276388007e-01 -2.44528334362047e-01 -1.66727237691751e-01 -1.21978988467208e-01
  5.28067722459874e+04 -1.24629624152535e-01  7.46612822987056e-02 -9.72135946193281e-02 -1.14766654951373e-01
  5.28105004902533e+04 -4.72922977274929e-02  1.87927660228144e-02 -8.80871932843743e-01 -5.50589087917237e-01
  5.28142287348231e+04  1.33083380311858e-01 -1.78491040565002e-01  7.36161303509566e-02 -2.54883618100265e-02
  5.28179569794535e+04  2.37962206086182e-01  1.51960678432923e-01  3.47310951795189e-01  2.52628653226084e-01
  5.28216852238264e+04 -1.93375319737752e-01 -1.90965651236654e-01 -7.74578597545383e-02  2.09947674802395e-01
  5.28254134681968e+04 -1.31182685318389e-01 -9.34088466844827e-03  2.07268981048164e-01  2.91002795552453e-01
  5.28291417126077e+04 -3.78523634078792e-01 -3.30776559251079e-01 -2.07839668093405e-01 -3.12700013871050e-01
  5.28328699572778e+04  1.35434157318350e-01 -8.51298371760620e-02 -1.60794423557825e-01 -9.03744032778251e-02
  5.28365982017326e+04  2.67664555069159e-01 -1.30900611033413e-01 -3.13495814777199e-01 -1.97362656006630e-01
  5.28403264464155e+04  2.65546384016816e-01 -1.10369955111625e-01  5.03091305776382e-02  7.83064126784985e-02
  5.28440546913483e+04 -1.84111335965625e-01 -8.08172510228188e-02  7.62769313003148e-05  1.11466419342111e-02
  5.28477829362940e+04  1.11337340809945e-01 -1.98222400682495e-02 -1.19245565380755e-01 -1.13023023928122e-01
  5.28515111814664e+04 -4.27847495013350e-02 -2.67650071615739e-01 -1.04841764883978e-01 -7.47221333690000e-02
  5.28552394266678e+04 -3.60434019600593e-01  4.57235750988261e-02  1.12924364102148e-01  9.93054241456938e-02
  5.28616458338831e+04 -3.60434019600593e-01  4.57235750988261e-02  1.12924364102148e-01  9.93054241456938e-02
  5.28640500002661e+04 -3.60434019600593e-01  4.57235750988261e-02  1.12924364102148e-01  9.93054241456938e-02
  5.28677782463252e+04 -1.37338011121049e-01  1.71137165471176e-02 -4.84796564663765e-01 -2.66462081576237e-01
  5.28715064921828e+04 -2.10745800164968e-01  3.51345755339586e-02 -1.15198822587585e-01  2.84089681068427e-02
  5.28752347380728e+04 -3.34228136617334e-01  2.31537866622837e-02  1.71066207437008e-01  1.09550940418864e-01
  5.28789629845798e+04  1.02706941555551e-01 -5.53655615160859e-02 -5.37047982042049e-01 -3.77107805616774e-01
  5.28826912314675e+04 -1.59368631971464e-03 -2.48585471606033e-01 -4.93652738832395e-01 -3.27437417297347e-01
  5.28864194783946e+04 -2.07355323904492e-01  2.90322730689220e-01  3.28205868968148e-01  2.93509357299866e-01
  5.28901477258496e+04 -9.38817549837770e-02 -1.44320325163831e-01 -4.68929596007152e-01 -2.64727812271085e-01
  5.28938759731133e+04  2.24908285262866e-01 -2.20637029717567e-01 -1.33154527929373e-01  3.80820748943312e-02
  5.28976042206586e+04 -1.59242367219492e-01 -1.15164506995913e-02  5.70018220166583e-01  5.59014593054134e-01
  5.29013324691480e+04 -1.14108278236041e-02 -1.10899783289468e-01 -5.55345105055762e-01 -2.29398784880523e-01
  5.29050607172223e+04  1.39546185014605e-02  5.47447847570965e-02 -1.59572907016402e-02 -5.54858322369635e-03
  5.29087889662813e+04 -4.59920541961701e-02  6.23377509328422e-02 -9.27729891269697e-02  7.49262802154370e-02
  5.29125172149849e+04 -2.59784022519777e-01 -7.75467973217857e-02 -7.16747995390247e-02  4.45285117718872e-02
  5.29162454641355e+04  1.26302123910552e-01  2.19689311608549e-01 -4.49231070358727e-01 -1.59823775371082e-01
  5.29199737135832e+04  1.29561810130290e-01 -1.20734344030825e-01  5.42805771552090e-01  4.84777498191782e-01
  5.29237019635197e+04 -1.15658755531200e-01 -3.53760982509693e-02 -1.18778159271932e-01  4.67694989333720e-02
  5.29274302138241e+04  2.54891540835173e-02 -1.57974827126810e-02  9.89906224885611e-02  1.80968092059159e-01
  5.29311584640753e+04 -1.15585118858707e-01 -2.16792465410561e-01 -8.67027216905308e-02  2.64744106894362e-02
  5.29348867147976e+04  2.20815532078500e-01  8.51565683728560e-03 -6.00452187563270e-01 -2.64333444575505e-01
  5.29409479171836e+04  2.20815532078500e-01  8.51565683728560e-03 -6.00452187563270e-01 -2.64333444575505e-01
  5.29411805560647e+04  2.20815532078500e-01  8.51565683728560e-03 -6.00452187563270e-01 -2.64333444575505e-01
  5.29449088066563e+04  3.46855464462106e-02 -5.50202207047818e-02 -5.09644316264293e-01 -2.35712368014540e-01
  5.29486370585787e+04  9.21239130478504e-02 -1.74420679358358e-01 -3.30235167479847e-01 -1.22803154764133e-01
  5.29555659730705e+04  9.21239130478504e-02 -1.74420679358358e-01 -3.30235167479847e-01 -1.22803154764133e-01
  5.29560000001954e+04 -2.36584968042105e-03  2.78177896891745e-01 -2.28085097306219e-01 -1.48816293028394e-01
  5.29597282524491e+04 -1.31144143826744e-01 -1.85978863510992e-01 -3.71210166580683e-01 -2.13940305247466e-01
  5.29634565048934e+04  8.97517933559314e-02  9.01632883890586e-02 -3.07608034342723e-02  8.99988102112596e-02
  5.29671847584781e+04  2.07980014721909e-01 -2.63989654809798e-01 -4.80684421694675e-01 -2.55748366509993e-01
  5.29709130114583e+04 -8.27057009729501e-03 -2.21081151227869e-01 -6.16693245156144e-01 -3.53185912278408e-01
  5.29746412646610e+04 -1.19254485809155e-01 -2.68226206603502e-01  3.47925126793200e-01  3.39419439309950e-01
  5.29783695185116e+04 -2.06241671038144e-02  7.30510467097033e-03  4.78670905115462e-03  9.88264672469268e-02
  5.29820977723612e+04 -1.60965358161945e-01 -2.47969368599043e-01 -2.13159210792920e-01 -1.81473768072147e-01
  5.29858260261875e+04  2.67059496357508e-01  2.84033446457589e-02 -5.03132857832614e-01 -2.67367784278666e-01
  5.29895542800278e+04  8.89549622739449e-03  8.38894423048050e-02 -4.24176648418780e-01 -1.88682014380070e-01
  5.29932825340949e+04 -9.07578438168973e-02  1.04767341428680e-01  2.23106758970706e-01  3.48316216682373e-01
  5.29970107881642e+04 -2.71574957324064e-01 -1.53907140985391e-01  2.44014471589397e-01  2.34323042998203e-01
  5.30007390422385e+04 -5.81653585390535e-02 -9.21567550575085e-02 -2.45076083159175e-01 -8.76839596865008e-02
  5.30044672972860e+04  2.49443807770261e-01  1.20623523878756e-01 -1.21167904818589e-01 -1.37872305046552e-02
  5.30081955519584e+04 -4.33203611235355e-01  1.16325066755414e-01 -3.21684140136823e-01 -1.96584548970062e-01
  5.30119238060950e+04  1.10020106740613e-01 -7.29310380393563e-02  9.94740131172256e-02  8.25392918508774e-02
  5.30156520601888e+04  2.33433703208297e-01 -1.38208331274832e-01  1.09449330019023e-01  1.39661498231010e-01
  5.30193803158125e+04 -9.30366666185280e-02 -6.64225717191015e-02 -3.21683026582813e-01 -4.52931729812052e-02
  5.30231085701992e+04 -6.91367192834289e-02  1.98231452169768e-01 -5.97452720195987e-01 -6.70833816382761e-01
  5.30268368250626e+04  1.24183542193202e-01 -2.38598445768199e-01  2.22327806888738e-01  2.14895911661700e-01
  5.30305650798239e+04  1.51878123577284e-01 -9.19993228771503e-02 -6.46948533282543e-02 -7.21933614436587e-02
  5.30342933339490e+04 -1.53478421300871e-01  3.16922573069756e-02 -2.84930609652301e-02  1.66568012555742e-01
  5.30380215883969e+04  2.48076665036182e-01 -2.13271794525441e-01 -2.67182615754936e-02 -1.28926918727824e-01
  5.30417498428670e+04  2.28597182963775e-02  4.38731803794143e-01  2.16330711444631e-02 -6.57867071334360e-02
  5.30454780969527e+04 -4.98025897979838e-02  4.84796104368502e-02 -2.17221954087445e-02  1.99093930023287e-01
  5.30492063511874e+04 -1.69029949631661e-01 -2.95775880830564e-02 -6.14180376580445e-01 -4.64664756462589e-01
  5.30529346052096e+04  3.79106651746847e-02 -1.02959501185710e-01  3.96923115178566e-02 -2.10590542623684e-01
  5.30566628592582e+04 -3.40053814564920e-02  2.65049784247818e-01 -4.16677013669195e-01 -3.08903456813714e-01
  5.30603911132177e+04  8.84008721045482e-02 -1.79350300224420e-02 -2.00894641997608e-01 -1.20828866888773e-01
  5.30641193666887e+04 -7.70351124702113e-02 -8.39735526213599e-03 -1.85191501601639e-01  4.59339180274657e-03
  5.30678476201424e+04  6.87865090007292e-02  7.40385999977829e-02  1.17871302931856e-01 -4.18576871025771e-02
  5.30735833336862e+04  6.87865090007292e-02  7.40385999977829e-02  1.17871302931856e-01 -4.18576871025771e-02
  5.30740416674825e+04  6.87865090007292e-02  7.40385999977829e-02  1.17871302931856e-01 -4.18576871025771e-02
  5.30777699204342e+04 -2.89192137468265e-02 -8.74212621698975e-02 -4.32992674070946e-01 -2.95410546574192e-01
  5.30814981732038e+04  5.81290218494320e-02  5.00215026912065e-02 -1.78501296526386e-01 -1.22806622736083e-01
  5.30852264257881e+04 -1.78133242025584e-01  4.16935383801220e-02  1.64830423994303e-02  6.04385780237435e-02
  5.30889546781944e+04 -9.99232866223903e-02  7.89361525308221e-03 -2.35286491713521e-02 -8.34117749991086e-02
  5.30926829303149e+04 -2.00355934413762e-02 -1.40221646606325e-01  1.12118254854256e-01  3.59033851131554e-02
  5.30964111821632e+04 -5.85081632589746e-02 -5.84181211008411e-02 -3.53800007132099e-01 -3.80617664778036e-01
  5.31001394339606e+04  3.22059565003105e-02 -7.27146114618926e-03 -2.81997816154420e-02 -8.50740833290936e-02
  5.31038676855476e+04 -2.34190910216009e-01  7.31671354166946e-02 -2.53156542699833e-01 -1.86274536042698e-01
  5.31075959368911e+04  1.95356442810215e-01  2.29143009614164e-01 -3.42447001039400e-01 -1.31657475842557e-01
  5.31113241879792e+04 -1.02063386275089e-01 -8.44365831603493e-02 -2.24117504471224e-01 -1.34222285999029e-01
  5.31150524390521e+04 -2.44279657684739e-02  3.37409598405991e-01 -1.84443989142593e-01 -2.41584994460770e-01
  5.31187806896215e+04  2.18241328930633e-02 -3.85086738571489e-02 -7.03980068876982e-02  1.34300931213918e-01
  5.31225089401666e+04 -2.42421167491634e-01  2.10036889699954e-01 -2.40290159874479e-01 -1.87312066226769e-01
  5.31262371905185e+04  2.56751397964310e-01 -1.64063511877694e-01 -5.19810584587949e-02 -1.61385407662660e-01
  5.31299654406287e+04 -3.38895561443100e-01  1.90758717651349e-01 -4.06586709076558e-01 -2.04473093881548e-01
  5.31336936906748e+04 -2.08199751272793e-02 -1.18981666909222e-01 -2.84113538270693e-03  1.74002733452693e-01
  5.31374219404953e+04  2.21141546062106e-02  1.09373601164176e-01  2.54817352404657e-01  2.36322121469167e-01
  5.31411501902940e+04 -6.47792891092363e-02 -5.25596062989840e-02 -5.95272666306776e-01 -3.86992758468140e-01
  5.31448784398067e+04 -2.27000532587299e-01  8.78959533678402e-02  2.82206217970354e-01  1.84314283465430e-01
  5.31486066891490e+04 -6.65558972716287e-03 -3.61688661588796e-01 -4.02590945953115e-01 -1.63498445602376e-01
  5.31523349383370e+04  1.11991279263860e-01 -2.69622022199249e-01 -4.79855641277931e-01 -4.48669642091224e-01
  5.31560631873703e+04 -4.81305907670007e-02  1.20587818974301e-01  1.70426082303981e-01  1.02418328056995e-01
  5.31597914366550e+04 -1.69728187790709e-01  1.44981325259343e-01 -7.37334662173384e-01 -4.22120172746508e-01
  5.31635196856539e+04  2.60762308303527e-02  1.85366411923594e-01 -2.52625232337658e-01 -2.09275667441261e-01
  5.31672479344388e+04  2.79395317290298e-01 -1.12086958934729e-01 -3.66006807947356e-02  2.59611148751556e-02
  5.31709761834558e+04  1.92918890191719e-01  3.44360739111395e-02  1.01481524280953e-01  2.95482696136398e-02
  5.31747044321760e+04 -2.24290146753387e-01 -2.76639579963570e-01 -4.34942300537235e-01 -3.72930134555882e-01
  5.31784326807640e+04 -3.41002005503864e-02 -1.73233357212864e-03  1.18053007996074e-01  6.04525567729148e-02
  5.31821609295498e+04  3.13538990236832e-02 -5.74828058485903e-02  1.08239653219554e-01  2.14009071678173e-01
  5.31858891783391e+04 -3.04353270017292e-02  1.30262026363405e-01 -3.41325306263770e-01 -1.40518027586951e-01
  5.31896174271562e+04 -1.23276727908349e-01 -1.47679437960559e-01  2.47443645292379e-01  9.24608536029820e-02
  5.31933456757698e+04  4.85418315936344e-04 -1.43190105405193e-01 -2.82949203180588e-01 -1.92025322536885e-01
  5.31970739246239e+04 -9.91306605877521e-02  4.02221536308618e-01  1.59430737747879e-01  3.27838317240847e-02
  5.32008021734918e+04 -2.56485044324381e-01 -2.06225575354262e-01 -7.38833883754050e-02 -3.36141740945127e-02
  5.32045304223505e+04  5.33902396503088e-02 -1.23399794082454e-01  3.19484938207013e-01  1.85744744612540e-01
  5.32082586714005e+04 -2.46779391582832e-01  1.13707989079993e-01 -2.25951746093764e-01 -3.43656830968598e-02
  5.32119869204560e+04  1.18322244373555e-02 -1.47183513355013e-01 -1.12473066754592e-01 -1.43734613978973e-01
  5.32157151695902e+04 -5.99689467398757e-02 -9.87989630740866e-02  2.24980548372758e-01  1.69558847315829e-01
  5.32194434188716e+04  9.56677905264572e-02  5.49525973829181e-02 -9.73817364436738e-01 -5.60971952334958e-01
  5.32231716684723e+04 -1.28183375505970e-01  4.59535022517326e-02 -2.95141171094886e-01 -1.60877350086386e-01
  5.32286736116699e+04 -1.28183375505970e-01  4.59535022517326e-02 -2.95141171094886e-01 -1.60877350086386e-01
  5.32291250003379e+04  3.28916766207933e-01  2.77412058006477e-01 -1.32177574630722e-01 -8.28747154814245e-02
  5.32328532502396e+04 -1.41595874280278e-01 -4.42693486983867e-02 -2.98219379571916e-01 -8.41083769373001e-02
  5.32365815001758e+04 -1.25062424070109e-01 -1.74326993005423e-01 -4.52917196218665e-01 -1.86780618983623e-01
  5.32403097506088e+04  1.28439975546774e-01  9.14278598896641e-02 -7.93846570189151e-02 -5.04539121600518e-02
  5.32440380010682e+04  3.58003326038338e-02  4.82606822451030e-02 -1.69126144414349e-01 -1.33989249281861e-01
  5.32477662517027e+04 -2.13288423141146e-01 -1.41555076114519e-01  3.41508736286317e-01  2.56882821393234e-01
  5.32514945024617e+04  7.93930160285880e-02 -8.37281794596089e-02 -1.98669344460018e-01 -1.01411084429101e-03
  5.32552227537235e+04 -1.97140046822743e-01  7.62900484221972e-02 -3.83850411463420e-01 -3.53349194529749e-01
  5.32589510054641e+04 -1.42798489439016e-01  8.62076444419777e-02 -2.91471350935439e-01 -2.82170288915337e-01
  5.32626792569897e+04 -1.54346722760310e-01 -2.84359331173505e-01  1.22382690778217e-01  2.52292871925742e-01
  5.32664075090480e+04 -3.24745026305530e-02 -1.29937885211287e-01 -9.20982275828769e-02 -5.58122497256429e-02
  5.32701357613761e+04  1.46419782012851e-01 -1.61992157482024e-01 -6.78337218588172e-01 -4.56427830965804e-01
  5.32738640139167e+04  1.68413903849919e-01  9.75161958783071e-02 -3.61955269876930e-01 -2.13483756771102e-01
  5.32775922665150e+04  1.60747615969711e-02  1.93139207238982e-01 -3.89410764826199e-01 -3.73952578302768e-01
  5.32813205195242e+04  7.48244548095560e-02 -2.19559852353421e-01  4.41764686275425e-01  2.87488513413514e-01
  5.32850487732105e+04 -8.79534165266583e-02 -2.36880839978284e-02 -2.37025952400879e-01 -2.61408281858073e-02
  5.32887770266712e+04  1.08189319082366e-01 -2.18434203034783e-01  1.39118238264839e-01  6.22970927319092e-02
  5.32925052804318e+04  2.10118742417531e-01  2.05926964625834e-01  2.18810638888912e-01  1.20297488414446e-01
  5.32962335345718e+04 -5.54803249868814e-03 -3.14366828027072e-02  4.57873479353704e-01  4.75270905787560e-01
  5.32999617889364e+04 -2.00050500485847e-01 -6.92581899851273e-02  8.31542688954502e-02  3.25368978900812e-02
  5.33036900434559e+04  7.00853853170397e-02 -1.44562001015847e-01 -2.28012748906801e-01 -8.58202377441398e-02
  5.33074182985150e+04  1.39091548212579e-01 -3.45368210054460e-02 -4.50950433849665e-01 -4.26955798382500e-01
  5.33111465534446e+04  8.97446329183124e-02  2.12654098953989e-01  5.42723807037583e-02  2.41211381268969e-01
  5.33148748087452e+04  9.62582317017480e-02 -2.22225980729901e-01 -1.44173194931311e-02  2.12859073594340e-01
  5.33186030641238e+04 -2.12995105595345e-01  1.11455132693941e-02  7.83527459197179e-02  5.37474567007774e-02
  5.33223313200497e+04 -9.12833905754701e-02  2.05031673407113e-02  2.03836122441363e-01  2.87988822694647e-01
  5.33260595760338e+04 -8.11991139984777e-02 -2.27716297144229e-01 -3.99026575029226e-01 -2.78973053977184e-01
  5.33297878323425e+04 -1.36241515303769e-02 -1.68184128574620e-02 -1.16167423403316e-01 -1.49961210283798e-01
  5.33335160885869e+04  1.88080023208877e-01  2.45915038607193e-03 -3.10760976953067e-01 -2.48385454347343e-01
  5.33372443450126e+04 -4.45360633864839e-02 -5.09600604891159e-02 -2.60793532815693e-01 -2.65761621668652e-01
  5.33409726018645e+04  3.42913498372207e-02  6.17098774824742e-02 -1.68817676780903e-01  6.43986216035438e-02
  5.33447008610602e+04  6.05416498081265e-02  1.06917997085394e-01  5.57949500307982e-02  2.50476478263734e-02
  5.33484291157964e+04  1.25182569441415e-02  1.36639109284109e-01  1.29902756725634e-01  1.94323344086220e-01
  5.33537361112801e+04  1.25182569441415e-02  1.36639109284109e-01  1.29902756725634e-01  1.94323344086220e-01
  5.33541875008611e+04 -8.37916073273740e-02 -1.84840419963412e-01  4.68291904503992e-02 -3.40412662557557e-02
  5.33579157581066e+04 -1.02875196427266e-01 -9.79022059259772e-02 -1.50428984263150e-01 -1.58433292503117e-01
  5.33616440155917e+04  5.89319116264397e-02 -2.85200231212710e-01 -6.69829634399196e-01 -3.24614407751101e-01
  5.33653722730522e+04  7.73519400203867e-02  1.79746923806914e-02 -1.84134865334358e-01 -1.15008107225491e-01
  5.33691005307383e+04 -5.36599230102312e-02 -1.69281585839456e-01  2.98908629839189e-02 -2.97902047234170e-02
  5.33728287884026e+04 -1.01244078114200e-01 -6.06027881757937e-02  2.51607810621587e-01  1.34504543572391e-01
  5.33765570458911e+04  1.82431014216701e-01  2.57749249713254e-01  1.95494375090012e-01  3.40986817191504e-01
  5.33802853036271e+04  1.41644437412667e-01  3.94387286604106e-02  4.20860062469380e-02  5.12443018502824e-02
  5.33840135613936e+04 -2.69549763663989e-01 -6.52098715385434e-02 -6.98269778521589e-02 -1.20177886403784e-01
  5.33902500004677e+04 -2.69549763663989e-01 -6.52098715385434e-02 -6.98269778521589e-02 -1.20177886403784e-01
  5.33918333339862e+04 -7.83954372991440e-02  2.48299168989947e-01  1.22491384257645e-01  9.24555168199177e-02
  5.33955615912790e+04 -2.34062756558859e-01 -2.01306094337529e-02 -3.59020591720769e-01 -1.80811771024614e-01
  5.33992898490624e+04 -5.74224156102174e-02 -9.82129881007619e-02  6.66199446321913e-03  1.72860273737555e-01
  5.34030181064073e+04  6.58474508517986e-02  7.75070223099336e-02 -6.26723435607284e-01 -4.93103688619433e-01
  5.34067463639779e+04 -7.23651870684051e-02  2.50650762515785e-01  7.19775475679836e-02  1.28516208478139e-01
  5.34104746212986e+04 -7.51057855075570e-02 -2.48051369913972e-01 -1.94474510466458e-01 -2.34611157925208e-01
  5.34142028783496e+04  1.00440890154581e-01 -6.95059627109027e-02  6.08482513506831e-01  5.25437015414156e-01
  5.34188750008530e+04  1.00440890154581e-01 -6.95059627109027e-02  6.08482513506831e-01  5.25437015414156e-01
  5.34230000006620e+04  1.00440890154581e-01 -6.95059627109027e-02  6.08482513506831e-01  5.25437015414156e-01
  5.34267282574816e+04 -2.56558729046302e-01  1.19065878005430e-01  4.70393605544588e-01  3.90549954178062e-01
  5.34304565139700e+04 -9.09563167972405e-02 -9.49077577142062e-02  6.49861427719113e-01  3.86957903144644e-01
  5.34341847701841e+04 -1.32995718825782e-01  1.20644057922009e-01  2.58244633944924e-01  1.00436036463424e-01
  5.34379130270432e+04 -5.49460753589790e-02 -2.29145270902236e-01 -9.68019960119024e-02 -8.75669199007614e-02
  5.34416412829663e+04 -1.99764676210219e-01  2.57289773589416e-01  2.40788173948254e-02  4.59482992847026e-02
  5.34453695389238e+04  8.35197475911140e-02  1.38476320451910e-01  3.96977224668105e-01  3.40222858472813e-01
  5.34490977949098e+04 -1.43533650640607e-01 -1.34700595716573e-01  1.82213711672173e-01  2.16407098367265e-01
  5.34528260504605e+04 -3.77752513390488e-02  1.63670700695749e-01 -5.23455415684257e-01 -5.04058451922527e-01
  5.34565543060394e+04 -7.54401837725785e-02 -1.22708103315139e-01  3.85125002341682e-01  3.94719962889689e-01
  5.34602825612835e+04 -7.73359627520768e-02 -1.15528888210651e-01  1.37840037753642e-02 -1.27025552523254e-01
  5.34644375008820e+04 -7.73359627520768e-02 -1.15528888210651e-01  1.37840037753642e-02 -1.27025552523254e-01
  5.34648958333970e+04 -8.28471256824466e-02 -5.09507425949447e-02 -7.22292578539217e-02 -7.87627996648401e-03
  5.34686240880811e+04 -1.29983675163034e-01  1.64236234677126e-01 -6.31896078245353e-01 -4.54080069222128e-01
  5.34723523427363e+04 -5.00700391967517e-02  9.78128230677544e-02 -6.37113063578251e-02 -5.95790597507068e-02
  5.34760805971214e+04  9.50354105449604e-04  5.38050621141048e-02  1.43366765612031e-02 -7.26708235638489e-02
  5.34798088513104e+04 -2.01870817473750e-01 -1.18159034355301e-01 -1.85503056702627e-01 -1.08528900248048e-01
  5.34835371053010e+04  1.95644910123055e-01 -4.70597106262747e-02  5.36296435172449e-01  2.84956304436947e-01
  5.34872653592082e+04  1.19698665167387e-01  1.43743063139293e-01 -1.92971668438669e-01 -2.95130951064207e-01
  5.34909936126818e+04 -2.27458534882703e-01  7.79460990344364e-02  2.12152992466607e-02 -1.14803754339591e-01
  5.34947218659167e+04 -8.66540656179251e-02  4.69691740988979e-02 -6.13172526977627e-01 -5.51944063241747e-01
  5.34984501191377e+04 -6.54091113785557e-02  7.65376380176875e-02  2.69014094748440e-01  1.16502558556890e-01
  5.35021783721261e+04 -6.54091113785557e-02  7.65376380176875e-02  2.69014094748440e-01  1.16502558556890e-01
  5.35059066253402e+04 -6.88782919767102e-02  2.09200027116403e-01 -3.47263384202633e-01 -2.37687631548571e-01
  5.35096348783276e+04 -1.31708678283320e-01  9.26513281339200e-02 -2.33868731279982e-02 -4.97687320975164e-02
  5.35133631308783e+04  2.14745105840506e-01  1.25509534857052e-02 -2.33575476631137e-01 -2.44164312066642e-01
  5.35170913834049e+04 -9.15277017056103e-02 -1.74994957970997e-01  7.67720458807723e-02  2.14341097756205e-01
  5.35208196359110e+04 -5.58201583313826e-02 -7.02860666443969e-02 -3.67577008798660e-02 -2.32200407640962e-01
  5.35256479170070e+04 -5.58201583313826e-02 -7.02860666443969e-02 -3.67577008798660e-02 -2.32200407640962e-01
  5.35257479173611e+04 -2.40637236271156e-01 -8.60467931030830e-02 -3.11862130934959e-01  2.84699799393675e-01
  5.35294761694901e+04  2.58467198864806e-01  4.21844589182784e-02 -4.87516452823179e-01 -4.23601631630243e-01
  5.35332044216494e+04  3.46755051322621e-02 -6.46129511667810e-02 -5.80500799667963e-02 -9.82531603174851e-02
  5.35369326736619e+04 -1.34069515525928e-01 -1.85958727203898e-01  2.19791416138567e-01  2.31861273404292e-01
  5.35406609259143e+04  9.71021500651131e-02 -2.52646299471233e-01 -2.75962260748143e-01 -1.51200207759746e-01
  5.35443891779444e+04 -6.61087046872615e-02 -8.06131244762099e-03  1.51264274060665e-01  2.40151082492322e-01
  5.35481174301690e+04 -2.40279951041972e-02 -3.16226703883708e-01 -2.90754595161250e-01 -2.76623824618262e-01
  5.35518456822118e+04  1.51199651802187e-02  3.85602783885009e-01 -2.36838592457429e-01 -1.68249421427717e-01
  5.35555739342672e+04 -1.48266353535507e-01 -3.27675303137008e-01 -1.12300991947289e-01 -2.23646387372464e-01
  5.35593021863888e+04  1.52652362122933e-02  1.65772348629601e-02  3.03369408306479e-01  2.62106506389461e-01
  5.35630304384307e+04  8.35081336473182e-03 -2.65709816624697e-02 -4.26492409596465e-02  4.95974603997283e-02
  5.35667586907119e+04  5.12126223013017e-02  2.50121160141784e-01 -2.57502312558790e-01 -4.70312831017797e-02
  5.35704869427698e+04 -1.36573707699540e-01 -1.09019616887940e-01 -5.61915766219822e-01 -2.70206726063216e-01
  5.35742151950416e+04 -1.18902976755362e-01 -2.68973575685030e-01 -2.09021296518052e-01 -1.42264499909499e-01
  5.35785694449122e+04 -1.18902976755362e-01 -2.68973575685030e-01 -2.09021296518052e-01 -1.42264499909499e-01
  5.35790277779273e+04 -1.06317314930360e-01 -7.95409174511128e-02  9.48961512484415e-03 -1.30445813501569e-01
  5.35827560304305e+04  7.68439515591353e-02 -9.34492058126838e-02  1.64411325671636e-02  1.91404042634214e-01
  5.35864842830346e+04 -4.70629175208703e-02 -1.27242403567955e-01 -7.48474950520861e-01 -3.31893414359037e-01
  5.35902125356563e+04  1.06235653681087e-01 -1.88521153479823e-01  4.79344669699939e-01  2.72344957859900e-01
  5.35939407887487e+04 -1.01054524820478e-01  1.63325991734564e-01 -4.04777789404975e-01 -7.51184684156012e-02
  5.35976690418464e+04 -1.16041437653034e-01 -2.07455560027839e-01  1.84965692548823e-01  1.65844698402368e-01
  5.36013972947222e+04 -1.20593085859185e-02  6.03893725072383e-02 -1.17775889444131e-01 -1.63915658243144e-02
  5.36051255485359e+04 -1.06387127379690e-01  8.73639549040960e-03 -1.00622110116566e-02  2.77467145920607e-01
  5.36088538018994e+04  2.93146720127224e-02  9.13163586272381e-02 -1.13005372887696e-01  2.12665269397161e-02
  5.36125820562151e+04 -1.07420843889588e-01  1.00119884121833e-01  8.08230634352864e-02  2.21803745736873e-01
  5.36163103101563e+04  2.69110416961808e-02 -1.18223344173440e-01 -2.41438539848416e-01 -1.02131879999443e-01
  5.36200385643310e+04 -7.60459869427726e-02 -1.51890117151238e-01 -6.01427917966621e-01 -3.60520254421811e-01
  5.36237668185161e+04  1.49595144689964e-01 -5.03598586651744e-02  8.47531723564901e-02  2.09385401586412e-01
  5.36274950736434e+04  1.24513927919089e-01  2.14580136836841e-02 -6.68710883900732e-01 -3.27704749361733e-01
  5.36312233285592e+04  1.88514007980246e-01 -3.67509600794027e-01 -3.18974187917510e-01 -1.69993265517001e-01
  5.36349515839292e+04 -3.91734149673698e-02  9.32790645776758e-02 -2.33260816965431e-01 -1.45525003490584e-02
  5.36386798397858e+04 -1.13416049449479e-01 -1.78456748803524e-01  9.31997983578992e-02  1.81218823020993e-01
  5.36424080952454e+04  9.52050139956050e-02 -2.24944656638597e-01  8.69338515287074e-02 -8.14485087963213e-02
  5.36461363512015e+04  8.42427486399914e-02 -1.00230522663567e-01 -1.89338354928592e-01  1.52478819713478e-02
  5.36498646074697e+04 -2.43192568699080e-01  2.72698353390741e-01  2.99469540428791e-03 -5.38650805326012e-02
  5.36535928637174e+04  1.38870677754492e-01 -2.36005214369342e-01  2.99086883943412e-01  2.22326292990452e-01
  5.36573211204214e+04  2.19134594673840e-01 -4.79671333641933e-01 -3.08697956119794e-01 -1.52445036321561e-01
  5.36610493773321e+04 -6.31403960743166e-02  6.70018238762844e-02  2.18247023748902e-01  2.27457213214956e-01
  5.36647776344584e+04 -1.59779499135659e-01  3.89116749457361e-01 -4.15836112702682e-01 -2.45083493139096e-01
  5.36685058919872e+04  1.17838430133096e-01 -9.53294534447390e-02  4.91136869544288e-02  6.72203799830840e-02
  5.36722341494851e+04  1.92783949607909e-01 -4.80208339104082e-02  1.41742969778638e-01  2.37158392276238e-01
  5.36759624069502e+04  9.48733014868360e-02 -9.47099066620814e-02 -1.34727095651472e-01  3.59925592194289e-02
  5.36796906652557e+04  3.89329840841251e-02  1.23221467312303e-01 -5.49171457316796e-01 -4.37076011853359e-01
  5.36843854171435e+04  3.89329840841251e-02  1.23221467312303e-01 -5.49171457316796e-01 -4.37076011853359e-01
  5.36848750005071e+04 -1.95533577823505e-01  8.13159733313258e-02  5.71193574611890e-01  5.70243402919912e-01
  5.36886032588379e+04 -5.89436384464499e-01 -2.43924863860688e-01 -5.51940113436699e-01 -3.06032861101969e-01
  5.36923315172464e+04 -1.44767254188607e-01 -1.11381514134296e-01 -3.24320989992756e-01  7.37107575729393e-02
  5.36960597758461e+04 -8.24146364467340e-02 -3.10201325700817e-01  1.67303976782220e-01  3.62983400033679e-01
  5.36997880347244e+04  2.00633904696073e-01  2.88594265353357e-03 -2.18140004890555e-01 -4.02570773462119e-02
  5.37035162938900e+04 -1.24758813605698e-01 -2.01793970336372e-01 -5.97142078528842e-01 -2.89715873243838e-01
  5.37072445525219e+04 -4.73028455862646e-03  1.86730881158287e-01  3.41752508383482e-02  1.89394812633671e-01
  5.37109728122534e+04  1.99121671782774e-01 -1.07325066932180e-01 -4.30245595501814e-01 -2.45878478938247e-01
  5.37147010712177e+04  7.92067236238413e-03 -2.87151934839117e-01 -3.57577048646954e-01 -2.23610046396439e-01
  5.37184293307013e+04 -2.20828770796212e-02  5.92925051782404e-02  1.55980521382394e-01  8.20943200422065e-02
  5.37221575901448e+04  3.11478309483892e-02  3.93947077383843e-04 -4.48156031878673e-01 -2.58348095926829e-01
  5.37258858493333e+04 -1.30975319333150e-01  1.50976530374362e-01  7.96492847265455e-02  8.55046556088591e-02
  5.37296141086726e+04 -2.68191182089349e-01 -1.69235134837665e-01 -1.25894972470833e-01 -2.97435257011813e-02
  5.37333423680729e+04  1.91749109087192e-01  5.41506337279224e-02 -1.87844169034930e-01 -2.31458502810169e-02
  5.37370706163126e+04 -2.94401054893327e-01  2.08074956443868e-01 -3.13255434334253e-01 -1.09380219404561e-01
  5.37407988758809e+04  2.40677853913648e-02 -8.46202112192777e-02  9.00634933608160e-02  1.33592813063711e-01
  5.37445271354964e+04  1.20353271046787e-01  1.33976676460353e-01 -2.67965030683860e-01 -3.75823193730636e-01
  5.37482553951342e+04 -1.49771669392833e-01  8.26769325398424e-02 -1.12186701890324e-01  9.24771498392076e-02
  5.37519836547929e+04 -2.10671785188206e-01 -1.09524543568587e-01 -2.46042227025280e-01 -1.06441399438015e-01
  5.37557119144665e+04  1.22695088111073e-01  6.32306856265172e-02 -2.28190442471149e-01 -1.05488764343653e-01
  5.37594401741712e+04  1.40626897158868e-01  8.52819880895879e-02 -5.28289817010438e-01 -2.65619612117614e-01
  5.37631684335728e+04 -8.18325902507292e-02 -1.07069590952974e-01 -1.30209039448777e-01  3.53148159358822e-02
  5.37668966932569e+04 -4.71125407676340e-02  1.03726800881718e-01  8.92066037649498e-02 -3.70949592447258e-02
  5.37706249526852e+04  9.19694379670586e-02 -5.88885550728921e-02 -3.62819909926580e-01 -3.80185960203967e-01
  5.37743532118563e+04  2.46859649485851e-01  4.14545966638861e-02  1.43388990171267e-01  2.23999204581583e-01
  5.37780814712723e+04  2.17457025269283e-01 -1.90257372091259e-02 -9.20558407775782e-03  4.80949277124854e-02
  5.37818097305139e+04 -4.47010810684132e-02  1.70088958399382e-01  1.55177550816785e-01  1.32031802578613e-01
  5.37855379897987e+04 -1.90747341756079e-01 -2.26350847604633e-01 -1.40643781450710e-01 -1.80085091939791e-01
  5.37892662485392e+04  2.76899473042250e-01  2.04060651357851e-01 -1.01378521216899e+00 -7.71868658578874e-01
  5.37929945074570e+04 -3.42855652857315e-02 -1.40347246090197e-01  2.53536744827564e-01  2.55007336945961e-01
  5.37967227664098e+04  1.26107389018414e-01 -1.54393018552169e-01 -1.42330588709593e-01 -2.08255620671869e-01
  5.38015729173634e+04  1.26107389018414e-01 -1.54393018552169e-01 -1.42330588709593e-01 -2.08255620671869e-01
  5.38021319451505e+04  1.66632649703939e-02  2.62609914440036e-01  4.80025072237625e-01  3.48681629414438e-01
  5.38058602035672e+04 -1.93914549662525e-01  4.13501334576557e-02 -3.59516551946684e-01 -2.81731271133162e-01
  5.38095884620487e+04 -2.13053584376813e-01 -1.90563154276375e-01 -3.89233243014529e-01 -2.27736643865711e-01
  5.38133167200254e+04  9.19451742018343e-02  2.20476372293604e-01  3.41571076054391e-01  2.24209595810269e-01
  5.38170449779862e+04 -1.69839054562375e-02  5.54262837152982e-02  8.43972452125046e-02 -9.09473530317693e-04
  5.38207732356516e+04 -1.07011746809364e-01 -1.62570821085591e-01 -1.35380158606097e-01 -1.22127476478138e-01
  5.38245014933472e+04  3.35645681206573e-02 -2.06603322931690e-01  1.76946277246901e-01  1.47617542099003e-04
  5.38282297508586e+04  1.63491581667495e-01  1.37777612591374e-01  8.33182020574815e-02 -9.39501870456765e-02
  5.38319580081712e+04 -8.11622260742069e-02 -9.62475765083891e-02 -3.37740473930685e-01 -1.67831904988757e-01
  5.38356862654964e+04 -1.81987887609136e-01  1.09896415075803e-01  3.58935264260470e-01  1.39328458085160e-01
  5.38394145223923e+04  1.55764953200368e-01 -1.50947440323314e-01  5.12528181370112e-01  3.48418545355341e-01
  5.38431427793137e+04 -8.65201226694578e-02  1.56872198567694e-01 -2.13210210058295e-01 -1.15991518319315e-01
  5.38468710355116e+04 -2.35493910181036e-01 -3.82672864965994e-02 -6.32595261061837e-01 -6.12094633354383e-01
  5.38505992919954e+04  7.84434883843966e-02  2.77015166142496e-01 -1.17340516920871e-01 -1.50968913375498e-01
  5.38543275482570e+04 -2.11488166915588e-01  2.05748965324942e-01 -8.89817494697670e-03 -1.08126509570160e-01
  5.38580558042767e+04 -2.08251479625503e-01 -3.33408641531715e-02 -8.75051697874336e-01 -5.30563021648151e-01
  5.38617840603136e+04  1.30155070164694e-01 -1.42188169653875e-01  1.98099718138783e-01  1.52514668830950e-01
  5.38655123158856e+04  1.95261683359384e-01 -1.22953674912047e-01 -4.22956168271360e-01 -3.16673090851783e-01
  5.38692405714605e+04 -1.31374699634317e-01  1.73022325141221e-01 -1.54461679554350e-01  8.80385893804525e-02
  5.38729688270370e+04  1.41859901841299e-01 -7.14391065363123e-02  6.90900884079740e-02  2.96806884321026e-02
  5.38766970823900e+04  9.71646031878699e-03 -2.20882939818668e-01  8.59310231204259e-02 -8.84170565281066e-03
  5.38804253375207e+04 -8.26656779315916e-02 -2.51383923544678e-02  5.88122421126606e-02  2.25143908685039e-01
  5.38841535926387e+04 -1.28198297425440e-01  1.44358861493662e-01  1.85666633271496e-01 -4.57736852969402e-02
  5.38878818477361e+04 -1.21754206005544e-01  1.26029941470591e-01  4.76089285929211e-02  4.48207814779118e-02
  5.38916101025614e+04  8.25352129673227e-02 -1.23096098026477e-01 -4.13374168732678e-01 -2.63852745473358e-01
  5.38953383571805e+04 -5.36808047000370e-03 -4.23142216195875e-02 -1.91058588135126e-01 -1.37494338305893e-01
  5.39005868062604e+04 -5.36808047000370e-03 -4.23142216195875e-02 -1.91058588135126e-01 -1.37494338305893e-01
  5.39011875000566e+04  1.44668308142720e-01 -1.87889826057522e-01 -3.75790669627440e-01 -3.09736287545048e-01
  5.39049157546736e+04 -7.56631876523453e-03  1.81287132539663e-01 -2.33935966584220e-01  2.44672425407208e-01
  5.39086440093022e+04 -7.02380620061917e-02 -1.08907627680179e-01  4.85402837717475e-01  2.51404572953590e-01
  5.39123722639594e+04  1.57001710567310e-01 -4.57088736250224e-04 -2.62050816116117e-01  6.34825669817230e-02
  5.39161005188021e+04  5.56231043585321e-02  1.36097137592243e-01 -1.72554917059404e-01 -7.34375848275163e-02
  5.39198287727141e+04  8.44916725819975e-02 -1.51242333746794e-02 -1.09929034899987e-01 -6.50253662079635e-02
  5.39235570270613e+04 -1.52232528586648e-01  2.14348466133136e-02 -3.36690886621683e-01 -7.84506871688212e-02
  5.39272852816678e+04 -1.15562504370555e-01 -4.66347827801989e-02 -4.63995381307799e-01 -4.50419603163655e-01
  5.39310135360487e+04 -4.73177860008554e-02 -2.24067907448843e-01 -1.70187970240472e-01 -7.17152558021137e-02
  5.39347417906690e+04  4.30354313792927e-02  1.22680465959030e-01  8.01005601205286e-02  2.12130074336497e-02
  5.39384700453022e+04  2.55671891957099e-01 -2.92192148830531e-01 -1.14656419371660e-01  3.50813516887773e-02
  5.39421982999468e+04  8.13413030844214e-02 -1.74824307308438e-01 -1.43040517598584e-01  7.84081294052582e-02
  5.39459265547696e+04 -3.08725642838570e-02 -5.47140813546480e-02 -5.25299592803821e-01 -1.97382740541329e-01
  5.39496548098958e+04  1.00481554285097e-02  2.28804816456712e-01  1.29328733944567e-01  6.99187798722518e-02
  5.39533830650253e+04  1.99519613152851e-01 -4.28295880031024e-01 -9.43014843601720e-02 -1.26968698897856e-01
  5.39571113199305e+04 -6.80960603269227e-02  1.07258615922670e-01 -6.50559194992908e-02  1.63713111983209e-01
  5.39608395752958e+04 -9.51818555222253e-02 -1.61902102677944e-01 -1.28767305109484e-01 -2.46060904137394e-01
  5.39645678306562e+04  2.21822641668244e-03  6.72018682115243e-02  1.92076667479927e-01  2.92889085760659e-01
  5.39682960862603e+04 -1.30021105636035e-01 -1.27024905657333e-01  5.49864901768789e-02  8.86522483054927e-02
  5.39720243420959e+04 -1.46555335872488e-01  6.26955641177946e-02  3.93784066356319e-01  4.21844202313702e-01
  5.39757525981667e+04 -1.10007091420303e-02 -9.65696536429869e-02 -2.39211484651751e-01 -4.26679598642581e-02
  5.39794808544660e+04 -1.62019567687529e-01 -4.90008198910515e-02  2.35089193289741e-01  1.38998011783536e-01
  5.39832091110046e+04  1.71969667175914e-01 -6.39425808029798e-02 -4.19612267627573e-01 -4.32442300135514e-01
  5.39869373675172e+04 -1.16096845602758e-01 -1.88713103047030e-01 -2.68026967152456e-02  2.42871204931599e-01
  5.39906656245081e+04  4.89468556480356e-02  3.71234579683459e-01 -5.31134405765228e-01 -4.14505869721620e-01
  5.39943938814860e+04 -4.29648444702195e-02 -8.49272355892790e-02  1.54069672450896e-01  2.46925790188899e-01
  5.39981221389063e+04  3.30166708127300e-01  3.14467795173171e-01 -1.85236323261267e-01 -9.33809257128227e-02
  5.40018503963010e+04 -3.55028939259954e-01 -2.82269620385694e-01 -2.90699403086740e-01  2.12452941677219e-02
  5.40055786541400e+04  2.29621791055489e-01 -5.82284301779086e-02 -2.93676406699315e-01 -1.87714207653569e-01
  5.40093069119397e+04 -2.79001107992176e-01 -2.40380447795977e-01 -5.37411559815704e-01 -4.76775580564288e-01
  5.40130351700776e+04 -2.71458283709433e-02 -1.62379145570525e-01 -2.42206694839821e-02  3.14904157437823e-02
  5.40167634285670e+04  1.36416690325062e-01  3.07125574077668e-03  1.18805099731106e-01  1.95964297591835e-01
  5.40204916869826e+04 -3.58615428019720e-02 -1.42625163227120e-01 -2.88815467459536e-02  6.76644919325685e-02
  5.40242199460196e+04  5.94578713331142e-02 -2.87490094527542e-01 -1.28162825548563e-01 -2.47098710145696e-01
  5.40279482047651e+04 -7.92450435024766e-02 -3.38754064031070e-02  6.04004755460858e-02  1.57796402987772e-01
  5.40316764641574e+04  4.83568953610446e-02  1.07201917430900e-01 -6.93523781411179e-01 -3.37413287270742e-01
  5.40354047234976e+04  8.56437443985054e-03  1.36043376392682e-01 -3.14613210198959e-01 -1.80981167764199e-01
  5.40391329829920e+04 -2.07884786022230e-01 -1.42953370079717e-01  1.55942597090249e-01  1.42791747856312e-01
  5.40428612426447e+04 -1.43465569587378e-01 -4.24765385321774e-02 -3.48947016910924e-01 -1.47205837152916e-01
  5.40486041669894e+04 -1.43465569587378e-01 -4.24765385321774e-02 -3.48947016910924e-01 -1.47205837152916e-01
  5.40492048613670e+04 -5.21504164300735e-02 -6.63725517249684e-02 -2.47440445947945e-01 -9.31278886230785e-03
  5.40529331215533e+04  2.95457955403633e-02 -7.52337372750320e-03  4.28919312588895e-01  4.04521585944042e-01
  5.40566613816896e+04 -2.30602712444143e-03  1.26952973634905e-01 -1.72971122255394e-01 -3.09972150987581e-02
  5.40603896417338e+04  1.81580069494648e-01 -2.49460215009613e-02 -4.17950060037934e-01 -2.47128405029087e-01
  5.40641179021645e+04 -1.32424575499106e-01  5.57700703105783e-02  1.85072431708713e-01  1.65883456108648e-01
  5.40678461627314e+04  2.21161044266670e-01 -1.04094905397237e-01 -1.84511517465294e-01 -1.44138002043311e-01
  5.40715744232558e+04  5.40546915589711e-02 -2.30453346275605e-01 -2.05272642685548e-01 -1.78714486934954e-01
  5.40753026840949e+04  1.14362824514772e-01 -1.67245010431934e-01  3.54619778440444e-01  3.04638709387524e-01
  5.40790309446841e+04 -2.02459879203300e-02  1.31963978845604e-01  2.62430055904133e-01  3.45995415296295e-01
  5.40827592057290e+04  5.11718545725371e-02 -3.71751563200304e-01 -6.31593062406017e-01 -4.28682418346365e-01
  5.40864874664712e+04 -7.62062831812518e-02  1.75397138558609e-01 -2.48633567757115e-01 -2.11305230725774e-01
  5.40902157273902e+04 -1.00308761987091e-01  9.36056727807996e-02  1.83376726715039e-01  2.09040970396876e-01
  5.40939439882788e+04 -1.98339750376153e-02  8.41111580198208e-02 -1.82549720850649e-01 -1.85549234357092e-01
  5.40976722493032e+04 -1.51559650511539e-01  3.17140742299503e-02  1.08753149421699e-01  1.13797020936643e-01
  5.41014005102592e+04  3.97589742867065e-01 -3.88931772490657e-02  7.29785788292019e-02  1.64018056560314e-01
  5.41051287713136e+04 -3.91666146791319e-02 -8.84958867290506e-02  6.13627731086898e-01  3.32681271294422e-01
  5.41088570323993e+04  1.20567989219098e-01 -2.45940073147942e-01 -4.15769043171812e-01 -4.96679628173512e-02
  5.41125852935936e+04 -1.09949109837261e-02  7.99744607856558e-02  4.50397810025155e-01  3.92160202267611e-01
  5.41163135545682e+04 -1.47177444418014e-01  1.07760631282920e-01  3.84535716833619e-01  2.38982345538557e-01
  5.41200418154549e+04  1.05600197742945e-01 -1.45129231413971e-01 -4.58143550518570e-01 -2.10339186404666e-01
  5.41237700764955e+04 -7.35693406286839e-02 -3.79712524120373e-01 -1.52867266838839e-01 -2.17101932397759e-01
  5.41274983375655e+04  2.62700748588643e-01  8.02455300226248e-02 -1.63468955700654e-01 -1.38489079192158e-01
  5.41312265985740e+04 -1.89856652841402e-01  2.89704801925626e-01  2.52291208859889e-01  1.98567386122819e-01
  5.41349548594085e+04  2.90557435147641e-01  4.09441158333350e-01 -4.69036291349431e-02 -1.88303083197860e-02
  5.41386831204167e+04 -1.24010138563167e-01  8.57156904702040e-02 -1.79823632601174e-01 -3.64192908905689e-02
  5.41424113810995e+04  1.18638001553284e-01  1.53468189676709e-01 -1.15451248978678e-01 -7.75441683806770e-02
  5.41461396418541e+04  4.15720094155650e-02 -6.01038151326876e-03  1.76394845616876e-01  9.47029917324179e-02
  5.41498679026609e+04  1.17923826123168e-01 -6.57826634390276e-02 -3.68251365339433e-01 -1.94778754003621e-01
  5.41535961630801e+04 -3.70889802231277e-02  1.46003448705865e-01  4.26485267945808e-01  2.53204509797518e-01
  5.41573244237976e+04 -2.99514231632912e-02  8.32635791421720e-02  3.32272536885275e-01  3.20915577015435e-01
  5.41610526840104e+04  2.20370745903283e-02  1.18827779661189e-01 -5.72279383918217e-01 -3.61261296406547e-01
  5.41675416668275e+04  2.20370745903283e-02  1.18827779661189e-01 -5.72279383918217e-01 -3.61261296406547e-01
  5.41681666669734e+04 -1.26873465738719e-01  4.25442848084692e-02 -2.83971422928625e-02 -5.41542202407052e-02
  5.41718949270972e+04 -1.80675197767470e-01 -1.24120671564279e-01 -3.83199133802548e-01 -3.42191658922306e-01
  5.41756231869756e+04  1.62501985734236e-01  2.33871720686089e-03  9.45239724989735e-01  6.22138709811558e-01
  5.41793514467165e+04  7.41939021040009e-02 -1.07168971258517e-01 -2.32912415879830e-01 -1.23169423372643e-01
  5.41830797065233e+04 -2.37853271463128e-01  1.32899274261590e-01 -8.26312630727044e-02 -1.29218799906281e-01
  5.41868079659571e+04  1.34204724974945e-01 -8.54933453340169e-02  5.75665661810769e-01  4.73578237426783e-01
  5.41905362253959e+04 -4.89986494973098e-02 -2.19557487922557e-01 -4.26367873687183e-01 -3.27989977705518e-01
  5.41942644846990e+04 -3.33658117338671e-02  1.75879262439846e-01  1.86738815982437e-01  5.26078009840260e-02
  5.41979927437395e+04 -3.23177472199394e-01 -2.19174283564346e-01 -4.66660850581809e-01 -2.36002263712056e-01
  5.42017210031387e+04  7.16655439877525e-02 -1.79842299250194e-01  9.98566966521481e-02  1.40410743471611e-01
  5.42054492616216e+04 -1.95712293575735e-01 -2.01016446769624e-01 -3.82087918005128e-01 -3.89615740564350e-01
  5.42091775203843e+04  3.27103924278576e-02 -2.40683222229855e-01 -5.00008040677211e-01 -2.89042813398949e-01
  5.42129057788969e+04 -2.71859116103273e-01  1.57947657261137e-01  2.37134846225248e-02 -1.87588495964465e-02
  5.42166340373716e+04  1.01883355790496e-01  5.28003802645240e-02  4.91896829109428e-02  1.91483415164094e-02
  5.42203622953298e+04 -7.38993261561112e-02  2.61699645649846e-02 -2.15459731044633e-01 -1.75903871050249e-01
  5.42240905532697e+04  2.50358740611306e-01 -1.81323707626048e-01 -3.75802500119690e-01 -9.81961795494150e-02
  5.42278188112395e+04 -2.02861756802115e-01 -1.68513651407631e-01  1.06932474020510e-01  3.70295243895962e-02
  5.42315470688079e+04 -1.61691462732437e-02  1.89551153124600e-01 -2.37584180054655e-01 -1.63743164848714e-01
  5.42352753263576e+04 -1.40382341366838e-01  3.00872901047963e-02  1.20689065722543e-01  9.87847461917149e-03
  5.42390035839283e+04 -2.03542238604985e-01  1.46825706693877e-01 -4.49436957723840e-01 -3.80590237913434e-01
  5.42427318410520e+04  6.06927524205501e-02 -7.67311619072957e-02  7.71719151558883e-02  4.85851783522209e-03
  5.42464600981840e+04 -2.75426771066179e-02  1.34550773945946e-01  4.43613650191405e-01  3.41286674600311e-01
  5.42501883556262e+04 -1.69702795004065e-01 -9.49030654160390e-02 -5.86208258441429e-02  3.95491602864433e-02
  5.42539166123183e+04  1.48497064400456e-01 -3.41932984993095e-01  5.16710578445400e-02  3.64388964116405e-02
  5.42576448692338e+04 -1.12712438990771e-01  1.69098310586149e-03 -2.47089461127696e-02 -5.63473976218946e-02
  5.42613731259168e+04  9.49560299911265e-02  1.50582335541636e-01 -4.77008609993120e-01 -1.87707732158150e-01
  5.42651013826967e+04 -4.59410465943233e-02  1.15385564455975e-01 -2.07163102667550e-01 -1.16007529400587e-01
  5.42688296394375e+04  1.92827452852387e-01 -6.60276420971343e-02 -1.64259061617715e-01 -9.39290477163907e-02
  5.42725578958703e+04 -8.94580071642747e-02 -6.22270362951183e-02  2.90307742571273e-02 -1.49000615515343e-01
  5.42764583333740e+04 -8.94580071642747e-02 -6.22270362951183e-02  2.90307742571273e-02 -1.49000615515343e-01
  5.42768333335613e+04 -8.94580071642747e-02 -6.22270362951183e-02  2.90307742571273e-02 -1.49000615515343e-01
  5.42779166672962e+04 -8.94580071642747e-02 -6.22270362951183e-02  2.90307742571273e-02 -1.49000615515343e-01
  5.42785416671355e+04 -2.70536236010296e-01  7.18488823235128e-02  2.95167838740491e-01  1.09425378554536e-01
  5.42822699235914e+04  7.43161444191550e-03 -8.25301199424279e-02 -5.32550552211460e-01 -3.28504435626601e-01
  5.42859981795926e+04  1.52968089556676e-01 -1.42085763060421e-01  5.84702359195029e-01  6.05268064316431e-01
  5.42897264359318e+04  8.79157307254090e-02 -2.36298657724772e-01  6.14310758739067e-01  2.89546570537858e-01
  5.42934546922965e+04  1.09943532010697e-01  3.33170130165145e-01  2.95552706956705e-01  2.89991053609568e-01
  5.42971829488785e+04  6.72206061116850e-02  4.15676226021582e-02 -5.25687464484439e-01 -4.48435293393182e-01
  5.43009112052315e+04  5.59697564051467e-02 -3.88575384375386e-02  2.81143321111463e-01  2.03046868021474e-01
  5.43046394618160e+04 -6.41656159306513e-02  1.29413823681071e-02 -3.05216836247886e-01 -1.51226140190883e-01
  5.43083677183992e+04 -7.20724058164798e-02  2.28284182921170e-01 -6.84223725828531e-01 -5.45699938645420e-01
  5.43120959751911e+04 -9.34418148926649e-02 -1.10490991042852e-01  3.02404644402591e-01  1.30320206727931e-01
  5.43158242319688e+04  8.07035364230725e-02  3.08743271952497e-02  3.29853506738592e-01  2.91126220158533e-01
  5.43195524889978e+04 -1.69738093553282e-01 -8.84614211173962e-02 -2.93651036957506e-01 -2.05403879395821e-01
  5.43232807460242e+04 -6.70371679319556e-02  9.12156360906802e-02 -7.78786340499201e-02 -7.47717826769281e-02
  5.43270090030613e+04 -1.93381087134001e-03 -1.61257226605812e-01 -1.92471979252936e-01  4.78325338627365e-02
  5.43307372603355e+04  1.74118448237835e-01 -2.83645284500917e-02  5.64345879731819e-01  2.79084240908010e-01
  5.43344655178553e+04  1.65325315777461e-01 -3.91134673013568e-02 -8.19656889603504e-01 -2.50321932923715e-01
  5.43381937755614e+04 -9.94301648471943e-02 -4.97033811447883e-02 -5.32190778597034e-01 -4.10863312018529e-01
  5.43419220333393e+04 -1.09935868456337e-01 -1.54166492514178e-01  1.72124459174822e-01  9.51023977400582e-02
  5.43485208339271e+04 -1.09935868456337e-01 -1.54166492514178e-01  1.72124459174822e-01  9.51023977400582e-02
  5.43495625008381e+04 -1.09935868456337e-01 -1.54166492514178e-01  1.72124459174822e-01  9.51023977400582e-02
  5.43532907596144e+04  1.10648039303178e-01  9.26305974079927e-02  4.48216322743625e-01  3.59003961815299e-01
  5.43570190178878e+04 -2.88292449650495e-01  6.45602201452844e-03  3.21503097297448e-02  6.83736599085561e-02
  5.43607472768276e+04  3.98342247078541e-02 -1.31414252401590e-03 -2.59254768842086e-01 -8.14554925541832e-02
  5.43644755357189e+04 -6.35823368344880e-02 -1.94965250618777e-01  2.30008075437916e-01  2.74334866274148e-01
  5.43695000000509e+04 -6.35823368344880e-02 -1.94965250618777e-01  2.30008075437916e-01  2.74334866274148e-01
  5.43701250000716e+04 -1.63215828639977e-01 -1.01020142202274e-01 -2.76607930520365e-01 -2.02571334645472e-01
  5.43738532595094e+04  2.72668960612561e-01 -1.13619531521135e-01 -8.08400009745273e-02 -9.45885319375114e-02
  5.43775815191308e+04 -1.01336111979124e-01 -5.40363900405324e-02  1.48875259381246e-01  2.73154003211975e-01
  5.43813097791274e+04  1.01528897655092e-01 -2.07570551857594e-02  6.90421121300035e-02  6.12155980545784e-02
  5.43850380391009e+04 -1.99377894554070e-01  1.84657777527853e-02 -2.44764115093541e-01 -1.77552683948842e-01
  5.43887662992499e+04  7.52551087294919e-02  2.12767820644494e-01 -6.41859469089665e-02  1.75944898292874e-01
  5.43924945599131e+04  1.64250774030032e-01 -3.42703713332374e-01 -1.05078088172737e-01  3.58493524331352e-02
  5.43962228202859e+04 -1.12086857419095e-01  2.12886823728631e-01  3.97503019761097e-02  3.29891989108632e-02
  5.43999510810545e+04 -1.16092005950937e-02 -4.25630660109316e-01 -4.20966134007794e-02 -1.50604262966951e-03
  5.44036793417452e+04  2.69505914216311e-01  7.02365294539051e-03  6.71684957395603e-02  8.60818571718558e-02
  5.44074076029735e+04  9.62940545572408e-02 -6.45706128474300e-02  2.49020081338687e-01  3.00150803182416e-01
  5.44145833337731e+04  9.62940545572408e-02 -6.45706128474300e-02  2.49020081338687e-01  3.00150803182416e-01
  5.44200000003309e+04  1.68769637245668e-01  6.58596901478931e-02 -3.34955201951872e-01 -9.99826422324347e-02
  5.44237282617361e+04 -1.55921939743382e-01  1.33589723309197e-01 -4.26437098920804e-03  1.40047248434187e-01
  5.44274565232744e+04 -1.34816256062372e-01 -2.32399119072940e-01  3.14125956882638e-02  9.16730171628705e-02
  5.44311847849535e+04  1.47020889362081e-01  4.48511354074932e-02  9.44101288916859e-02  2.26408721585614e-01
  5.44349130465369e+04 -1.29190838769925e-01  1.74620003707940e-01 -3.14770195219295e-01 -7.66419558203645e-02
  5.44386413082686e+04  4.79558583783611e-02 -1.62060712467488e-01 -4.28627396954681e-01 -1.05969511541224e-01
  5.44423695701424e+04 -1.35174654775313e-01  4.24362905679667e-02  1.96328716146634e-01  1.84285656922327e-01
  5.44460978321042e+04 -1.11442982690708e-02  5.80009809513293e-02 -1.19412076452332e-01 -9.14484841344693e-02
  5.44498260938090e+04 -4.12940738594285e-02  6.43635684921078e-02 -2.92662333115046e-01 -1.26754211171218e-01
  5.44535543559165e+04  5.50972889935449e-02  3.08883825875421e-02  4.40456344173975e-01  4.31948830026591e-01
  5.44572826179664e+04 -2.84620133123415e-01  5.40680244914779e-02 -6.58220039489613e-02 -3.26585190613178e-02
  5.44610108799790e+04  5.76790119378216e-02 -1.99169424182577e-01 -5.08873404493474e-03 -1.59256040872901e-01
  5.44647391421910e+04  4.69498561528441e-02 -1.23240372259012e-01 -3.40452312745382e-01  1.89451531476836e-02
  5.44684674039271e+04 -3.39897257499820e-02  8.64389197959639e-02  3.82531380381810e-01  2.49251829700025e-01
  5.44721956661264e+04 -1.68187955788414e-01 -7.91505332958321e-02  2.45821519770082e-01  2.42485052787399e-01
  5.44759239283173e+04  1.66401162817289e-01 -1.95672288157555e-01 -1.03185984683353e-01 -7.82434456345872e-02
  5.44796521904166e+04 -2.27051084527918e-01  1.40876393221825e-01 -1.98557062964120e-01 -1.29346064346567e-01
  5.44833804527883e+04  1.22512950786552e-01 -2.03831188018413e-01 -1.99480081154695e-01 -1.21677745079607e-01
  5.44885243060476e+04  1.22512950786552e-01 -2.03831188018413e-01 -1.99480081154695e-01 -1.21677745079607e-01
  5.44889409727453e+04 -1.10064129762036e-01  3.95234335269856e-01  2.14519631238197e-01  1.75294073280627e-01
  5.44926692348148e+04  1.41144705837520e-01 -4.98264214653307e-02 -9.32707585531117e-02 -9.55554287069135e-02
  5.44963974964987e+04 -2.42019373170258e-02  2.33063081944874e-01  1.78368141117077e-01  1.42967303533636e-02
  5.45001257582188e+04  5.08096036932712e-02 -1.30603781350634e-01 -4.74644453372844e-02 -1.38966278287038e-02
  5.45038540200834e+04 -5.45144142927847e-02  4.35206037250580e-02  2.14291451028881e-02  3.16052460033999e-02
  5.45075822821693e+04 -2.33014690059080e-01 -9.23577138565518e-02 -1.99153992741020e-01 -2.03649287078729e-01
  5.45113105437362e+04  5.01945404310346e-02 -1.67973170850690e-02 -4.66211815618614e-02 -1.22805782396769e-01
  5.45150388053819e+04 -4.55530196831162e-01 -6.97243988029533e-02 -5.38932160624123e-02  4.64015335976053e-02
  5.45187670666829e+04 -3.02138750543184e-02  2.20178297720346e-01 -1.32910875550300e-01 -1.58334756680175e-01
  5.45224953283068e+04 -2.18577023247797e-01 -2.78282852353301e-01 -5.35529044522319e-01 -4.88970848811819e-01
  5.45262235900186e+04 -1.06776625595094e-01 -9.80618361252464e-02 -1.69176189643288e-02  1.77068255458689e-01
  5.45299518510869e+04 -3.25549490968642e-02  3.15225219004780e-01  1.58651306311939e-01 -9.48283972919456e-02
  5.45336801124676e+04  1.73320630198289e-01 -5.71267529402818e-02 -3.82158226724487e-01 -1.92522209740285e-01
  5.45374083737059e+04 -2.69160696761568e-01 -5.19391384464900e-02 -9.12465934850266e-01 -5.60365568061135e-01
  5.45411366347083e+04 -1.79899677570660e-01 -4.35309861621442e-02 -3.64449577988074e-01 -3.05484914535835e-01
  5.45448648956759e+04 -1.48316095529463e-01  8.33350001813525e-05  3.85987470309489e-01  2.01066680126889e-01
  5.45485931564976e+04  1.27891433105333e-01  9.01923161595092e-02 -2.80636445887392e-02  3.91014647859245e-02
  5.45523214172972e+04 -1.59758985808224e-01 -9.65049832730109e-02 -1.52131607344920e-01 -1.24577971852868e-01
  5.45560496778299e+04 -1.91917059120449e-02  1.94968279952113e-01  8.31639198975731e-01  4.14294459981786e-01
  5.45597779382350e+04 -7.39885090639901e-02  7.71165516203610e-02 -1.17133093930827e-02 -1.09536356064158e-01
  5.45635061984110e+04  1.16614951198393e-02 -2.77478225550563e-02  9.28183950973660e-02  5.03001448541383e-02
  5.45672344588552e+04  4.30042765038233e-02 -1.07549706201550e-01 -2.02803520282304e-01 -3.00984469819424e-01
  5.45709627186796e+04  5.88724937960291e-02  3.94751018973116e-02 -1.18932857938524e-02  1.39168777030334e-03
  5.45746909786042e+04 -1.62251909229410e-01 -1.04912193599925e-02  5.46972959468790e-02 -1.62572106719739e-02
  5.45784192381018e+04  1.31759836523143e-01 -1.90406269108717e-01 -7.50858267791718e-02 -8.64292628365926e-02
  5.45821474978751e+04  8.33354590147289e-04 -6.28010310305679e-02  2.56779262873265e-01  2.42793255926446e-01
  5.45858757572292e+04  7.68677155262927e-02  8.71165054337028e-03  1.37577873483153e-01  1.27509756609189e-01
  5.45896040163981e+04 -6.77616310008704e-02 -7.59912556781990e-02 -2.07461745919510e-01 -7.36887048676892e-02
  5.45933322754225e+04 -1.47606256788273e-01  2.45408790012124e-01  2.09130642270886e-01 -3.78641855136195e-02
  5.45970605345139e+04  3.87024747741827e-01  1.31484400178040e-01 -2.30090604646998e-01 -1.16762279709710e-01
  5.46007887931504e+04  5.96089458774994e-02  9.45948003341573e-03 -1.20753480399924e-01 -1.27827638804911e-01
  5.46045170517813e+04 -1.98724799886815e-01 -2.22022860185872e-01 -2.21683749826391e-01 -1.73310598174218e-01
  5.46082453104178e+04  9.13097524090156e-02  5.51010190097366e-02  3.42425837802400e-01  4.39091534730589e-01
  5.46119735688379e+04  3.07364166921736e-03  3.08051162402934e-02 -2.95282879473028e-01 -1.55459586812277e-01
  5.46157018272743e+04 -1.37305724404631e-01 -6.62127513030661e-02 -2.43756219311556e-01 -3.52961123434892e-01
  5.46216131948033e+04 -1.37305724404631e-01 -6.62127513030661e-02 -2.43756219311556e-01 -3.52961123434892e-01
  5.46222083341052e+04 -2.97182517346156e-02  6.99777206355255e-02  3.55494900969198e-01  2.68666571749527e-01
  5.46259365921204e+04 -1.90665752091360e-01 -7.85942817523626e-02 -1.22418291087595e-01 -2.82327866150788e-01
  5.46296648501167e+04  5.69940888723172e-02  2.14190328705837e-01  5.49949025206161e-01  5.64819762291653e-01
  5.46333931079063e+04  2.40419618466826e-02  1.77681191502207e-01  2.22391216549462e-01  3.75787513183826e-01
  5.46371213659081e+04 -5.35639839751934e-02  1.34199530561607e-01 -3.00764392219812e-01 -3.31223048189317e-01
  5.46408496236760e+04 -3.24663984417112e-01 -1.32054891223728e-01  3.08042277507078e-03 -1.06068035189572e-01
  5.46445778812386e+04 -5.65746826862451e-02 -1.37496024874351e-01 -1.71128741325245e-01 -1.74523370314139e-01
  5.46483061390244e+04 -4.16459365516211e-02  7.57145828670255e-02  3.79119634031641e-01  2.75351558780453e-01
  5.46520343968055e+04 -2.51425367462753e-02  6.16875680989917e-02 -5.82150178331927e-02 -9.64264263757320e-02
  5.46557626545927e+04 -1.14429816855000e-02 -4.28045572645063e-02  2.60382905334325e-01  1.53913532542430e-01
  5.46594909123807e+04 -2.47778853418888e-02  1.74793380542712e-01  8.08670846851979e-02  6.59471137104622e-02
  5.46633402781089e+04 -2.47778853418888e-02  1.74793380542712e-01  8.08670846851979e-02  6.59471137104622e-02
  5.46634402778483e+04 -1.28815239414141e-01 -2.16053275324390e-01 -4.89500927812755e-01 -2.07577288890763e-01
  5.46671685356169e+04  2.81789305949633e-03  4.72954393643536e-02  1.02455507276888e-01  1.36534431543737e-01
  5.46708967935023e+04 -8.72630109825456e-02 -6.24755936845717e-02 -3.30955806641802e-01 -1.63170577956407e-01
  5.46746250516422e+04 -1.86258803721471e-01 -1.35487691792091e-01  1.91008796098728e-01  3.07878109298247e-01
  5.46797083335996e+04 -1.86258803721471e-01 -1.35487691792091e-01  1.91008796098728e-01  3.07878109298247e-01
  5.46811666667836e+04 -2.69454959107138e-01  1.22947984307365e-01 -1.31812646029532e-01 -6.00578374527719e-03
  5.46848949247673e+04  3.97682607878306e-02  1.45043335928486e-01 -8.21914789809422e-01 -4.49690385149533e-01
  5.46886231829895e+04 -4.96864864777233e-02 -2.47686428411871e-01  5.62683793646522e-01  3.01733640083055e-01
  5.46923514416517e+04  1.09924178198974e-02  1.94096473949040e-01 -1.37262923119161e-01  7.16476815983285e-02
  5.46960797061018e+04 -1.28683425399779e-01 -2.13645602018462e-02 -3.31356392926842e-01 -2.17246073383257e-01
  5.46998079751737e+04 -1.68820183792958e-01 -7.31765907735609e-02  1.17589723810602e-03 -3.46764900997104e-02
  5.47035362442201e+04  6.93586189971556e-02  1.96704567402082e-01  1.49660777487895e-02 -4.56082542947580e-02
  5.47072645132558e+04 -5.87571629444230e-02 -3.78797984999399e-01 -2.92551560313962e-01  1.99449940965082e-02
  5.47109927362999e+04  1.12595177163406e-01  7.78227556875856e-02  1.42126633950493e-01  2.06818136808416e-01
  5.47147209958443e+04 -1.19012938023820e-02  2.06451198822846e-01 -3.58741817541037e-01 -2.33743166208632e-01
  5.47184492553727e+04 -1.18127168754835e-01 -2.37933140118514e-01 -5.22485212632411e-02 -4.14723795841226e-04
  5.47221775152893e+04 -1.33106488627963e-01 -1.15645071342924e-01  3.40366803129842e-02  9.58105772301437e-02
  5.47259057754039e+04  3.85205199380138e-02  6.50914373670623e-02 -5.24643239804895e-01 -5.11053583282143e-01
  5.47296340354932e+04  6.46277497170866e-02 -8.01137988855266e-02 -3.35656472365567e-01 -1.03810820886027e-01
  5.47333622957141e+04 -1.41168020462159e-01  1.22086003701014e-01 -1.88844340223020e-01 -8.87725241385516e-02
  5.47370905563391e+04 -1.73669828641996e-01 -1.53954445980854e-03 -2.69339144212825e-01 -1.96857002803139e-01
  5.47408188168714e+04 -3.31484728974669e-01 -2.68459367632963e-01  2.84395628134582e-01  1.80554124720014e-01
  5.47475138892720e+04 -3.31484728974669e-01 -2.68459367632963e-01  2.84395628134582e-01  1.80554124720014e-01
  5.47479930561144e+04  4.73519394191547e-02 -1.13884089040166e-01 -5.00419957041866e-01 -1.66824734884770e-01
  5.47517213173553e+04  1.45340698936938e-02 -1.06196734988045e-02  3.03167588863521e-01  3.89702888918403e-01
  5.47554495786829e+04 -4.50817128890139e-02  1.11851475899923e-01  8.09342998158612e-01  5.66610340150012e-01
  5.47591778399352e+04  7.41986850646947e-02 -4.91167076111995e-01 -4.15267254929368e-01 -6.27904802240574e-02
  5.47629061015126e+04 -1.93512263709178e-01  5.07023384207226e-02 -1.77329206425146e-01 -7.15375109612880e-02
  5.47674166671620e+04 -1.93512263709178e-01  5.07023384207226e-02 -1.77329206425146e-01 -7.15375109612880e-02
  5.47679444450673e+04  2.55913924365342e-01 -2.93669731989605e-01 -2.96752499102900e-01 -1.96408503435487e-01
  5.47716727068299e+04 -7.22919256858432e-02  3.17620917063591e-01  1.76683502258446e-01  1.02762870780847e-01
  5.47754009686540e+04 -1.71922353464893e-01 -1.33129632759485e-01  1.40000659405967e-01  1.23283452969473e-01
  5.47791292307095e+04  2.72359478648114e-01 -1.10909230371363e-01  1.62385990700575e-01  4.90134081267538e-02
  5.47828574928902e+04 -3.05089150219474e-01  2.25542008789215e-02 -4.08149995417636e-02 -1.00603630170871e-01
  5.47865857551933e+04  4.06761491842475e-02  4.21872280390326e-01 -3.52459921621187e-01 -2.42270872399284e-01
  5.47903140176199e+04  1.23727701098255e-02 -1.51748392415926e-01  5.19263268884727e-01  4.80608053853068e-01
  5.47940422801980e+04  2.23476389416516e-01  2.96787335451805e-01 -5.43801081272458e-01 -3.47331867951312e-01
  5.47977705426782e+04 -1.96100172624786e-02 -5.34298707048452e-02  3.15483683587167e-01  2.39682344931948e-01
  5.48014988052766e+04 -8.70089101891969e-02  1.58360596023915e-01 -1.36845967207492e-01 -1.13984313177214e-02
  5.48052270677512e+04 -5.87066411557921e-02 -1.08211924705179e-01 -2.51193373548432e-01 -2.03629110559807e-01
  5.48089553307038e+04  1.88799461581052e-01  1.56100689810573e-01  3.91622718914315e-01  6.78345917641027e-01
  5.48126835932731e+04 -2.90071326952357e-01  1.53859388575651e-01 -3.58024271037629e-01 -3.34140600241612e-01
  5.48164118561644e+04  1.11653631605351e-03  1.34095244346449e-01 -3.31040180830399e-01 -1.90615626333330e-01
  5.48201401188495e+04  5.78242572532502e-03 -1.31181679429516e-02 -1.23764309817313e-01 -1.25781575700143e-01
  5.48238683817095e+04  1.48999295490802e-01 -1.82220598687824e-01 -2.19305947000849e-01 -1.47357998303314e-01
  5.48275966447709e+04 -9.06536401164807e-02 -5.87552988516806e-03 -1.24423129955846e-01  8.74813312403379e-02
  5.48313249078229e+04 -6.80383453606497e-02 -2.83933748113664e-02  2.42769223173153e-01  8.29984784847793e-02
  5.48350531589167e+04 -1.25038136418185e-01  1.47415556017625e-01  1.47576191367866e-01  4.95025700538847e-02
  5.48394305558299e+04 -1.25038136418185e-01  1.47415556017625e-01  1.47576191367866e-01  4.95025700538847e-02
  5.48405208336054e+04 -1.84311384525675e-01  5.18743079421981e-02 -1.02129409206162e-01  4.42788225727298e-02
  5.48442490953520e+04 -5.74929706395894e-04  1.21496707124455e-01 -9.65524185233935e-02 -8.47163351460017e-02
  5.48479773583217e+04 -1.39383097034599e-02 -9.80654664171319e-02  5.96900182442302e-02  6.32230736195631e-03
  5.48517056213160e+04  7.21308593508171e-02  6.18209178745974e-02 -3.10299479922249e-01 -2.50954125634668e-01
  5.48554338841538e+04 -1.92605505191862e-01 -6.04774885960068e-02 -2.07975843549014e-01 -2.59557016261155e-02
  5.48591621470162e+04  5.13902559694077e-01 -1.27936967101248e-01  2.26111156555646e-01  1.91280352917089e-01
  5.48628904097212e+04  8.33103676182203e-02 -9.21743148065709e-03 -6.68759453535142e-02 -6.86425254050587e-02
  5.48666186724999e+04  1.37355976336674e-01  1.30131565232519e-01 -3.24615656707902e-01 -5.00864547951690e-01
  5.48738194447107e+04  1.37355976336674e-01  1.30131565232519e-01 -3.24615656707902e-01 -5.00864547951690e-01
  5.48744166673831e+04 -1.86420391575203e-01  1.62520718972381e-01 -8.58039160402212e-02 -1.90518942293584e-01
  5.48781449303090e+04 -1.01316492205884e-01 -3.43574764066107e-01  5.06486668989490e-02  3.10580645115758e-01
  5.48818731929144e+04 -1.44736595828282e-01 -2.52326837963076e-02 -6.35861118243672e-01 -1.74008277529924e-01
  5.48856014556794e+04 -2.42119726609769e-01  2.69552646680635e-02  3.38797151775732e-01  2.47094630224813e-01
  5.48893297178624e+04 -7.39400893823784e-02 -6.12397874497144e-02 -5.83743354426949e-02 -1.22088392650970e-01
  5.48930579801390e+04  1.72212701091684e-01  1.96616065672703e-01  4.70430095982263e-01  3.53183427645242e-01
  5.48967862425776e+04 -6.57257127596844e-02 -2.33089313888305e-01 -9.90963109582903e-02 -1.69272123383612e-01
  5.49005145048472e+04 -2.75317912860178e-01  2.26995634095481e-01  6.38190661322935e-02  1.26892984116256e-01
  5.49042427671205e+04 -1.49860228853683e-01  1.69494109868906e-01  1.72316179605245e-02 -3.01748372304362e-02
  5.49079710291239e+04 -2.49991106184764e-01  1.71072245641277e-01 -1.37499493334118e-01 -2.27460283448671e-01
  5.49116992910220e+04 -1.78463005242047e-01 -5.94475538353363e-02 -2.41671641263718e-01 -7.00334509595420e-02
  5.49154275529062e+04 -1.04885340787114e-01  2.56557223940810e-01  3.85022392582744e-01  1.26697211907093e-01
  5.49191558144871e+04 -4.05681306289151e-01  4.65984292477777e-01 -4.28992753420977e-01 -4.24667460493527e-01
  5.49228840761989e+04 -2.47933213866098e-01  1.08469201407715e-01  4.59639585293716e-01  1.48961708116066e-01
  5.49266123377766e+04 -1.15195432431610e-01  1.92416813285873e-01  1.08993593378000e-01  5.84848445002089e-03
  5.49303405993946e+04 -4.85798305205088e-02  2.52888217858277e-01  3.06583337201857e-02 -1.78598408517949e-02
  5.49340688605660e+04 -1.78278460744788e-01  1.89901476923931e-01 -2.05124880084996e-01 -4.20795338460345e-01
  5.49377971215868e+04  1.74037454528601e-01 -8.05573862129743e-02  6.22563951949575e-02 -4.51659223251670e-02
  5.49415253826089e+04 -2.01046881081516e-01  1.59211366411461e-01  2.37689901515374e-01  1.57433441895237e-01
  5.49452536434675e+04 -2.41396239676102e-01  1.80428176449901e-01 -3.36709960122483e-02 -2.80501929768006e-02
  5.49489819041562e+04  7.82690245717613e-02 -7.79502322423516e-02 -3.03735261559861e-01 -1.57880087206111e-01
  5.49527101646642e+04 -2.96355652481333e-01 -4.89753912605375e-03  1.74871494802685e-01  1.49967460622300e-01
  5.49564384250395e+04 -1.58038127861135e-01 -8.56768809792102e-02  1.37443780885286e-01  8.08629262574038e-02
  5.49601666854050e+04 -1.43993400195238e-01 -2.60822642871514e-01 -5.72726884756401e-02 -1.85474281810717e-01
  5.49638949456030e+04 -4.55289432078175e-02  1.47419494730523e-01  7.10029018632414e-02  1.31102631013916e-02
  5.49676232056100e+04 -2.55303672351176e-01  2.89549567023304e-01  3.01944075442212e-01  1.43380333303273e-01
  5.49713514656529e+04 -1.88402800624634e-01  7.44281240172922e-02  4.51404311293389e-01  2.76598575976612e-01
  5.49750797252637e+04 -2.08858270697421e-01  1.50860582071501e-01 -4.37674972397236e-01 -2.55928405388210e-01
  5.49788079849015e+04 -4.21433115934158e-01  3.29875958049073e-01 -1.72988633427230e-01 -1.65906457789923e-01
  5.49825362446007e+04 -3.13237368436377e-01 -1.38358213563020e-01 -1.98058417623149e-01 -8.36206035637302e-02
  5.49862645040533e+04 -6.31893090866695e-02  1.61856859100504e-01  2.28119099700232e-02  4.07639597957873e-02
  5.49899927637464e+04 -6.65212029191670e-03  1.85422114189326e-02  8.87969886809420e-02 -4.36037716627539e-03
  5.49937210228993e+04 -5.55276312018592e-03  6.98666484051554e-02 -1.52455371890109e-01  4.51513170755522e-02
  5.49974492823378e+04 -1.65802708112521e-01  3.80290757110674e-01 -1.26226308317745e-01 -2.29707535634829e-03
  5.50011775413460e+04 -2.47165494298821e-01  3.76164197566464e-01 -1.60645530629355e-01 -2.05228574908666e-01
  5.50049058005474e+04 -2.13541176675089e-01 -5.62907964535874e-02 -1.18182126002733e-01 -1.50389467896018e-01
  5.50086340597210e+04 -5.49215630010463e-02  7.12266836613862e-02  1.70711804508219e-01 -2.31118007854867e-03
  5.50123623188032e+04 -4.20838567990710e-01  9.96101670382918e-02 -2.03434341283454e-01 -2.63537561164663e-01
  5.50160905778867e+04 -1.81928307296043e-01  2.86646546575156e-01  4.43139080192759e-02 -4.18484323782912e-02
  5.50198188369872e+04 -1.97747789613685e-01 -2.48532495969952e-01  3.18095015438826e-01  2.88648021163190e-01
  5.50235470963218e+04  6.29462781176743e-02  1.84553148090395e-01  1.17968346650951e-01 -1.07008060353858e-02
  5.50285986111410e+04  6.29462781176743e-02  1.84553148090395e-01  1.17968346650951e-01 -1.07008060353858e-02
  5.50290972229562e+04 -4.42321917810306e-01  5.65833479107145e-01 -3.31646348472543e-01 -2.70348345413564e-01
  5.50328254822777e+04  3.22444727757280e-02  6.00621867159185e-02 -6.21401625915981e-02  2.07931640629810e-01
  5.50365537413750e+04 -6.62238030708825e-02 -9.21760592134784e-02 -3.25856977279945e-02 -1.34449942523413e-01
  5.50402820006980e+04 -1.80683405095178e-01 -8.91750734840663e-02 -3.44689159405601e-02  5.79601374475533e-02
  5.50440102602305e+04  6.30383422394479e-02  1.20543731584742e-01 -7.28400751433661e-01 -4.40247002073103e-01
  5.50477385197327e+04  2.69687694440092e-02 -2.65294252986210e-02  5.47612763900416e-01  2.77039873195286e-01
  5.50514667792187e+04 -5.49745656996707e-02 -4.49671615115230e-02 -2.13172239873975e-01 -1.49382254470147e-01
  5.50551950389156e+04 -4.41111171803760e-02 -2.54104989343639e-01 -5.04226285365452e-02  1.11410115646515e-01
  5.50589232988276e+04 -8.03529521588527e-02  5.77104754531519e-02  2.23701131846644e-01  1.55633955859293e-01
  5.50626515587523e+04 -5.05917051257629e-01  4.55740386182414e-01  1.21437380439826e-01 -4.75838641730720e-01
  5.50663798176920e+04 -4.22040097495160e-01  7.90838172765141e-01 -1.10465863324560e-01 -9.17400659320857e-02
  5.50701080766470e+04 -9.62256314920216e-02 -4.33982069991554e-01  3.29645801962291e-01  3.04030430110948e-01
  5.50738363355950e+04 -4.03085203676814e-01  6.25271124230907e-01  1.08851032063993e-02  7.47117032618109e-02
  5.50775645948959e+04 -1.34811757365756e-01 -2.19106736906434e-01 -5.52750387041209e-01 -2.63529675549802e-01
  5.50812928540508e+04 -1.06741940657927e-01  3.32051558555948e-01 -5.11611402563182e-01 -3.02595501304870e-01
  5.50850211138817e+04 -3.03082865067984e-02 -1.39503194658002e-01 -4.08736856677101e-01 -1.65660544546588e-01
  5.50887493735035e+04 -2.73430359534411e-01  5.31010135442116e-02 -3.83108343420540e-01 -3.44472838582192e-01
  5.50924776337638e+04 -3.01105045584080e-01  4.12766470625648e-01 -5.86171814668167e-01 -5.80990865884623e-01
  5.50962058933032e+04 -4.26675156041986e-01  4.60580297573997e-01  4.92351962457903e-01  2.86217291717319e-01
  5.50999341528705e+04 -2.52999134109162e-01 -1.31716006198570e-01 -2.37296970246897e-01  7.77263242398938e-04
  5.51036624126145e+04 -4.00810139859276e-01  1.94347529964609e-01  5.32060837074423e-01  3.83751843617710e-01
  5.51073906731272e+04 -2.49157828972340e-01  7.57044199182660e-02  1.17116801627401e-01 -1.67305937521878e-01
  5.51111189331238e+04 -2.41727119541071e-01  4.07003629947106e-01  1.22051452603349e-01  6.91393511801917e-04
  5.51148471931736e+04 -3.43954696621443e-01  1.65562200094365e-01  4.66902434812235e-02 -5.88975249016690e-03
  5.51185754533532e+04 -6.02987987131706e-01  5.01199239970510e-01  6.88619249424206e-02 -1.98566669695708e-01
  5.51223037136285e+04 -2.45820234343589e-01  4.52568728275823e-01  3.16395490713088e-01  2.92339086630903e-01
  5.51260319739028e+04 -5.55426492806808e-01  1.78406142357002e-01 -5.53641770171722e-01 -1.95576401397903e-01
  5.51297602341643e+04  1.03612023143961e-02  3.41972948031176e-02 -1.33130957957645e+00 -9.63408654780547e-02
  5.51334884955901e+04 -1.55963256725982e-01  4.56379400627534e-01  2.21807737583099e-01  4.03384249207837e-01
  5.51372167579747e+04 -5.94360128473624e-01  4.37520516542361e-01  2.54875752026445e-01  1.72466281004626e-01
  5.51409450204432e+04 -3.85674921109070e-01 -6.46077846735072e-02 -7.47141987808156e-01 -5.79031121498332e-01
  5.51446732828184e+04 -2.63520905287063e-01  5.89008107117161e-02 -3.69132477303702e-01 -2.51144325555791e-01
  5.51484015456887e+04 -3.26104237406481e-01  3.22475690803090e-01 -1.95880940372462e-01 -5.20802528352049e-02
  5.51521298083947e+04 -1.51550199523922e-01  3.86827118264457e-01 -1.21873377677805e-01 -6.20238099411710e-02
  5.51558580714838e+04 -6.29544143155775e-02  9.42594844211898e-02 -1.27488844287638e-01 -2.17297025419971e-01
  5.51595863342512e+04 -8.48113157316591e-02  3.70220070461213e-01 -1.41325688294270e-01  1.55063477970388e-02
  5.51633145972776e+04 -2.96956602140867e-01  2.12367936913957e-01 -3.62627257542829e-02  1.20825188601931e-02
  5.51670428604861e+04 -2.42045667051362e-01  2.82269682099075e-01 -9.22119042265051e-03  4.29053678006136e-02
  5.51707711238310e+04 -1.16825687463079e-01  2.11575621469892e-01  2.13564112921659e-01  1.01178282176706e-01
  5.51744993868541e+04 -6.06030492165990e-04  2.94233055291827e-01 -4.30124023418840e-01 -4.72293840813161e-01
  5.51782276498889e+04 -1.23816431128132e-01 -1.83781777326862e-01  6.18235483668570e-02  2.10884356468599e-01
  5.51819559130916e+04 -6.01706330820730e-01  1.13509701204517e-01 -1.83555869931401e-02 -3.96797755134008e-01
  5.51856841759097e+04 -1.49901617645625e-01 -2.38195095408287e-02 -1.26841002175139e-01  3.70915834802341e-02
  5.51894124385429e+04 -5.11386454629036e-02  3.50308075468918e-01  1.17244651328184e-01 -1.38359066898520e-01
  5.51931407018217e+04 -1.40753010302239e-01 -2.52323219773859e-02  1.01193145465033e-01  6.21905542955925e-02
  5.51968689648517e+04 -4.44160117609558e-02 -1.79858798442607e-01 -4.62468850184212e-01 -5.70132323366319e-01
  5.52005972278437e+04 -3.10942047466130e-01  1.48283208861481e-01  4.49428744986381e-01  2.51057207093900e-01
  5.52043254902847e+04 -1.53484295500831e-02  1.53030976108680e-01 -4.62958265091099e-01  1.10918653119120e-01
  5.52080537529029e+04 -1.25419541884941e-01  1.60985923955845e-01 -5.06875984715172e-01 -2.13450854547106e-01
  5.52117820162513e+04 -1.77257484645851e-02 -6.85752738519364e-02 -5.09747060767490e-01  2.09350713660409e-01
  5.52165520841458e+04 -1.77257484645851e-02 -6.85752738519364e-02 -5.09747060767490e-01  2.09350713660409e-01
  5.52173854169745e+04  6.72964398849130e-02 -6.57617729334763e-02 -1.07860282025048e-01 -4.56526319986302e-02
  5.52211136802780e+04 -1.36411946782670e-01  2.66775729613749e-01  4.62340137112903e-01  4.19060079126942e-01
  5.52248419443530e+04 -4.61795291692110e-01  2.61534029980063e-01 -4.02162043418951e-02 -5.69216217620115e-03
  5.52285702079489e+04  4.15418456842256e-01 -2.80868854156068e-01 -2.61588423801121e-01 -1.22649377211394e-01
  5.52322984714722e+04 -5.44917305084468e-02 -9.13967054485613e-03 -4.23227813466615e-01 -4.70528555771202e-01
  5.52360267350359e+04 -3.46578872559005e-01 -7.41862955272803e-02  7.67617511595682e-03 -9.44168083309663e-02
  5.52397549987753e+04  1.54694234597998e-01  1.38169652418417e-02 -2.18429366772610e-01 -1.04165741377496e-01
  5.52434832622663e+04  1.26170153819237e-01  4.40076302359511e-02 -5.08959487188249e-01 -4.58477595931527e-01
  5.52472115257014e+04 -1.07354415618607e-01  4.41415648676965e-01  2.94021459220708e-01  4.83819503248665e-02
  5.52509397893554e+04 -1.87571197782164e-01 -1.78859356321692e-02 -4.52430054375962e-01 -4.13127195628371e-01
  5.52546680526262e+04 -3.16438253939782e-02  1.06985004615967e-01  2.58292244181240e-01  1.23078795814319e-01
  5.52583963156390e+04 -4.48930721047169e-02 -7.24071120032691e-02  4.65461572914585e-01  1.52393799472550e-01
  5.52621245789735e+04 -9.23039577583759e-03  7.08467135652037e-02  9.62962306501836e-02 -5.79995777461782e-02
  5.52658528421239e+04  1.37629176701068e-01 -4.46807200462483e-01 -6.42283411888848e-02  3.29829839022115e-02
  5.52695811051053e+04 -3.89736774037271e-02  1.45172043840342e-01  1.70691030150070e-01  1.28919446448443e-01
  5.52733093683970e+04  3.02314016935804e-01 -1.44367971761437e-01 -1.68993740196674e-01  4.44372875756419e-02
  5.52770376311783e+04  4.99045705185699e-02  7.78273325522479e-02  3.26071916079524e-01  1.79307928018884e-01
  5.52807658942233e+04 -2.22105059458860e-01 -2.69636004978727e-01 -3.36908246090113e-01 -2.99015175174948e-01
  5.52844941567778e+04  2.91967309888441e-01  6.32604503350392e-02 -2.86615555841090e-01 -2.68133183933461e-01
  5.52882224194721e+04  1.99852670726671e-01 -2.96901519433395e-01  9.78118440024377e-02  4.62073634797178e-01
  5.52919506822883e+04  3.56583833344344e-01 -1.35297711523372e-01 -1.47127827931622e-01  2.27201871013447e-02
  5.52956789449477e+04 -1.96554262928776e-01  1.13468409542706e-01  8.64836943873444e-01 -7.54511687920873e-02
  5.52994072082292e+04  1.04715918016426e-01 -5.25020773353503e-02 -1.37251086236258e-01 -3.20125182254158e-01
  5.53031354689351e+04  6.86676845626051e-03 -3.33926527197192e-01  5.95854768156984e-02  3.17833231939439e-01
  5.53068637307153e+04  1.46813871687861e-01  1.05050783528957e-03  9.58991013572934e-02  1.27725513297630e-02
  5.53105919921295e+04  2.33361856729067e-01 -4.22853001891617e-01 -4.36456440604747e-01 -3.09215257694476e-01
  5.53143202539166e+04  1.93887513421580e-01 -1.48767704582221e-01  2.24463954888650e-01 -1.41746806190150e-01
  5.53180485151423e+04 -1.05198136734605e-01  8.86979411192364e-02 -1.05594412549736e-02 -1.80851110449447e-01
  5.53217767755938e+04  1.70976306640456e-01 -2.24858407124190e-01 -7.59494340030451e-02 -1.23858144512655e-02
  5.53255050355323e+04 -1.64632537380685e-01  2.44370215317948e-02  1.88307522715996e-01  1.87705567082937e-01
  5.53296666673832e+04 -1.64632537380685e-01  2.44370215317948e-02  1.88307522715996e-01  1.87705567082937e-01
  5.53303541667384e+04  3.35478561871615e-02  1.43024190592523e-01  5.91174452982594e-01  2.22879770453192e-01
  5.53340824270844e+04  5.28599556034726e-02 -2.31946878701790e-02  1.73407820729880e-01  1.97342762609839e-01
  5.53378106864109e+04  1.00515199473257e-01 -2.72537014182885e-02  1.66311602633850e-01  4.94738488017688e-02
  5.53415389454630e+04  5.38582858181592e-01 -4.28257855188063e-01 -2.17480919163857e-01 -3.83922287918877e-03
  5.53452672048843e+04 -3.45795075336865e-02 -1.95936571387780e-01 -4.40665072572671e-01 -3.42182789528941e-01
  5.53490416671389e+04 -3.45795075336865e-02 -1.95936571387780e-01 -4.40665072572671e-01 -3.42182789528941e-01
  5.53505625001794e+04 -1.39338434813461e-01 -1.24337270115495e-01 -7.24436200538176e-02 -5.00118644890158e-01
  5.53543750006228e+04 -1.39338434813461e-01 -1.24337270115495e-01 -7.24436200538176e-02 -5.00118644890158e-01
  5.53557500005092e+04  4.54260982377393e-01  1.24788461029359e-02  1.78543945323118e-02 -5.86412183345193e-02
  5.53594782584873e+04  2.98992979441230e-01 -2.80605477059719e-01 -1.07110848263294e-01 -6.36129061803176e-03
  5.53632065162419e+04  6.26319049798042e-02  4.09464453880972e-02  5.55468261456394e-02 -1.39103124014371e-01
  5.53669347743219e+04 -1.02983166440824e-02 -6.13927161701454e-02  1.02560328167546e-01 -1.14534178784232e-01
  5.53706630308182e+04 -1.62649292368911e-01 -3.03716698821312e-01 -3.72330745243636e-01 -1.57029417922333e-01
  5.53743912874547e+04 -1.19694426112948e-01 -1.04686724396266e-01  8.82627309063519e-02  3.23930219613358e-02
  5.53781195438597e+04  1.41860972216386e-01  8.56714207176268e-02  4.82629585941646e-02  9.94809832240943e-02
  5.53818478005637e+04  3.21278259235279e-01 -4.74304857889170e-02  8.68322950851028e-02 -3.97396176279884e-02
  5.53855760570277e+04  2.19886481023432e-01 -4.70662571034905e-01  1.02703645297290e-01  5.16748041541570e-02
  5.53893043136504e+04  4.14308152886526e-01 -5.65719434923687e-02 -1.50670796778779e-01 -1.10856318360456e-02
  5.53930325701100e+04  9.38599377130922e-02 -1.50980063852996e-01  2.85967580311659e-01  8.48792311178208e-02
  5.53967608272834e+04 -8.35520541443572e-02 -2.65716217275133e-01  4.43121916930450e-01  5.63625118835807e-01
  5.54004890837303e+04  5.33791133794733e-01 -3.40906737161398e-01 -1.00321068677410e-01  1.11304963124227e-02
  5.54042173407055e+04 -7.05024745363173e-02 -1.07830918517232e-01 -6.17006714569537e-01 -4.67129873310506e-01
  5.54116738545463e+04 -7.05024745363173e-02 -1.07830918517232e-01 -6.17006714569537e-01 -4.67129873310506e-01
