  5.21309998712442e+04 -1.92924437275530e+04  1.89589597900488e+04  1.87321616132842e+04 -1.95087612759402e+04
  5.21347281046878e+04 -1.92923404024983e+04  1.89597659422942e+04  1.87324589564373e+04 -1.95086772423590e+04
  5.21384563382441e+04 -1.92923847154786e+04  1.89603621819507e+04  1.87327004084187e+04 -1.95081503857155e+04
  5.21421845719525e+04 -1.92921647308599e+04  1.89611154145024e+04  1.87332912930687e+04 -1.95076777983619e+04
  5.21459128054655e+04 -1.92922367845062e+04  1.89618119922976e+04  1.87325857872258e+04 -1.95079091114336e+04
  5.21496410384886e+04 -1.92922367845062e+04  1.89618119922976e+04  1.87325857872258e+04 -1.95079091114336e+04
  5.21533692710499e+04 -1.92920974042798e+04  1.89623021190673e+04  1.87327097407947e+04 -1.95070393837015e+04
  5.21570975034480e+04 -1.92918941907965e+04  1.89625043452770e+04  1.87328630115073e+04 -1.95066688595428e+04
  5.21608257388101e+04 -1.92918439654238e+04  1.89629571472349e+04  1.87326130112507e+04 -1.95067726886921e+04
  5.21666250005311e+04 -1.92918439654238e+04  1.89629571472349e+04  1.87326130112507e+04 -1.95067726886921e+04
  5.21673750004977e+04 -1.92919197180465e+04  1.89635340447326e+04  1.87334612646526e+04 -1.95057708737066e+04
  5.21711032361123e+04 -1.92917700593950e+04  1.89641872164333e+04  1.87327447892033e+04 -1.95061870592829e+04
  5.21748314705902e+04 -1.92917700593950e+04  1.89641872164333e+04  1.87327447892033e+04 -1.95061870592829e+04
  5.21785597052801e+04 -1.92919623868428e+04  1.89645834376373e+04  1.87326160878692e+04 -1.95059404446312e+04
  5.21822879417800e+04 -1.92914627588362e+04  1.89644452627869e+04  1.87327678519458e+04 -1.95056466318838e+04
  5.21860161770762e+04 -1.92913066030902e+04  1.89648271083270e+04  1.87328837239835e+04 -1.95052165444734e+04
  5.21897444126146e+04 -1.92914850912163e+04  1.89651320663120e+04  1.87322446715666e+04 -1.95054930061116e+04
  5.21934726508287e+04 -1.92912282552147e+04  1.89651581538961e+04  1.87326233046850e+04 -1.95050831047314e+04
  5.21972008871654e+04 -1.92909895998228e+04  1.89651501912837e+04  1.87322688069174e+04 -1.95052210466699e+04
  5.22009291248667e+04 -1.92909310048596e+04  1.89652757015183e+04  1.87326141917803e+04 -1.95050221490082e+04
  5.22046573620418e+04 -1.92910146012601e+04  1.89655262313253e+04  1.87321369589815e+04 -1.95051929566010e+04
  5.22083856009492e+04 -1.92909596007994e+04  1.89655607782053e+04  1.87323128716114e+04 -1.95048747992353e+04
  5.22121138397650e+04 -1.92908423785917e+04  1.89656564666024e+04  1.87319563906992e+04 -1.95050445611541e+04
  5.22186875000291e+04 -1.92908423785917e+04  1.89656564666024e+04  1.87319563906992e+04 -1.95050445611541e+04
  5.22200000003866e+04 -1.92908423785917e+04  1.89656564666024e+04  1.87319563906992e+04 -1.95050445611541e+04
  5.22237282384665e+04 -1.92909628650420e+04  1.89660716951133e+04  1.87319656435275e+04 -1.95048057949898e+04
  5.22274564790914e+04 -1.92911259567257e+04  1.89659332422917e+04  1.87316009986391e+04 -1.95049405460237e+04
  5.22311847183681e+04 -1.92910282336052e+04  1.89657767911422e+04  1.87315327260481e+04 -1.95047256932433e+04
  5.22349129592338e+04 -1.92910282336052e+04  1.89657767911422e+04  1.87315327260481e+04 -1.95047256932433e+04
  5.22386411994585e+04 -1.92911948507357e+04  1.89659221399785e+04  1.87310359667391e+04 -1.95048467489445e+04
  5.22423694396595e+04 -1.92909694517493e+04  1.89659665376806e+04  1.87312657426417e+04 -1.95045556820883e+04
  5.22460976815904e+04 -1.92908308262087e+04  1.89659961815160e+04  1.87309330721686e+04 -1.95047284650206e+04
  5.22498259227721e+04 -1.92910983203841e+04  1.89659704926895e+04  1.87311013656699e+04 -1.95045195483115e+04
  5.22535541654237e+04 -1.92911210368202e+04  1.89663892381575e+04  1.87309538358382e+04 -1.95044212155189e+04
  5.22572824069863e+04 -1.92909801698942e+04  1.89659912231246e+04  1.87306962845057e+04 -1.95045199408148e+04
  5.22610106485685e+04 -1.92910254279086e+04  1.89660142403127e+04  1.87304142269503e+04 -1.95046151909342e+04
  5.22647388921238e+04 -1.92910433651850e+04  1.89662850054074e+04  1.87302363279174e+04 -1.95046255937822e+04
  5.22684671344480e+04 -1.92909894669912e+04  1.89660200485305e+04  1.87303027440451e+04 -1.95045280589455e+04
  5.22721953767513e+04 -1.92910680558300e+04  1.89662321956399e+04  1.87303417447506e+04 -1.95043496473606e+04
  5.22759236210716e+04 -1.92911438485474e+04  1.89660175731430e+04  1.87297615714116e+04 -1.95046546817684e+04
  5.22796518640708e+04 -1.92913587336183e+04  1.89660254740205e+04  1.87298791509763e+04 -1.95043964323943e+04
  5.22833801074191e+04 -1.92913030549733e+04  1.89660677539217e+04  1.87295380570480e+04 -1.95045792328227e+04
  5.22906250006377e+04 -1.92913030549733e+04  1.89660677539217e+04  1.87295380570480e+04 -1.95045792328227e+04
  5.22909791668705e+04 -1.92911639052254e+04  1.89663629726314e+04  1.87297548649169e+04 -1.95043976639117e+04
  5.22947074099965e+04 -1.92913679428149e+04  1.89666628471901e+04  1.87289128333805e+04 -1.95049990832301e+04
  5.22984356532778e+04 -1.92912888016772e+04  1.89663532380722e+04  1.87284654647756e+04 -1.95050677714040e+04
  5.23021638964097e+04 -1.92913806576754e+04  1.89669105821324e+04  1.87286104108762e+04 -1.95049414945772e+04
  5.23058921412292e+04 -1.92914894798508e+04  1.89667474032190e+04  1.87287127225681e+04 -1.95048118796607e+04
  5.23096203838263e+04 -1.92913582180698e+04  1.89667858694127e+04  1.87286713667687e+04 -1.95046266438454e+04
  5.23133486272152e+04 -1.92915297330159e+04  1.89669932158236e+04  1.87283274236043e+04 -1.95048012755764e+04
  5.23170768706330e+04 -1.92912773376867e+04  1.89666126194232e+04  1.87281015469675e+04 -1.95049090363316e+04
  5.23208051139422e+04 -1.92915488875880e+04  1.89666901615718e+04  1.87278085006129e+04 -1.95050602895484e+04
  5.23245333573670e+04 -1.92915153275646e+04  1.89664595342797e+04  1.87277354119775e+04 -1.95050925510295e+04
  5.23310833333993e+04 -1.92915153275646e+04  1.89664595342797e+04  1.87277354119775e+04 -1.95050925510295e+04
  5.23314319452801e+04 -1.92915153275646e+04  1.89664595342797e+04  1.87277354119775e+04 -1.95050925510295e+04
  5.23351601865557e+04 -1.92916109072607e+04  1.89668780507384e+04  1.87279874264972e+04 -1.95051881470353e+04
  5.23388884279237e+04 -1.92917232119915e+04  1.89667308224547e+04  1.87277485409681e+04 -1.95052178548114e+04
  5.23426166692837e+04 -1.92918534129830e+04  1.89666775122297e+04  1.87274141208547e+04 -1.95055082001138e+04
  5.23463454437963e+04 -1.92918209923292e+04  1.89666720320939e+04  1.87274102307494e+04 -1.95051898637444e+04
  5.23500736851830e+04 -1.92918175789137e+04  1.89667028857075e+04  1.87273327613888e+04 -1.95052391899273e+04
  5.23538019251796e+04 -1.92917719053862e+04  1.89666614263198e+04  1.87274861557831e+04 -1.95050865587654e+04
  5.23575301658831e+04 -1.92918364999768e+04  1.89666013043433e+04  1.87270987276326e+04 -1.95052528163279e+04
  5.23612584067327e+04 -1.92919762425271e+04  1.89667120369986e+04  1.87269339078907e+04 -1.95052932710597e+04
  5.23649866475621e+04 -1.92921247396474e+04  1.89668433482121e+04  1.87269184635767e+04 -1.95052012895255e+04
  5.23687148867256e+04 -1.92919478176864e+04  1.89670947163731e+04  1.87269309135027e+04 -1.95050691535987e+04
  5.23724431268555e+04 -1.92923402195427e+04  1.89669585277745e+04  1.87270152529242e+04 -1.95050060629109e+04
  5.23761713670463e+04 -1.92921045489268e+04  1.89670228082605e+04  1.87268958235277e+04 -1.95049199362304e+04
  5.23798996071354e+04 -1.92921394641456e+04  1.89671021989458e+04  1.87265296163158e+04 -1.95051429826731e+04
  5.23836278454978e+04 -1.92921851013609e+04  1.89669246681799e+04  1.87265798108685e+04 -1.95051148786991e+04
  5.23873560850139e+04 -1.92923764356706e+04  1.89667469532000e+04  1.87258390205598e+04 -1.95055515108514e+04
  5.23910843245219e+04 -1.92922756212237e+04  1.89670814840941e+04  1.87260023333703e+04 -1.95054142839051e+04
  5.23948125638634e+04 -1.92923074784618e+04  1.89669654067187e+04  1.87256958774402e+04 -1.95056088277296e+04
  5.23985408019004e+04 -1.92923708970339e+04  1.89668730098278e+04  1.87254592536108e+04 -1.95056007876165e+04
  5.24025833334432e+04 -1.92923708970339e+04  1.89668730098278e+04  1.87254592536108e+04 -1.95056007876165e+04
  5.24030000000625e+04 -1.92923912386706e+04  1.89671712385233e+04  1.87256322005682e+04 -1.95055957854695e+04
  5.24067282394317e+04 -1.92924457361056e+04  1.89668884570583e+04  1.87252224884321e+04 -1.95058914059902e+04
  5.24104564765857e+04 -1.92925148108445e+04  1.89670410193191e+04  1.87253158608735e+04 -1.95056858841121e+04
  5.24141847149456e+04 -1.92926751358611e+04  1.89671859689118e+04  1.87250489183275e+04 -1.95059631892086e+04
  5.24179129531945e+04 -1.92926184469442e+04  1.89670036238576e+04  1.87243041422064e+04 -1.95065069842104e+04
  5.24216411914606e+04 -1.92926584819552e+04  1.89668519139733e+04  1.87244703970271e+04 -1.95063682736085e+04
  5.24253694287349e+04 -1.92926412647339e+04  1.89670200385718e+04  1.87242649953283e+04 -1.95064965350313e+04
  5.24290976669918e+04 -1.92927815012256e+04  1.89671285262739e+04  1.87239258588668e+04 -1.95066697880420e+04
  5.24328259041668e+04 -1.92928786056250e+04  1.89671407044779e+04  1.87238302142437e+04 -1.95066342789048e+04
  5.24365541420325e+04 -1.92931656799288e+04  1.89670428949416e+04  1.87236972193705e+04 -1.95067062354444e+04
  5.24402823800278e+04 -1.92929051056059e+04  1.89668815669267e+04  1.87235511574616e+04 -1.95067342678281e+04
  5.24440106186989e+04 -1.92930165136941e+04  1.89668222000086e+04  1.87233155305586e+04 -1.95068849139445e+04
  5.24477388564212e+04 -1.92930433749146e+04  1.89670214592999e+04  1.87234918697287e+04 -1.95067015931141e+04
  5.24514670942081e+04 -1.92930219051563e+04  1.89669408706394e+04  1.87232407098802e+04 -1.95068636153793e+04
  5.24551953321051e+04 -1.92929413045466e+04  1.89668507017045e+04  1.87231283887336e+04 -1.95069095310277e+04
  5.24589235701482e+04 -1.92930937225629e+04  1.89668393400286e+04  1.87230034636046e+04 -1.95069264401233e+04
  5.24626518080290e+04 -1.92931460690819e+04  1.89665808806219e+04  1.87226593651131e+04 -1.95070761871493e+04
  5.24663800463357e+04 -1.92931758239028e+04  1.89665145561571e+04  1.87223426360129e+04 -1.95073078184927e+04
  5.24701082845033e+04 -1.92931904213157e+04  1.89668035570917e+04  1.87222403336294e+04 -1.95073065948534e+04
  5.24738365227226e+04 -1.92931447816334e+04  1.89668469498483e+04  1.87222294003443e+04 -1.95071946465249e+04
  5.24775647610486e+04 -1.92931129610553e+04  1.89665525647162e+04  1.87217936159412e+04 -1.95074821781844e+04
  5.24812929993751e+04 -1.92931989303727e+04  1.89663387205188e+04  1.87218562859019e+04 -1.95074414081085e+04
  5.24856222230941e+04 -1.92931989303727e+04  1.89663387205188e+04  1.87218562859019e+04 -1.95074414081085e+04
  5.24860416675244e+04 -1.92932883584383e+04  1.89666473560341e+04  1.87216697601160e+04 -1.95074905271336e+04
  5.24897699064444e+04 -1.92936709055004e+04  1.89667626122856e+04  1.87216608198662e+04 -1.95075631651011e+04
  5.24934981452383e+04 -1.92936792316559e+04  1.89667620262896e+04  1.87210297043908e+04 -1.95078459434176e+04
  5.24972263845592e+04 -1.92938158066517e+04  1.89666925235740e+04  1.87207136591187e+04 -1.95078153066232e+04
  5.25009546240938e+04 -1.92936565702357e+04  1.89666772117887e+04  1.87214414696335e+04 -1.95072393996250e+04
  5.25046828637420e+04 -1.92936984094235e+04  1.89667042353278e+04  1.87206431800195e+04 -1.95076518174191e+04
  5.25084111030511e+04 -1.92939127509123e+04  1.89663563568402e+04  1.87205049883897e+04 -1.95076991446058e+04
  5.25121393429733e+04 -1.92938985603255e+04  1.89666697774428e+04  1.87202024677234e+04 -1.95077693385935e+04
  5.25158675834341e+04 -1.92938714313542e+04  1.89664458259042e+04  1.87200584117342e+04 -1.95077223503122e+04
  5.25195958241482e+04 -1.92938064278419e+04  1.89663565479186e+04  1.87199836891392e+04 -1.95075391602213e+04
  5.25233240649617e+04 -1.92938499799894e+04  1.89662922189811e+04  1.87198151023228e+04 -1.95075199247628e+04
  5.25270523062860e+04 -1.92938658514339e+04  1.89662896899502e+04  1.87193326581890e+04 -1.95078273622349e+04
  5.25307805478415e+04 -1.92937353916478e+04  1.89662645048300e+04  1.87195751807888e+04 -1.95075446914778e+04
  5.25345087894956e+04 -1.92939914569163e+04  1.89661378024830e+04  1.87192897038508e+04 -1.95077043453025e+04
  5.25382370321655e+04 -1.92937866874927e+04  1.89661460891022e+04  1.87193092956786e+04 -1.95075281623995e+04
  5.25419652742176e+04 -1.92941971302672e+04  1.89660163770235e+04  1.87188588674672e+04 -1.95078967645854e+04
  5.25456935170960e+04 -1.92940458496276e+04  1.89662145563540e+04  1.87185335771895e+04 -1.95078726889219e+04
  5.25494217600163e+04 -1.92937700351584e+04  1.89657941331807e+04  1.87184130260251e+04 -1.95080694982960e+04
  5.25531500037061e+04 -1.92938626314914e+04  1.89659389206418e+04  1.87175907755331e+04 -1.95083387111260e+04
  5.25568782474317e+04 -1.92938006544522e+04  1.89658446777117e+04  1.87172150063464e+04 -1.95086316642862e+04
  5.25606064916724e+04 -1.92940328243101e+04  1.89658186213672e+04  1.87175266275543e+04 -1.95083938852629e+04
  5.25643347360701e+04 -1.92940675380839e+04  1.89656676754995e+04  1.87171080609201e+04 -1.95084791587372e+04
  5.25680629809515e+04 -1.92939203842284e+04  1.89657413800526e+04  1.87171760185553e+04 -1.95083511060910e+04
  5.25717912263321e+04 -1.92940252133933e+04  1.89657366644238e+04  1.87167514126517e+04 -1.95084994204541e+04
  5.25755194716573e+04 -1.92940106304896e+04  1.89657446664471e+04  1.87163438553874e+04 -1.95088430319041e+04
  5.25792477174966e+04 -1.92940353485558e+04  1.89655040459667e+04  1.87163130648276e+04 -1.95085878096532e+04
  5.25837534723345e+04 -1.92940353485558e+04  1.89655040459667e+04  1.87163130648276e+04 -1.95085878096532e+04
  5.25841701397489e+04 -1.92940353485558e+04  1.89655040459667e+04  1.87163130648276e+04 -1.95085878096532e+04
  5.25878983861064e+04 -1.92940840111998e+04  1.89653523186424e+04  1.87156985100480e+04 -1.95088428412977e+04
  5.25916266333611e+04 -1.92940331891309e+04  1.89654863586844e+04  1.87154595610695e+04 -1.95089987718808e+04
  5.25953548807548e+04 -1.92939773577646e+04  1.89654964557304e+04  1.87154866099908e+04 -1.95088454241918e+04
  5.25990831280567e+04 -1.92943977218825e+04  1.89655501719138e+04  1.87154107831507e+04 -1.95087949192214e+04
  5.26028113759826e+04 -1.92944353998527e+04  1.89654873525228e+04  1.87146112932467e+04 -1.95092493865816e+04
  5.26065396240590e+04 -1.92944082613977e+04  1.89653518535917e+04  1.87143242131149e+04 -1.95093021028332e+04
  5.26102678727603e+04 -1.92943409570133e+04  1.89651193945162e+04  1.87142892946294e+04 -1.95092463888646e+04
  5.26139961216850e+04 -1.92942901217478e+04  1.89652755598425e+04  1.87147601677369e+04 -1.95087016087701e+04
  5.26177243702362e+04 -1.92942003667029e+04  1.89650929043447e+04  1.87143940436395e+04 -1.95088428994560e+04
  5.26214526189282e+04 -1.92944977736230e+04  1.89650754729113e+04  1.87137768034291e+04 -1.95092896452274e+04
  5.26251808682280e+04 -1.92942825243196e+04  1.89648607502551e+04  1.87142293020995e+04 -1.95088875315897e+04
  5.26289091173854e+04 -1.92944464917462e+04  1.89648192805891e+04  1.87136364763522e+04 -1.95092132164405e+04
  5.26326373670115e+04 -1.92946471083754e+04  1.89652290724795e+04  1.87132987228977e+04 -1.95093244169409e+04
  5.26363656168773e+04 -1.92946528430110e+04  1.89650064052549e+04  1.87133875497593e+04 -1.95091558492178e+04
  5.26400938668259e+04 -1.92950007587576e+04  1.89650820006871e+04  1.87132160309069e+04 -1.95093888320532e+04
  5.26438221163124e+04 -1.92949688302397e+04  1.89648724767824e+04  1.87130397316316e+04 -1.95093556815214e+04
  5.26475503659920e+04 -1.92950823172565e+04  1.89649896480118e+04  1.87128769062867e+04 -1.95094883128678e+04
  5.26512786158798e+04 -1.92950463277726e+04  1.89647236981996e+04  1.87127898082153e+04 -1.95096062001984e+04
  5.26550068659445e+04 -1.92949399668470e+04  1.89648368347884e+04  1.87125545105117e+04 -1.95097339535842e+04
  5.26587351156539e+04 -1.92951024350400e+04  1.89648196635994e+04  1.87124028368587e+04 -1.95097919737968e+04
  5.26624633655925e+04 -1.92952197407055e+04  1.89648124276740e+04  1.87123128352713e+04 -1.95097485657642e+04
  5.26661916156413e+04 -1.92950667028863e+04  1.89647190128905e+04  1.87116749345985e+04 -1.95103389567819e+04
  5.26699198654307e+04 -1.92951063455599e+04  1.89647958413562e+04  1.87114517247258e+04 -1.95103118604423e+04
  5.26736481151680e+04 -1.92950451879494e+04  1.89648444231253e+04  1.87116803410841e+04 -1.95101568121226e+04
  5.26773763648982e+04 -1.92950107440634e+04  1.89647308529922e+04  1.87115410462919e+04 -1.95102192632943e+04
  5.26811046147626e+04 -1.92951051060412e+04  1.89646007750858e+04  1.87113343757372e+04 -1.95103595493174e+04
  5.26848328644617e+04 -1.92951430292494e+04  1.89645973653679e+04  1.87110768329802e+04 -1.95103648215718e+04
  5.26885611139423e+04 -1.92953875148633e+04  1.89647466092684e+04  1.87111924522210e+04 -1.95102761536406e+04
  5.26922893634259e+04 -1.92953600520447e+04  1.89649286441611e+04  1.87110515676023e+04 -1.95104375368505e+04
  5.26960176121805e+04 -1.92954387749269e+04  1.89646105127667e+04  1.87115593596869e+04 -1.95098414114909e+04
  5.26997458612754e+04 -1.92956202659142e+04  1.89648369553457e+04  1.87107914674917e+04 -1.95105573729299e+04
  5.27034741103102e+04 -1.92955022778073e+04  1.89647338928719e+04  1.87106883952792e+04 -1.95105117821633e+04
  5.27105243062604e+04 -1.92955022778073e+04  1.89647338928719e+04  1.87106883952792e+04 -1.95105117821633e+04
  5.27109687506251e+04 -1.92954571377180e+04  1.89647339158147e+04  1.87108641296801e+04 -1.95104681938421e+04
  5.27146969988937e+04 -1.92956949963748e+04  1.89644578177418e+04  1.87105696662283e+04 -1.95104793560960e+04
  5.27184252469372e+04 -1.92955744148328e+04  1.89645718723764e+04  1.87103917442487e+04 -1.95108551065904e+04
  5.27221534948681e+04 -1.92955162093371e+04  1.89644747914007e+04  1.87108852643426e+04 -1.95104325381881e+04
  5.27258817421399e+04 -1.92956844237353e+04  1.89644551901910e+04  1.87107728071558e+04 -1.95103953396637e+04
  5.27296099896597e+04 -1.92957644020867e+04  1.89643039578771e+04  1.87102463260230e+04 -1.95106348526193e+04
  5.27333382370183e+04 -1.92955413391822e+04  1.89643167910089e+04  1.87100635001361e+04 -1.95109210304821e+04
  5.27370664842964e+04 -1.92958423622900e+04  1.89644904020900e+04  1.87098617705671e+04 -1.95109781857027e+04
  5.27407947308785e+04 -1.92958256213964e+04  1.89644949826685e+04  1.87097756443625e+04 -1.95112842178678e+04
  5.27445229778971e+04 -1.92960829486190e+04  1.89645508319137e+04  1.87094429205040e+04 -1.95113440916503e+04
  5.27482512241632e+04 -1.92959909358519e+04  1.89644179814869e+04  1.87097619658093e+04 -1.95111544028326e+04
  5.27519794701100e+04 -1.92960493889566e+04  1.89645759188456e+04  1.87101067621761e+04 -1.95108447463174e+04
  5.27557077160625e+04 -1.92960432504423e+04  1.89643894929703e+04  1.87098655104210e+04 -1.95110584176725e+04
  5.27594359619791e+04 -1.92958913596269e+04  1.89644529828364e+04  1.87098233196238e+04 -1.95111508043773e+04
  5.27631642074339e+04 -1.92960218318504e+04  1.89644554409168e+04  1.87096450914291e+04 -1.95112779814782e+04
  5.27668924532698e+04 -1.92959390494745e+04  1.89647572032582e+04  1.87098235057118e+04 -1.95111220009607e+04
  5.27706206984282e+04 -1.92961243831718e+04  1.89645453517971e+04  1.87094072178210e+04 -1.95115130275306e+04
  5.27743489435764e+04 -1.92963654980238e+04  1.89647500556569e+04  1.87093673944760e+04 -1.95114601914978e+04
  5.27780771884849e+04 -1.92964033869608e+04  1.89647111750738e+04  1.87093372176974e+04 -1.95114727308350e+04
  5.27842805563626e+04 -1.92964033869608e+04  1.89647111750738e+04  1.87093372176974e+04 -1.95114727308350e+04
  5.27844027786088e+04 -1.92963322194644e+04  1.89644964241424e+04  1.87087192454792e+04 -1.95118645456586e+04
  5.27881310232478e+04 -1.92962550814159e+04  1.89643299316737e+04  1.87092761790781e+04 -1.95115150987358e+04
  5.27918592680822e+04 -1.92962936953010e+04  1.89643019964914e+04  1.87084012090252e+04 -1.95120803457446e+04
  5.27955875126842e+04 -1.92963046740431e+04  1.89642523463923e+04  1.87083363480697e+04 -1.95118887792153e+04
  5.27993157572732e+04 -1.92962671611976e+04  1.89643689232735e+04  1.87083661339476e+04 -1.95120346964367e+04
  5.28030440014165e+04 -1.92964658078900e+04  1.89645716358028e+04  1.87084751415663e+04 -1.95118912600477e+04
  5.28067722459874e+04 -1.92962097496067e+04  1.89645808303290e+04  1.87083445795690e+04 -1.95118623968407e+04
  5.28105004902533e+04 -1.92964029783863e+04  1.89645428688939e+04  1.87086537796962e+04 -1.95116949055964e+04
  5.28142287348231e+04 -1.92964179988251e+04  1.89646616706962e+04  1.87077402453949e+04 -1.95122375073109e+04
  5.28179569794535e+04 -1.92964164108969e+04  1.89644563118203e+04  1.87074691076122e+04 -1.95124458121266e+04
  5.28216852238264e+04 -1.92961300357737e+04  1.89645874973659e+04  1.87072616494221e+04 -1.95125772427091e+04
  5.28254134681968e+04 -1.92962539082049e+04  1.89643946938068e+04  1.87072780035575e+04 -1.95124418332645e+04
  5.28291417126077e+04 -1.92962091433981e+04  1.89645219388959e+04  1.87075790176119e+04 -1.95120296466053e+04
  5.28328699572778e+04 -1.92966869936664e+04  1.89643720048502e+04  1.87070757848960e+04 -1.95124679693521e+04
  5.28365982017326e+04 -1.92965252578653e+04  1.89643387847827e+04  1.87069195006406e+04 -1.95124938016617e+04
  5.28403264464155e+04 -1.92964741944519e+04  1.89641883245580e+04  1.87063620699656e+04 -1.95128579061966e+04
  5.28440546913483e+04 -1.92963288666960e+04  1.89642691912793e+04  1.87064251871915e+04 -1.95128087752880e+04
  5.28477829362940e+04 -1.92965913182158e+04  1.89641020977810e+04  1.87063874414117e+04 -1.95128117527674e+04
  5.28515111814664e+04 -1.92964409679949e+04  1.89641894060999e+04  1.87062792544572e+04 -1.95129363780576e+04
  5.28552394266678e+04 -1.92963059114812e+04  1.89639320461793e+04  1.87061615596365e+04 -1.95130328882200e+04
  5.28616458338831e+04 -1.92963059114812e+04  1.89639320461793e+04  1.87061615596365e+04 -1.95130328882200e+04
  5.28640500002661e+04 -1.92963059114812e+04  1.89639320461793e+04  1.87061615596365e+04 -1.95130328882200e+04
  5.28677782463252e+04 -1.92963192727800e+04  1.89637977669934e+04  1.87060355775609e+04 -1.95129570451808e+04
  5.28715064921828e+04 -1.92964902923759e+04  1.89638109310560e+04  1.87054771861051e+04 -1.95132484659162e+04
  5.28752347380728e+04 -1.92965625092992e+04  1.89638128646284e+04  1.87051162400598e+04 -1.95134034848672e+04
  5.28789629845798e+04 -1.92968502989943e+04  1.89638358312487e+04  1.87054529695371e+04 -1.95131499438214e+04
  5.28826912314675e+04 -1.92967582085356e+04  1.89637699785195e+04  1.87051317345914e+04 -1.95134291918099e+04
  5.28864194783946e+04 -1.92967907286322e+04  1.89636928465899e+04  1.87045978349315e+04 -1.95137905472489e+04
  5.28901477258496e+04 -1.92968242569477e+04  1.89637801157219e+04  1.87049842197607e+04 -1.95134480341363e+04
  5.28938759731133e+04 -1.92969325673230e+04  1.89635357851486e+04  1.87048458112749e+04 -1.95135818711613e+04
  5.28976042206586e+04 -1.92966837054765e+04  1.89634578238427e+04  1.87045433920001e+04 -1.95136716554239e+04
  5.29013324691480e+04 -1.92968806215172e+04  1.89634017672503e+04  1.87047595349965e+04 -1.95134572762616e+04
  5.29050607172223e+04 -1.92967409862297e+04  1.89632221156928e+04  1.87041853910655e+04 -1.95137685293948e+04
  5.29087889662813e+04 -1.92966637002095e+04  1.89632568001786e+04  1.87042823930288e+04 -1.95136987363434e+04
  5.29125172149849e+04 -1.92967200174599e+04  1.89634636713188e+04  1.87040685374586e+04 -1.95136619116545e+04
  5.29162454641355e+04 -1.92969746075693e+04  1.89632525334085e+04  1.87041089323309e+04 -1.95135709012438e+04
  5.29199737135832e+04 -1.92968067922508e+04  1.89632868249949e+04  1.87032460867003e+04 -1.95139966591987e+04
  5.29237019635197e+04 -1.92965763479941e+04  1.89630515972961e+04  1.87035728036588e+04 -1.95136745346484e+04
  5.29274302138241e+04 -1.92968202701711e+04  1.89632153023129e+04  1.87035242936529e+04 -1.95137010045862e+04
  5.29311584640753e+04 -1.92967840921420e+04  1.89631765780630e+04  1.87031333653955e+04 -1.95139039229696e+04
  5.29348867147976e+04 -1.92968521475344e+04  1.89629447011470e+04  1.87031227529424e+04 -1.95138346876374e+04
  5.29409479171836e+04 -1.92968521475344e+04  1.89629447011470e+04  1.87031227529424e+04 -1.95138346876374e+04
  5.29411805560647e+04 -1.92968521475344e+04  1.89629447011470e+04  1.87031227529424e+04 -1.95138346876374e+04
  5.29449088066563e+04 -1.92969363293866e+04  1.89628890804319e+04  1.87026393525598e+04 -1.95142660208569e+04
  5.29486370585787e+04 -1.92968485570962e+04  1.89628541440541e+04  1.87022939844020e+04 -1.95143894222236e+04
  5.29555659730705e+04 -1.92968485570962e+04  1.89628541440541e+04  1.87022939844020e+04 -1.95143894222236e+04
  5.29560000001954e+04 -1.92968652432796e+04  1.89626062687462e+04  1.87021158211407e+04 -1.95143384600487e+04
  5.29597282524491e+04 -1.92967517190280e+04  1.89628964839670e+04  1.87019696442729e+04 -1.95145257379637e+04
  5.29634565048934e+04 -1.92968935761445e+04  1.89625581266829e+04  1.87018177703942e+04 -1.95145887128710e+04
  5.29671847584781e+04 -1.92967822929044e+04  1.89626048347793e+04  1.87016913633357e+04 -1.95146054483864e+04
  5.29709130114583e+04 -1.92966520027674e+04  1.89624048606883e+04  1.87012405467368e+04 -1.95149229277218e+04
  5.29746412646610e+04 -1.92966340017077e+04  1.89623663710536e+04  1.87009735210527e+04 -1.95150507280869e+04
  5.29783695185116e+04 -1.92967153634058e+04  1.89620324146530e+04  1.87013316609519e+04 -1.95146381611885e+04
  5.29820977723612e+04 -1.92968523278520e+04  1.89620593809522e+04  1.87015142671260e+04 -1.95144289915042e+04
  5.29858260261875e+04 -1.92970106769402e+04  1.89618074862505e+04  1.87013089874801e+04 -1.95145756642702e+04
  5.29895542800278e+04 -1.92966927878111e+04  1.89617021566489e+04  1.87008726788893e+04 -1.95147930021496e+04
  5.29932825340949e+04 -1.92968023129265e+04  1.89617315737474e+04  1.87002739153605e+04 -1.95151506681857e+04
  5.29970107881642e+04 -1.92967237333712e+04  1.89618650390623e+04  1.87004102732264e+04 -1.95150259407053e+04
  5.30007390422385e+04 -1.92968953267498e+04  1.89616911725072e+04  1.87005931019235e+04 -1.95148299824764e+04
  5.30044672972860e+04 -1.92970486251586e+04  1.89615933581980e+04  1.87002967542636e+04 -1.95150669553304e+04
  5.30081955519584e+04 -1.92966176336422e+04  1.89616070827580e+04  1.87001317088591e+04 -1.95151320697226e+04
  5.30119238060950e+04 -1.92971516761689e+04  1.89617818930526e+04  1.87001967560467e+04 -1.95150345163909e+04
  5.30156520601888e+04 -1.92971066959177e+04  1.89617260322076e+04  1.86997731906737e+04 -1.95152117289693e+04
  5.30193803158125e+04 -1.92969776023255e+04  1.89616215229530e+04  1.86996609708090e+04 -1.95152592806236e+04
  5.30231085701992e+04 -1.92969506661412e+04  1.89616117128982e+04  1.86993549046928e+04 -1.95152794555768e+04
  5.30268368250626e+04 -1.92971435378657e+04  1.89617628395173e+04  1.86988941399991e+04 -1.95158195874716e+04
  5.30305650798239e+04 -1.92970558152620e+04  1.89615861713862e+04  1.86990566860243e+04 -1.95156832816242e+04
  5.30342933339490e+04 -1.92969587829504e+04  1.89615590102133e+04  1.86992330721539e+04 -1.95156389879206e+04
  5.30380215883969e+04 -1.92971805311924e+04  1.89615743186651e+04  1.86991665144223e+04 -1.95153757189959e+04
  5.30417498428670e+04 -1.92969133076844e+04  1.89611930226748e+04  1.86991889332878e+04 -1.95154607078764e+04
  5.30454780969527e+04 -1.92968801906667e+04  1.89615296078826e+04  1.86991934939287e+04 -1.95155962188034e+04
  5.30492063511874e+04 -1.92969794600656e+04  1.89614611664763e+04  1.86995696844959e+04 -1.95151703624655e+04
  5.30529346052096e+04 -1.92973102728509e+04  1.89615292394019e+04  1.86990798675364e+04 -1.95156008073413e+04
  5.30566628592582e+04 -1.92973541361376e+04  1.89613917888039e+04  1.86994969480512e+04 -1.95154773652105e+04
  5.30603911132177e+04 -1.92973754811071e+04  1.89615993558440e+04  1.86992598479424e+04 -1.95156493608030e+04
  5.30641193666887e+04 -1.92971962261222e+04  1.89614689811184e+04  1.86991165803179e+04 -1.95157029693636e+04
  5.30678476201424e+04 -1.92974443980123e+04  1.89615580043833e+04  1.86988415488202e+04 -1.95157543200762e+04
  5.30735833336862e+04 -1.92974443980123e+04  1.89615580043833e+04  1.86988415488202e+04 -1.95157543200762e+04
  5.30740416674825e+04 -1.92974443980123e+04  1.89615580043833e+04  1.86988415488202e+04 -1.95157543200762e+04
  5.30777699204342e+04 -1.92974928673933e+04  1.89616168367142e+04  1.86993039437552e+04 -1.95156732523249e+04
  5.30814981732038e+04 -1.92975439434567e+04  1.89615680606162e+04  1.86989719076606e+04 -1.95158251870562e+04
  5.30852264257881e+04 -1.92974528214487e+04  1.89616314386828e+04  1.86985227650872e+04 -1.95160620810947e+04
  5.30889546781944e+04 -1.92975033196354e+04  1.89616968939539e+04  1.86986859372518e+04 -1.95159406017587e+04
  5.30926829303149e+04 -1.92975988806238e+04  1.89617723779842e+04  1.86987369266800e+04 -1.95159855515386e+04
  5.30964111821632e+04 -1.92976220723489e+04  1.89616507385791e+04  1.86988946824094e+04 -1.95159522615000e+04
  5.31001394339606e+04 -1.92975567940236e+04  1.89616379257480e+04  1.86986570391940e+04 -1.95162196479964e+04
  5.31038676855476e+04 -1.92974808024371e+04  1.89614845589600e+04  1.86986197910150e+04 -1.95163078057728e+04
  5.31075959368911e+04 -1.92978085443605e+04  1.89614370697828e+04  1.86987534062944e+04 -1.95163084957294e+04
  5.31113241879792e+04 -1.92975295925089e+04  1.89616639893999e+04  1.86986942774127e+04 -1.95162310696676e+04
  5.31150524390521e+04 -1.92977325613078e+04  1.89614980587472e+04  1.86985491541158e+04 -1.95163059440321e+04
  5.31187806896215e+04 -1.92978475484484e+04  1.89616669723372e+04  1.86984510724164e+04 -1.95165504072026e+04
  5.31225089401666e+04 -1.92977943504795e+04  1.89616187185195e+04  1.86985800614393e+04 -1.95163095882099e+04
  5.31262371905185e+04 -1.92980238420231e+04  1.89618784776077e+04  1.86984629648090e+04 -1.95164157218984e+04
  5.31299654406287e+04 -1.92978037037565e+04  1.89615992730205e+04  1.86986856149989e+04 -1.95164146626497e+04
  5.31336936906748e+04 -1.92981077494893e+04  1.89618319303133e+04  1.86981357097336e+04 -1.95167702494677e+04
  5.31374219404953e+04 -1.92981307110310e+04  1.89617520111636e+04  1.86980911228632e+04 -1.95166557059054e+04
  5.31411501902940e+04 -1.92981237322785e+04  1.89617222344672e+04  1.86985405344820e+04 -1.95163327021875e+04
  5.31448784398067e+04 -1.92981198059196e+04  1.89617535095763e+04  1.86977542039090e+04 -1.95168212713922e+04
  5.31486066891490e+04 -1.92982573777626e+04  1.89619297036926e+04  1.86978680610973e+04 -1.95168303225309e+04
  5.31523349383370e+04 -1.92983150702484e+04  1.89616646261267e+04  1.86978718104771e+04 -1.95167848477928e+04
  5.31560631873703e+04 -1.92983660387520e+04  1.89615417432482e+04  1.86974550873450e+04 -1.95171483412168e+04
  5.31597914366550e+04 -1.92983908053759e+04  1.89616319652700e+04  1.86979008453428e+04 -1.95169271957813e+04
  5.31635196856539e+04 -1.92986339193247e+04  1.89617280863465e+04  1.86974466502777e+04 -1.95171503020373e+04
  5.31672479344388e+04 -1.92986910891504e+04  1.89617968085983e+04  1.86972499888251e+04 -1.95174173738199e+04
  5.31709761834558e+04 -1.92985039703210e+04  1.89616426411803e+04  1.86970713002198e+04 -1.95174582780285e+04
  5.31747044321760e+04 -1.92982687922855e+04  1.89616940204713e+04  1.86970437614044e+04 -1.95174902785533e+04
  5.31784326807640e+04 -1.92985004318328e+04  1.89614774923820e+04  1.86965131430559e+04 -1.95178805539026e+04
  5.31821609295498e+04 -1.92984969613619e+04  1.89616632940180e+04  1.86966708871462e+04 -1.95178616050555e+04
  5.31858891783391e+04 -1.92985122519326e+04  1.89614607385214e+04  1.86970565865338e+04 -1.95174953230312e+04
  5.31896174271562e+04 -1.92984620139611e+04  1.89616073320515e+04  1.86967444073471e+04 -1.95177090906786e+04
  5.31933456757698e+04 -1.92986333010305e+04  1.89615908899256e+04  1.86970096804898e+04 -1.95174594048278e+04
  5.31970739246239e+04 -1.92985302666041e+04  1.89612997278892e+04  1.86965976030429e+04 -1.95176280172596e+04
  5.32008021734918e+04 -1.92986475682081e+04  1.89616623000676e+04  1.86965411307460e+04 -1.95177655567203e+04
  5.32045304223505e+04 -1.92988766914003e+04  1.89615745677803e+04  1.86965792845517e+04 -1.95177024566019e+04
  5.32082586714005e+04 -1.92987352895509e+04  1.89614434884660e+04  1.86965532880699e+04 -1.95177581566934e+04
  5.32119869204560e+04 -1.92988533671867e+04  1.89616099654110e+04  1.86962152691300e+04 -1.95178445938418e+04
  5.32157151695902e+04 -1.92987757181637e+04  1.89614290587984e+04  1.86956802501857e+04 -1.95182409287702e+04
  5.32194434188716e+04 -1.92988058956496e+04  1.89612628089066e+04  1.86961065765677e+04 -1.95179101642938e+04
  5.32231716684723e+04 -1.92988247975741e+04  1.89613045186027e+04  1.86954235518184e+04 -1.95182866423318e+04
  5.32286736116699e+04 -1.92988247975741e+04  1.89613045186027e+04  1.86954235518184e+04 -1.95182866423318e+04
  5.32291250003379e+04 -1.92990886307428e+04  1.89612093908122e+04  1.86954691051985e+04 -1.95182747334196e+04
  5.32328532502396e+04 -1.92987067081331e+04  1.89614432898230e+04  1.86957040408895e+04 -1.95181901635839e+04
  5.32365815001758e+04 -1.92987930650407e+04  1.89614118208059e+04  1.86955701411727e+04 -1.95182249629122e+04
  5.32403097506088e+04 -1.92989076910039e+04  1.89611865243949e+04  1.86952175033753e+04 -1.95182722582043e+04
  5.32440380010682e+04 -1.92987583503321e+04  1.89611608678089e+04  1.86950616095550e+04 -1.95183991286828e+04
  5.32477662517027e+04 -1.92985512599738e+04  1.89613227477829e+04  1.86948537302439e+04 -1.95185389214796e+04
  5.32514945024617e+04 -1.92987939529341e+04  1.89610038493753e+04  1.86950507488622e+04 -1.95183607193148e+04
  5.32552227537235e+04 -1.92986968976201e+04  1.89608301618961e+04  1.86949484597692e+04 -1.95182407966894e+04
  5.32589510054641e+04 -1.92987272697883e+04  1.89608732060194e+04  1.86946005973735e+04 -1.95184581036115e+04
  5.32626792569897e+04 -1.92987507867977e+04  1.89608981645102e+04  1.86943213936182e+04 -1.95188139204924e+04
  5.32664075090480e+04 -1.92988615030205e+04  1.89606805732219e+04  1.86942790287646e+04 -1.95186404827088e+04
  5.32701357613761e+04 -1.92989556649892e+04  1.89605667357458e+04  1.86943519733358e+04 -1.95184802477076e+04
  5.32738640139167e+04 -1.92988527354113e+04  1.89604101297886e+04  1.86938583031707e+04 -1.95188062523049e+04
  5.32775922665150e+04 -1.92988057102480e+04  1.89603385538233e+04  1.86932581318134e+04 -1.95191861634025e+04
  5.32813205195242e+04 -1.92987604969473e+04  1.89605944679842e+04  1.86928284397807e+04 -1.95195294446369e+04
  5.32850487732105e+04 -1.92987371416283e+04  1.89603642285522e+04  1.86934212931624e+04 -1.95191094357920e+04
  5.32887770266712e+04 -1.92987492372901e+04  1.89603253600553e+04  1.86929306205403e+04 -1.95192521298931e+04
  5.32925052804318e+04 -1.92987870193466e+04  1.89601438863462e+04  1.86930281481318e+04 -1.95192115560798e+04
  5.32962335345718e+04 -1.92986740699950e+04  1.89602678390084e+04  1.86928918102494e+04 -1.95193322410893e+04
  5.32999617889364e+04 -1.92986068390001e+04  1.89601868296488e+04  1.86931202060636e+04 -1.95190344432243e+04
  5.33036900434559e+04 -1.92987919827552e+04  1.89600467305157e+04  1.86930106933236e+04 -1.95190826756347e+04
  5.33074182985150e+04 -1.92988224659525e+04  1.89599859374113e+04  1.86926819791646e+04 -1.95192512559143e+04
  5.33111465534446e+04 -1.92986763948297e+04  1.89598165873832e+04  1.86925244195246e+04 -1.95194263422431e+04
  5.33148748087452e+04 -1.92987602797203e+04  1.89599867956827e+04  1.86924591041263e+04 -1.95193587417535e+04
  5.33186030641238e+04 -1.92985690782504e+04  1.89597738079531e+04  1.86923583204618e+04 -1.95192846358347e+04
  5.33223313200497e+04 -1.92988167434759e+04  1.89597700081105e+04  1.86924432226464e+04 -1.95192147722856e+04
  5.33260595760338e+04 -1.92988171335402e+04  1.89597839498534e+04  1.86925099127762e+04 -1.95190299055654e+04
  5.33297878323425e+04 -1.92989207820195e+04  1.89594247378575e+04  1.86922287576125e+04 -1.95191119125666e+04
  5.33335160885869e+04 -1.92990235214217e+04  1.89594787537144e+04  1.86922185856367e+04 -1.95191558332925e+04
  5.33372443450126e+04 -1.92988874257716e+04  1.89595066774832e+04  1.86922110622845e+04 -1.95190940177198e+04
  5.33409726018645e+04 -1.92988924483612e+04  1.89594825522536e+04  1.86916419778962e+04 -1.95195917741079e+04
  5.33447008610602e+04 -1.92990610655450e+04  1.89594523453717e+04  1.86915972105152e+04 -1.95194543397060e+04
  5.33484291157964e+04 -1.92988750201886e+04  1.89593953580768e+04  1.86913395790767e+04 -1.95196896228534e+04
  5.33537361112801e+04 -1.92988750201886e+04  1.89593953580768e+04  1.86913395790767e+04 -1.95196896228534e+04
  5.33541875008611e+04 -1.92988800245373e+04  1.89597062354167e+04  1.86911998211486e+04 -1.95195736948120e+04
  5.33579157581066e+04 -1.92987721363648e+04  1.89596190568206e+04  1.86913154397528e+04 -1.95195195683789e+04
  5.33616440155917e+04 -1.92988519612916e+04  1.89595769738938e+04  1.86917273825401e+04 -1.95191452977782e+04
  5.33653722730522e+04 -1.92988523897383e+04  1.89594408567399e+04  1.86913051731574e+04 -1.95193177105167e+04
  5.33691005307383e+04 -1.92988538645992e+04  1.89594128606552e+04  1.86908590963192e+04 -1.95195607446467e+04
  5.33728287884026e+04 -1.92989775205225e+04  1.89593505429540e+04  1.86909979406758e+04 -1.95195180213292e+04
  5.33765570458911e+04 -1.92991791960639e+04  1.89592645191380e+04  1.86910570723453e+04 -1.95195723757217e+04
  5.33802853036271e+04 -1.92991402654710e+04  1.89594079600086e+04  1.86909937888792e+04 -1.95194741609367e+04
  5.33840135613936e+04 -1.92989319447604e+04  1.89592739864108e+04  1.86911450326550e+04 -1.95193807183996e+04
  5.33902500004677e+04 -1.92989319447604e+04  1.89592739864108e+04  1.86911450326550e+04 -1.95193807183996e+04
  5.33918333339862e+04 -1.92991229737352e+04  1.89594542743294e+04  1.86907049230692e+04 -1.95197244648985e+04
  5.33955615912790e+04 -1.92990504861136e+04  1.89595335710172e+04  1.86909439392550e+04 -1.95195815633020e+04
  5.33992898490624e+04 -1.92992868013108e+04  1.89595542751655e+04  1.86908982910110e+04 -1.95195766966790e+04
  5.34030181064073e+04 -1.92994150892862e+04  1.89594073963871e+04  1.86909136504234e+04 -1.95194425480098e+04
  5.34067463639779e+04 -1.92994771470217e+04  1.89593395867921e+04  1.86906016490327e+04 -1.95196429939486e+04
  5.34104746212986e+04 -1.92993886903198e+04  1.89595701924353e+04  1.86907621420476e+04 -1.95194743325218e+04
  5.34142028783496e+04 -1.92995208352873e+04  1.89593095734038e+04  1.86903625707453e+04 -1.95198906517088e+04
  5.34188750008530e+04 -1.92995208352873e+04  1.89593095734038e+04  1.86903625707453e+04 -1.95198906517088e+04
  5.34230000006620e+04 -1.92995208352873e+04  1.89593095734038e+04  1.86903625707453e+04 -1.95198906517088e+04
  5.34267282574816e+04 -1.92990811263554e+04  1.89594219189376e+04  1.86899921219076e+04 -1.95203474777194e+04
  5.34304565139700e+04 -1.92992801814504e+04  1.89595790100253e+04  1.86902073542444e+04 -1.95200094705021e+04
  5.34341847701841e+04 -1.92994319937817e+04  1.89594467310271e+04  1.86905789885099e+04 -1.95197933869872e+04
  5.34379130270432e+04 -1.92993530117716e+04  1.89596609385149e+04  1.86907025346219e+04 -1.95198248673554e+04
  5.34416412829663e+04 -1.92992766309790e+04  1.89593523376758e+04  1.86905555947247e+04 -1.95199305741776e+04
  5.34453695389238e+04 -1.92995785190742e+04  1.89595068050604e+04  1.86905161826038e+04 -1.95200112250027e+04
  5.34490977949098e+04 -1.92994795487754e+04  1.89596106391138e+04  1.86908887271649e+04 -1.95198031027208e+04
  5.34528260504605e+04 -1.92995452899829e+04  1.89594754440829e+04  1.86911559621884e+04 -1.95196024974117e+04
  5.34565543060394e+04 -1.92994933288808e+04  1.89597028030780e+04  1.86905546754996e+04 -1.95201385121142e+04
  5.34602825612835e+04 -1.92995106994150e+04  1.89595932899906e+04  1.86906867213324e+04 -1.95199034947192e+04
  5.34644375008820e+04 -1.92995106994150e+04  1.89595932899906e+04  1.86906867213324e+04 -1.95199034947192e+04
  5.34648958333970e+04 -1.92995053562436e+04  1.89595485534086e+04  1.86907176887220e+04 -1.95200250818426e+04
  5.34686240880811e+04 -1.92994884111609e+04  1.89596124056521e+04  1.86907427881044e+04 -1.95199985589541e+04
  5.34723523427363e+04 -1.92995599332431e+04  1.89596268848091e+04  1.86902833952891e+04 -1.95202767342605e+04
  5.34760805971214e+04 -1.92997519735914e+04  1.89597762248532e+04  1.86901570982918e+04 -1.95203507371990e+04
  5.34798088513104e+04 -1.92997190460564e+04  1.89598040784293e+04  1.86900982884508e+04 -1.95204205434001e+04
  5.34835371053010e+04 -1.92999231007911e+04  1.89597332757801e+04  1.86897371960501e+04 -1.95206489116924e+04
  5.34872653592082e+04 -1.92998165096499e+04  1.89597081593494e+04  1.86904933700317e+04 -1.95202451666759e+04
  5.34909936126818e+04 -1.92996096622981e+04  1.89598246862292e+04  1.86902600913783e+04 -1.95204830246491e+04
  5.34947218659167e+04 -1.92997744165186e+04  1.89597235723226e+04  1.86905958804201e+04 -1.95203621499867e+04
  5.34984501191377e+04 -1.92998738463103e+04  1.89596858972206e+04  1.86902447663687e+04 -1.95205750695054e+04
  5.35021783721261e+04 -1.92998738463103e+04  1.89596858972206e+04  1.86902447663687e+04 -1.95205750695054e+04
  5.35059066253402e+04 -1.92997810752077e+04  1.89595303358567e+04  1.86904043187159e+04 -1.95205622638644e+04
  5.35096348783276e+04 -1.92997845898885e+04  1.89597335238869e+04  1.86902914964675e+04 -1.95206762276577e+04
  5.35133631308783e+04 -1.93000487186946e+04  1.89597641642623e+04  1.86900007750369e+04 -1.95208130771113e+04
  5.35170913834049e+04 -1.92998661471372e+04  1.89598522222634e+04  1.86896880621328e+04 -1.95211790869302e+04
  5.35208196359110e+04 -1.92999646263718e+04  1.89597688508817e+04  1.86896884650361e+04 -1.95209742177781e+04
  5.35256479170070e+04 -1.92999646263718e+04  1.89597688508817e+04  1.86896884650361e+04 -1.95209742177781e+04
  5.35257479173611e+04 -1.93001672287066e+04  1.89595032744201e+04  1.86897139090289e+04 -1.95213607314157e+04
  5.35294761694901e+04 -1.93005512440554e+04  1.89594893067453e+04  1.86894088742722e+04 -1.95210884176791e+04
  5.35332044216494e+04 -1.93002421994709e+04  1.89595019142540e+04  1.86889966754826e+04 -1.95212878722544e+04
  5.35369326736619e+04 -1.93003178945646e+04  1.89594835297434e+04  1.86887122730366e+04 -1.95215603615680e+04
  5.35406609259143e+04 -1.93004373326314e+04  1.89596150416360e+04  1.86887146313936e+04 -1.95215600796105e+04
  5.35443891779444e+04 -1.93004051931184e+04  1.89592388296076e+04  1.86887565518803e+04 -1.95214590043278e+04
  5.35481174301690e+04 -1.93005078500446e+04  1.89593776801055e+04  1.86888434606608e+04 -1.95213400542919e+04
  5.35518456822118e+04 -1.93003610983465e+04  1.89591144336019e+04  1.86885661998879e+04 -1.95215452166866e+04
  5.35555739342672e+04 -1.93002521411288e+04  1.89594079124967e+04  1.86884855368165e+04 -1.95215490386236e+04
  5.35593021863888e+04 -1.93003367655183e+04  1.89592656039390e+04  1.86881009166493e+04 -1.95218772896764e+04
  5.35630304384307e+04 -1.93004063382484e+04  1.89591033962796e+04  1.86883912415739e+04 -1.95215955034219e+04
  5.35667586907119e+04 -1.93003713997439e+04  1.89590486577566e+04  1.86885098338878e+04 -1.95215839114935e+04
  5.35704869427698e+04 -1.93002396667292e+04  1.89592656853327e+04  1.86883779716238e+04 -1.95216012137229e+04
  5.35742151950416e+04 -1.93003577891240e+04  1.89591029666800e+04  1.86877891520576e+04 -1.95219046518447e+04
  5.35785694449122e+04 -1.93003577891240e+04  1.89591029666800e+04  1.86877891520576e+04 -1.95219046518447e+04
  5.35790277779273e+04 -1.93005027424085e+04  1.89590148857083e+04  1.86876448297036e+04 -1.95219126173270e+04
  5.35827560304305e+04 -1.93005133644051e+04  1.89589247981362e+04  1.86874521134508e+04 -1.95221885743033e+04
  5.35864842830346e+04 -1.93005171294264e+04  1.89589630543517e+04  1.86879877112144e+04 -1.95216971913766e+04
  5.35902125356563e+04 -1.93006356370865e+04  1.89589182414436e+04  1.86871201635859e+04 -1.95221568886079e+04
  5.35939407887487e+04 -1.93006104000043e+04  1.89586640423733e+04  1.86876073638667e+04 -1.95219094794173e+04
  5.35976690418464e+04 -1.93005953139963e+04  1.89588489396059e+04  1.86871774400592e+04 -1.95220663289899e+04
  5.36013972947222e+04 -1.93008138525150e+04  1.89585671405219e+04  1.86871236919936e+04 -1.95221068991907e+04
  5.36051255485359e+04 -1.93006529466005e+04  1.89585849433916e+04  1.86868613366346e+04 -1.95222290605299e+04
  5.36088538018994e+04 -1.93007517831711e+04  1.89585856611083e+04  1.86871296052577e+04 -1.95218219326625e+04
  5.36125820562151e+04 -1.93005814142544e+04  1.89586105834223e+04  1.86870468211393e+04 -1.95217866282490e+04
  5.36163103101563e+04 -1.93006028074761e+04  1.89587102458571e+04  1.86872360471907e+04 -1.95214664607791e+04
  5.36200385643310e+04 -1.93006386559521e+04  1.89584873550212e+04  1.86869663446031e+04 -1.95216477932152e+04
  5.36237668185161e+04 -1.93008025457409e+04  1.89585789529502e+04  1.86866401406605e+04 -1.95218646650353e+04
  5.36274950736434e+04 -1.93006146531790e+04  1.89586061827239e+04  1.86868023587872e+04 -1.95217234093878e+04
  5.36312233285592e+04 -1.93005227539573e+04  1.89586896108516e+04  1.86861495220598e+04 -1.95219928324400e+04
  5.36349515839292e+04 -1.93003408041802e+04  1.89583240060015e+04  1.86858837375233e+04 -1.95222329184737e+04
  5.36386798397858e+04 -1.93003543703728e+04  1.89584578626440e+04  1.86854979289822e+04 -1.95224323090451e+04
  5.36424080952454e+04 -1.93004990309626e+04  1.89583524889877e+04  1.86856375963911e+04 -1.95221788473433e+04
  5.36461363512015e+04 -1.93005350259660e+04  1.89581752721477e+04  1.86857381032247e+04 -1.95222286818876e+04
  5.36498646074697e+04 -1.93004527406687e+04  1.89580399385453e+04  1.86855574231475e+04 -1.95221782785428e+04
  5.36535928637174e+04 -1.93005904524475e+04  1.89582627660874e+04  1.86853510362237e+04 -1.95223355044542e+04
  5.36573211204214e+04 -1.93005611367407e+04  1.89581517986279e+04  1.86855568760969e+04 -1.95222018029237e+04
  5.36610493773321e+04 -1.93003759008174e+04  1.89578374138360e+04  1.86850082980817e+04 -1.95225611687575e+04
  5.36647776344584e+04 -1.93003588549399e+04  1.89577876427755e+04  1.86852394719077e+04 -1.95223334374308e+04
  5.36685058919872e+04 -1.93005180870840e+04  1.89580960317084e+04  1.86850113246586e+04 -1.95224793074799e+04
  5.36722341494851e+04 -1.93005410184537e+04  1.89580755214999e+04  1.86847183250359e+04 -1.95226508702642e+04
  5.36759624069502e+04 -1.93004730299946e+04  1.89579342336402e+04  1.86847858730063e+04 -1.95224615498735e+04
  5.36796906652557e+04 -1.93004218994571e+04  1.89577928022857e+04  1.86843883126488e+04 -1.95226016629784e+04
  5.36843854171435e+04 -1.93004218994571e+04  1.89577928022857e+04  1.86843883126488e+04 -1.95226016629784e+04
  5.36848750005071e+04 -1.93003920234631e+04  1.89579584790306e+04  1.86839649531264e+04 -1.95230218485015e+04
  5.36886032588379e+04 -1.93004485529776e+04  1.89578311260289e+04  1.86844340536087e+04 -1.95225423036659e+04
  5.36923315172464e+04 -1.93008296159167e+04  1.89577818684486e+04  1.86841951101028e+04 -1.95224964512076e+04
  5.36960597758461e+04 -1.93008590280854e+04  1.89575161762282e+04  1.86839495925215e+04 -1.95224117639955e+04
  5.36997880347244e+04 -1.93009219153082e+04  1.89573969532490e+04  1.86837806204247e+04 -1.95224268430187e+04
  5.37035162938900e+04 -1.93008737735489e+04  1.89574485661950e+04  1.86837528840316e+04 -1.95223977057874e+04
  5.37072445525219e+04 -1.93009518047421e+04  1.89571690889658e+04  1.86828701147745e+04 -1.95228546766900e+04
  5.37109728122534e+04 -1.93009532915595e+04  1.89573674256707e+04  1.86830895621974e+04 -1.95225167354117e+04
  5.37147010712177e+04 -1.93007968805155e+04  1.89574365120081e+04  1.86829832290284e+04 -1.95225119144270e+04
  5.37184293307013e+04 -1.93008879441852e+04  1.89571879550073e+04  1.86827263919079e+04 -1.95227160947196e+04
  5.37221575901448e+04 -1.93009667302934e+04  1.89571064811882e+04  1.86827521973925e+04 -1.95227123184584e+04
  5.37258858493333e+04 -1.93009381390400e+04  1.89570776347377e+04  1.86822952816287e+04 -1.95228850315524e+04
  5.37296141086726e+04 -1.93009584899073e+04  1.89571972006288e+04  1.86822306332328e+04 -1.95228645953865e+04
  5.37333423680729e+04 -1.93012537431829e+04  1.89570112892379e+04  1.86823147775136e+04 -1.95227602383178e+04
  5.37370706163126e+04 -1.93009767443527e+04  1.89568243763784e+04  1.86821303463892e+04 -1.95227849702158e+04
  5.37407988758809e+04 -1.93011517596033e+04  1.89570449701762e+04  1.86818210084599e+04 -1.95228615585691e+04
  5.37445271354964e+04 -1.93010576496572e+04  1.89568927861067e+04  1.86820192938803e+04 -1.95226141597255e+04
  5.37482553951342e+04 -1.93009182356777e+04  1.89569528494221e+04  1.86821329042051e+04 -1.95227406095924e+04
  5.37519836547929e+04 -1.93011270097783e+04  1.89569921977493e+04  1.86819207259908e+04 -1.95227694082348e+04
  5.37557119144665e+04 -1.93013868276838e+04  1.89569143268398e+04  1.86818214585832e+04 -1.95229191468836e+04
  5.37594401741712e+04 -1.93013547796359e+04  1.89570027223298e+04  1.86819733283339e+04 -1.95227796317410e+04
  5.37631684335728e+04 -1.93012624211720e+04  1.89569812986286e+04  1.86816875766913e+04 -1.95229959393161e+04
  5.37668966932569e+04 -1.93014390705319e+04  1.89568853682943e+04  1.86816171335867e+04 -1.95229881325957e+04
  5.37706249526852e+04 -1.93015121506824e+04  1.89568797656706e+04  1.86815131364924e+04 -1.95231470318316e+04
  5.37743532118563e+04 -1.93014589895877e+04  1.89568513902839e+04  1.86813862989806e+04 -1.95234261248882e+04
  5.37780814712723e+04 -1.93015252241307e+04  1.89568909605984e+04  1.86815328903709e+04 -1.95233201201203e+04
  5.37818097305139e+04 -1.93013525624559e+04  1.89568946391039e+04  1.86818254898655e+04 -1.95230087464448e+04
  5.37855379897987e+04 -1.93013507139180e+04  1.89571263345976e+04  1.86818790765136e+04 -1.95229118753122e+04
  5.37892662485392e+04 -1.93015181739425e+04  1.89569512374099e+04  1.86818494870995e+04 -1.95229239490235e+04
  5.37929945074570e+04 -1.93013742697717e+04  1.89570840120880e+04  1.86813405990631e+04 -1.95232640139989e+04
  5.37967227664098e+04 -1.93014774398162e+04  1.89569683367198e+04  1.86814864953713e+04 -1.95231964660047e+04
  5.38015729173634e+04 -1.93014774398162e+04  1.89569683367198e+04  1.86814864953713e+04 -1.95231964660047e+04
  5.38021319451505e+04 -1.93015344078829e+04  1.89567804750829e+04  1.86813405255653e+04 -1.95232963674641e+04
  5.38058602035672e+04 -1.93014537564127e+04  1.89570552853067e+04  1.86819732972440e+04 -1.95227949788647e+04
  5.38095884620487e+04 -1.93014510024635e+04  1.89571742028657e+04  1.86818324247528e+04 -1.95229682581109e+04
  5.38133167200254e+04 -1.93016102963600e+04  1.89569515272511e+04  1.86811173494656e+04 -1.95233967486157e+04
  5.38170449779862e+04 -1.93015253338795e+04  1.89572062782605e+04  1.86813562256628e+04 -1.95232519670564e+04
  5.38207732356516e+04 -1.93014492543310e+04  1.89573482251457e+04  1.86815832345475e+04 -1.95231200882096e+04
  5.38245014933472e+04 -1.93016176835542e+04  1.89573384983556e+04  1.86813814629672e+04 -1.95233345101458e+04
  5.38282297508586e+04 -1.93018157482752e+04  1.89571246659828e+04  1.86813060168260e+04 -1.95234146791658e+04
  5.38319580081712e+04 -1.93017125276848e+04  1.89573154593096e+04  1.86813693718036e+04 -1.95235989136745e+04
  5.38356862654964e+04 -1.93016755971194e+04  1.89571454447222e+04  1.86810221042490e+04 -1.95237303355770e+04
  5.38394145223923e+04 -1.93018901859760e+04  1.89572131515906e+04  1.86811600018633e+04 -1.95237796280473e+04
  5.38431427793137e+04 -1.93017817797135e+04  1.89569687443366e+04  1.86816773456815e+04 -1.95234693581962e+04
  5.38468710355116e+04 -1.93018965542924e+04  1.89572601348522e+04  1.86818472743349e+04 -1.95232619914163e+04
  5.38505992919954e+04 -1.93020003620944e+04  1.89571320230333e+04  1.86816153453371e+04 -1.95235063172351e+04
  5.38543275482570e+04 -1.93018872991406e+04  1.89572589368802e+04  1.86814412003924e+04 -1.95237390996914e+04
  5.38580558042767e+04 -1.93020446325472e+04  1.89574122059931e+04  1.86816241789943e+04 -1.95237487416842e+04
  5.38617840603136e+04 -1.93020623647315e+04  1.89571675765190e+04  1.86809691044113e+04 -1.95242289158621e+04
  5.38655123158856e+04 -1.93020415445672e+04  1.89571001887551e+04  1.86811495835817e+04 -1.95240644843441e+04
  5.38692405714605e+04 -1.93018835195894e+04  1.89570923044520e+04  1.86810423617027e+04 -1.95241466038679e+04
  5.38729688270370e+04 -1.93020112340748e+04  1.89573344985269e+04  1.86806258774793e+04 -1.95242978645707e+04
  5.38766970823900e+04 -1.93020087765774e+04  1.89571651118693e+04  1.86808089058868e+04 -1.95241247293665e+04
  5.38804253375207e+04 -1.93019843550084e+04  1.89570022368847e+04  1.86810003675198e+04 -1.95240712702013e+04
  5.38841535926387e+04 -1.93021090749740e+04  1.89568298272319e+04  1.86809640510853e+04 -1.95238683408647e+04
  5.38878818477361e+04 -1.93020939817575e+04  1.89569817205036e+04  1.86812760978781e+04 -1.95238568048419e+04
  5.38916101025614e+04 -1.93022101719178e+04  1.89571262582400e+04  1.86814731262814e+04 -1.95236703195278e+04
  5.38953383571805e+04 -1.93021969354045e+04  1.89570428790915e+04  1.86807047341324e+04 -1.95243225014049e+04
  5.39005868062604e+04 -1.93021969354045e+04  1.89570428790915e+04  1.86807047341324e+04 -1.95243225014049e+04
  5.39011875000566e+04 -1.93023231935391e+04  1.89572349889511e+04  1.86807714355678e+04 -1.95242585408284e+04
  5.39049157546736e+04 -1.93022840499356e+04  1.89570604433382e+04  1.86806576834770e+04 -1.95244585297883e+04
  5.39086440093022e+04 -1.93023243904449e+04  1.89571293103096e+04  1.86802896254720e+04 -1.95244870364740e+04
  5.39123722639594e+04 -1.93024939254062e+04  1.89570550671947e+04  1.86804514588631e+04 -1.95244858078980e+04
  5.39161005188021e+04 -1.93022986933097e+04  1.89569497205699e+04  1.86804006894220e+04 -1.95243765222288e+04
  5.39198287727141e+04 -1.93022705760987e+04  1.89571301784729e+04  1.86800344096635e+04 -1.95246310944396e+04
  5.39235570270613e+04 -1.93022105406360e+04  1.89571266788528e+04  1.86802339801997e+04 -1.95244971672163e+04
  5.39272852816678e+04 -1.93023310760959e+04  1.89573208605696e+04  1.86804258573715e+04 -1.95241716449343e+04
  5.39310135360487e+04 -1.93023629224307e+04  1.89574365454939e+04  1.86797930410339e+04 -1.95246982799782e+04
  5.39347417906690e+04 -1.93025101289457e+04  1.89571896471279e+04  1.86797346696065e+04 -1.95247179788355e+04
  5.39384700453022e+04 -1.93025956437433e+04  1.89573085792301e+04  1.86796841120293e+04 -1.95247803173495e+04
  5.39421982999468e+04 -1.93024301339904e+04  1.89570301234257e+04  1.86796577338202e+04 -1.95247400612212e+04
  5.39459265547696e+04 -1.93024966496164e+04  1.89568401141060e+04  1.86797456624442e+04 -1.95245847779748e+04
  5.39496548098958e+04 -1.93024500390124e+04  1.89568469424575e+04  1.86792328002549e+04 -1.95248375304038e+04
  5.39533830650253e+04 -1.93025634555346e+04  1.89571402450163e+04  1.86791988865996e+04 -1.95248216477578e+04
  5.39571113199305e+04 -1.93023345959455e+04  1.89567730821990e+04  1.86792412798952e+04 -1.95248377196961e+04
  5.39608395752958e+04 -1.93023457822347e+04  1.89569420512682e+04  1.86790542862883e+04 -1.95247450774667e+04
  5.39645678306562e+04 -1.93023080602444e+04  1.89568163386073e+04  1.86788327963575e+04 -1.95250928024780e+04
  5.39682960862603e+04 -1.93022012071030e+04  1.89567162487489e+04  1.86788745960913e+04 -1.95249403003500e+04
  5.39720243420959e+04 -1.93022962494297e+04  1.89565582274941e+04  1.86786941150206e+04 -1.95250091247779e+04
  5.39757525981667e+04 -1.93023911757523e+04  1.89567120555186e+04  1.86787161758469e+04 -1.95249609453098e+04
  5.39794808544660e+04 -1.93023310625617e+04  1.89566654729591e+04  1.86786626536430e+04 -1.95248159382941e+04
  5.39832091110046e+04 -1.93025748753491e+04  1.89565919440990e+04  1.86790390398615e+04 -1.95245162086366e+04
  5.39869373675172e+04 -1.93023067907232e+04  1.89565160877108e+04  1.86786722375426e+04 -1.95249917735377e+04
  5.39906656245081e+04 -1.93023289523917e+04  1.89562240515531e+04  1.86787299849028e+04 -1.95247140464229e+04
  5.39943938814860e+04 -1.93022139558440e+04  1.89564224474730e+04  1.86783563054257e+04 -1.95250217343415e+04
  5.39981221389063e+04 -1.93024048040039e+04  1.89561671245113e+04  1.86784955992888e+04 -1.95248160266016e+04
  5.40018503963010e+04 -1.93020229228809e+04  1.89564358636160e+04  1.86783691534398e+04 -1.95249501963255e+04
  5.40055786541400e+04 -1.93023381723625e+04  1.89561914332223e+04  1.86781806549896e+04 -1.95248978855465e+04
  5.40093069119397e+04 -1.93020882358880e+04  1.89563526853817e+04  1.86781850981635e+04 -1.95247930292849e+04
  5.40130351700776e+04 -1.93023501665553e+04  1.89562178028966e+04  1.86775997306265e+04 -1.95251736572062e+04
  5.40167634285670e+04 -1.93023671730093e+04  1.89560178954000e+04  1.86775938332064e+04 -1.95251406601045e+04
  5.40204916869826e+04 -1.93022852011370e+04  1.89560901257515e+04  1.86776552185334e+04 -1.95250329636285e+04
  5.40242199460196e+04 -1.93022996325764e+04  1.89560170238934e+04  1.86776602193608e+04 -1.95248875884998e+04
  5.40279482047651e+04 -1.93021977113969e+04  1.89558036053736e+04  1.86774046526760e+04 -1.95251439385180e+04
  5.40316764641574e+04 -1.93021952353209e+04  1.89557254034255e+04  1.86776737783348e+04 -1.95247582240569e+04
  5.40354047234976e+04 -1.93022608710969e+04  1.89556383899938e+04  1.86771133869454e+04 -1.95250791687412e+04
  5.40391329829920e+04 -1.93021687234295e+04  1.89557483191555e+04  1.86765824671380e+04 -1.95253875757528e+04
  5.40428612426447e+04 -1.93021804175818e+04  1.89557794033164e+04  1.86765008263575e+04 -1.95254587381178e+04
  5.40486041669894e+04 -1.93021804175818e+04  1.89557794033164e+04  1.86765008263575e+04 -1.95254587381178e+04
  5.40492048613670e+04 -1.93022262889180e+04  1.89556900572523e+04  1.86766689640049e+04 -1.95253010570479e+04
  5.40529331215533e+04 -1.93022882546639e+04  1.89556116436137e+04  1.86763863667721e+04 -1.95254097495095e+04
  5.40566613816896e+04 -1.93023783599864e+04  1.89554858149778e+04  1.86766187288470e+04 -1.95251843974929e+04
  5.40603896417338e+04 -1.93023291854125e+04  1.89555260200706e+04  1.86761709092783e+04 -1.95254572435175e+04
  5.40641179021645e+04 -1.93022884982909e+04  1.89555407984445e+04  1.86759378976819e+04 -1.95255683448389e+04
  5.40678461627314e+04 -1.93024803729015e+04  1.89555433959768e+04  1.86760888495899e+04 -1.95253941851598e+04
  5.40715744232558e+04 -1.93023138318378e+04  1.89555986938731e+04  1.86758617432968e+04 -1.95254366356239e+04
  5.40753026840949e+04 -1.93025045490826e+04  1.89554534026265e+04  1.86756063950452e+04 -1.95257008716046e+04
  5.40790309446841e+04 -1.93022885041629e+04  1.89552978154656e+04  1.86760357421862e+04 -1.95254459017335e+04
  5.40827592057290e+04 -1.93022072349388e+04  1.89554674938058e+04  1.86763676697236e+04 -1.95251638898017e+04
  5.40864874664712e+04 -1.93023537672061e+04  1.89550118297129e+04  1.86759511053599e+04 -1.95253686428946e+04
  5.40902157273902e+04 -1.93023001103681e+04  1.89549672214795e+04  1.86754868979540e+04 -1.95257328301180e+04
  5.40939439882788e+04 -1.93023541589668e+04  1.89551278436444e+04  1.86756125793229e+04 -1.95255458123789e+04
  5.40976722493032e+04 -1.93025039913479e+04  1.89552273678914e+04  1.86755472383774e+04 -1.95256662385607e+04
  5.41014005102592e+04 -1.93026588943441e+04  1.89552019350518e+04  1.86753607284963e+04 -1.95257051166139e+04
  5.41051287713136e+04 -1.93026002696639e+04  1.89550824529005e+04  1.86751270030720e+04 -1.95258201232305e+04
  5.41088570323993e+04 -1.93028143235990e+04  1.89551440583228e+04  1.86755501756686e+04 -1.95257509127533e+04
  5.41125852935936e+04 -1.93026430423712e+04  1.89549818757156e+04  1.86750800850303e+04 -1.95258962819754e+04
  5.41163135545682e+04 -1.93025993295891e+04  1.89551281376381e+04  1.86751826360801e+04 -1.95257608304972e+04
  5.41200418154549e+04 -1.93026990718467e+04  1.89552765457047e+04  1.86755015970867e+04 -1.95255352986547e+04
  5.41237700764955e+04 -1.93026623809662e+04  1.89552963331764e+04  1.86751483711940e+04 -1.95256198404105e+04
  5.41274983375655e+04 -1.93028445871723e+04  1.89550271488100e+04  1.86748149714839e+04 -1.95259744332073e+04
  5.41312265985740e+04 -1.93025715763584e+04  1.89549377388782e+04  1.86746447696081e+04 -1.95261344371168e+04
  5.41349548594085e+04 -1.93029390164856e+04  1.89550574703374e+04  1.86745294122868e+04 -1.95261909425179e+04
  5.41386831204167e+04 -1.93027613058559e+04  1.89553042443477e+04  1.86747359462939e+04 -1.95260868423969e+04
  5.41424113810995e+04 -1.93028859116668e+04  1.89552990373304e+04  1.86746749850819e+04 -1.95260827478180e+04
  5.41461396418541e+04 -1.93028460319261e+04  1.89553947587332e+04  1.86746449196634e+04 -1.95261619679810e+04
  5.41498679026609e+04 -1.93028430161936e+04  1.89553845417528e+04  1.86748394012628e+04 -1.95260384916767e+04
  5.41535961630801e+04 -1.93028230076142e+04  1.89553453543087e+04  1.86742424546654e+04 -1.95264496262183e+04
  5.41573244237976e+04 -1.93028973106367e+04  1.89553043823465e+04  1.86744674230764e+04 -1.95263452669917e+04
  5.41610526840104e+04 -1.93029134776474e+04  1.89552912218075e+04  1.86746674900906e+04 -1.95262150491304e+04
  5.41675416668275e+04 -1.93029134776474e+04  1.89552912218075e+04  1.86746674900906e+04 -1.95262150491304e+04
  5.41681666669734e+04 -1.93028704948773e+04  1.89553631980576e+04  1.86744222882353e+04 -1.95265272791454e+04
  5.41718949270972e+04 -1.93029928167818e+04  1.89552742584174e+04  1.86743509350614e+04 -1.95265479708048e+04
  5.41756231869756e+04 -1.93031478130482e+04  1.89552545883917e+04  1.86739037425798e+04 -1.95268884279126e+04
  5.41793514467165e+04 -1.93030201007314e+04  1.89553512015901e+04  1.86743461348750e+04 -1.95266430210128e+04
  5.41830797065233e+04 -1.93029930567820e+04  1.89552311730007e+04  1.86744268234977e+04 -1.95265669210156e+04
  5.41868079659571e+04 -1.93032190004291e+04  1.89555437579042e+04  1.86741355422072e+04 -1.95269451639835e+04
  5.41905362253959e+04 -1.93031980615385e+04  1.89555864926946e+04  1.86748407972006e+04 -1.95263463573536e+04
  5.41942644846990e+04 -1.93031412890006e+04  1.89554612388702e+04  1.86743293704087e+04 -1.95267142603247e+04
  5.41979927437395e+04 -1.93030158072642e+04  1.89556506134367e+04  1.86745891511658e+04 -1.95266455142606e+04
  5.42017210031387e+04 -1.93033106227955e+04  1.89555383022077e+04  1.86745199170739e+04 -1.95267133152446e+04
  5.42054492616216e+04 -1.93033279159895e+04  1.89554624696780e+04  1.86747779947776e+04 -1.95265224245350e+04
  5.42091775203843e+04 -1.93034329469118e+04  1.89554909856199e+04  1.86745480576783e+04 -1.95268473241601e+04
  5.42129057788969e+04 -1.93033109631614e+04  1.89553008460778e+04  1.86746341343435e+04 -1.95266761912986e+04
  5.42166340373716e+04 -1.93033946191698e+04  1.89553057910659e+04  1.86744291707489e+04 -1.95269501686022e+04
  5.42203622953298e+04 -1.93032675500844e+04  1.89553434610287e+04  1.86746207411696e+04 -1.95268500723375e+04
  5.42240905532697e+04 -1.93034868395699e+04  1.89555817746484e+04  1.86741338198269e+04 -1.95272784831491e+04
  5.42278188112395e+04 -1.93032894575302e+04  1.89553977314888e+04  1.86741049476863e+04 -1.95271784772298e+04
  5.42315470688079e+04 -1.93033979461061e+04  1.89552360380502e+04  1.86738734519845e+04 -1.95273884506162e+04
  5.42352753263576e+04 -1.93032049799778e+04  1.89553401613453e+04  1.86734393726957e+04 -1.95276688445997e+04
  5.42390035839283e+04 -1.93033313867809e+04  1.89553725857038e+04  1.86738420994267e+04 -1.95274057037211e+04
  5.42427318410520e+04 -1.93034042428809e+04  1.89556524131451e+04  1.86736753025876e+04 -1.95275649674393e+04
  5.42464600981840e+04 -1.93034989113451e+04  1.89554786106523e+04  1.86736192716890e+04 -1.95276541657770e+04
  5.42501883556262e+04 -1.93034906557429e+04  1.89556079226899e+04  1.86738251935048e+04 -1.95274986540056e+04
  5.42539166123183e+04 -1.93036994943944e+04  1.89556156894966e+04  1.86737603518839e+04 -1.95275120613104e+04
  5.42576448692338e+04 -1.93035263499696e+04  1.89553087526896e+04  1.86738791584920e+04 -1.95274189130507e+04
  5.42613731259168e+04 -1.93036848482687e+04  1.89552296373121e+04  1.86739085567061e+04 -1.95274890572744e+04
  5.42651013826967e+04 -1.93035031125322e+04  1.89553141643370e+04  1.86736572285794e+04 -1.95275759669595e+04
  5.42688296394375e+04 -1.93035518475317e+04  1.89554578868115e+04  1.86733719864819e+04 -1.95278081356727e+04
  5.42725578958703e+04 -1.93034623612704e+04  1.89553978369301e+04  1.86732944679769e+04 -1.95277613745702e+04
  5.42764583333740e+04 -1.93034623612704e+04  1.89553978369301e+04  1.86732944679769e+04 -1.95277613745702e+04
  5.42768333335613e+04 -1.93034623612704e+04  1.89553978369301e+04  1.86732944679769e+04 -1.95277613745702e+04
  5.42779166672962e+04 -1.93034623612704e+04  1.89553978369301e+04  1.86732944679769e+04 -1.95277613745702e+04
  5.42785416671355e+04 -1.93034883270594e+04  1.89552479873763e+04  1.86734539945491e+04 -1.95277230132281e+04
  5.42822699235914e+04 -1.93037441714916e+04  1.89553154751171e+04  1.86737232018420e+04 -1.95276383483078e+04
  5.42859981795926e+04 -1.93037424753843e+04  1.89552773107727e+04  1.86730657167904e+04 -1.95280674748134e+04
  5.42897264359318e+04 -1.93037381445533e+04  1.89552952690640e+04  1.86730849417558e+04 -1.95279259242662e+04
  5.42934546922965e+04 -1.93038305735140e+04  1.89552317622988e+04  1.86732497845700e+04 -1.95279214887284e+04
  5.42971829488785e+04 -1.93037500252784e+04  1.89554836756563e+04  1.86734035230036e+04 -1.95276302983940e+04
  5.43009112052315e+04 -1.93037666850233e+04  1.89554026024675e+04  1.86732163913773e+04 -1.95277887752447e+04
  5.43046394618160e+04 -1.93036575505434e+04  1.89554149854003e+04  1.86735152650256e+04 -1.95276906190111e+04
  5.43083677183992e+04 -1.93036983648374e+04  1.89553661735256e+04  1.86729498898393e+04 -1.95280027172806e+04
  5.43120959751911e+04 -1.93038066392414e+04  1.89554622418267e+04  1.86728267505846e+04 -1.95280753068189e+04
  5.43158242319688e+04 -1.93038445864494e+04  1.89553589834989e+04  1.86729235430839e+04 -1.95280864312455e+04
  5.43195524889978e+04 -1.93038122066031e+04  1.89553981391379e+04  1.86729847333776e+04 -1.95279590945326e+04
  5.43232807460242e+04 -1.93039880214273e+04  1.89553957446569e+04  1.86729674226196e+04 -1.95279450829104e+04
  5.43270090030613e+04 -1.93039854577001e+04  1.89554567139050e+04  1.86730023229868e+04 -1.95280051370094e+04
  5.43307372603355e+04 -1.93040653653830e+04  1.89554526128699e+04  1.86725137534409e+04 -1.95281232804662e+04
  5.43344655178553e+04 -1.93039841389242e+04  1.89553811281620e+04  1.86732584324385e+04 -1.95277716609106e+04
  5.43381937755614e+04 -1.93038943137547e+04  1.89553679145880e+04  1.86726776145412e+04 -1.95279047767779e+04
  5.43419220333393e+04 -1.93038366064987e+04  1.89553062426604e+04  1.86717336195618e+04 -1.95287062613349e+04
  5.43485208339271e+04 -1.93038366064987e+04  1.89553062426604e+04  1.86717336195618e+04 -1.95287062613349e+04
  5.43495625008381e+04 -1.93038366064987e+04  1.89553062426604e+04  1.86717336195618e+04 -1.95287062613349e+04
  5.43532907596144e+04 -1.93039553143897e+04  1.89549927062396e+04  1.86711423172509e+04 -1.95290851108932e+04
  5.43570190178878e+04 -1.93037970861974e+04  1.89550483085644e+04  1.86716365989915e+04 -1.95286798487885e+04
  5.43607472768276e+04 -1.93039246882225e+04  1.89551008270402e+04  1.86717122676056e+04 -1.95285648277166e+04
  5.43644755357189e+04 -1.93039095033056e+04  1.89552042424482e+04  1.86711651569661e+04 -1.95288098817985e+04
  5.43695000000509e+04 -1.93039095033056e+04  1.89552042424482e+04  1.86711651569661e+04 -1.95288098817985e+04
  5.43701250000716e+04 -1.93038344900497e+04  1.89550694588747e+04  1.86716908605293e+04 -1.95283404259482e+04
  5.43738532595094e+04 -1.93040071205420e+04  1.89548656787199e+04  1.86714605395320e+04 -1.95284830256698e+04
  5.43775815191308e+04 -1.93037394251866e+04  1.89549065299769e+04  1.86714764575549e+04 -1.95285233512433e+04
  5.43813097791274e+04 -1.93038271343790e+04  1.89547895108673e+04  1.86710962046812e+04 -1.95286013703728e+04
  5.43850380391009e+04 -1.93036825444880e+04  1.89546436656620e+04  1.86711398061881e+04 -1.95285848945840e+04
  5.43887662992499e+04 -1.93036888079024e+04  1.89546140156022e+04  1.86706261301906e+04 -1.95289659708714e+04
  5.43924945599131e+04 -1.93037191625296e+04  1.89547932284070e+04  1.86707744863182e+04 -1.95286471213559e+04
  5.43962228202859e+04 -1.93036084004382e+04  1.89545767496440e+04  1.86706024408432e+04 -1.95286576634210e+04
  5.43999510810545e+04 -1.93037062543721e+04  1.89548897397881e+04  1.86705088993770e+04 -1.95286507137277e+04
  5.44036793417452e+04 -1.93037613499261e+04  1.89544525413033e+04  1.86703706342027e+04 -1.95287004725114e+04
  5.44074076029735e+04 -1.93036432655561e+04  1.89544526934078e+04  1.86702076268172e+04 -1.95287747844185e+04
  5.44145833337731e+04 -1.93036432655561e+04  1.89544526934078e+04  1.86702076268172e+04 -1.95287747844185e+04
  5.44200000003309e+04 -1.93036981962576e+04  1.89544177010251e+04  1.86701056481694e+04 -1.95288842616803e+04
  5.44237282617361e+04 -1.93034616026212e+04  1.89543363434627e+04  1.86699205420187e+04 -1.95288110756076e+04
  5.44274565232744e+04 -1.93035453569121e+04  1.89544854218490e+04  1.86697874112516e+04 -1.95288921532894e+04
  5.44311847849535e+04 -1.93036909523546e+04  1.89543210292532e+04  1.86699841605057e+04 -1.95287588841431e+04
  5.44349130465369e+04 -1.93035762567454e+04  1.89543622534507e+04  1.86698456028449e+04 -1.95286804048642e+04
  5.44386413082686e+04 -1.93036570013414e+04  1.89544237693436e+04  1.86696498809723e+04 -1.95287579304719e+04
  5.44423695701424e+04 -1.93035359189838e+04  1.89542101114410e+04  1.86693440953117e+04 -1.95288693824096e+04
  5.44460978321042e+04 -1.93037080155568e+04  1.89542352613108e+04  1.86694830564717e+04 -1.95288303993292e+04
  5.44498260938090e+04 -1.93037438327290e+04  1.89542314061787e+04  1.86696050489975e+04 -1.95287290051531e+04
  5.44535543559165e+04 -1.93037939836744e+04  1.89542431057344e+04  1.86689702486886e+04 -1.95290163221034e+04
  5.44572826179664e+04 -1.93037074748623e+04  1.89542019796792e+04  1.86691999214530e+04 -1.95288517895251e+04
  5.44610108799790e+04 -1.93039757084820e+04  1.89544429208233e+04  1.86691909782994e+04 -1.95287475409342e+04
  5.44647391421910e+04 -1.93038335414726e+04  1.89542323187692e+04  1.86692039300785e+04 -1.95289871314140e+04
  5.44684674039271e+04 -1.93039260667108e+04  1.89541271773969e+04  1.86689006405392e+04 -1.95290155170461e+04
  5.44721956661264e+04 -1.93040082512506e+04  1.89541420951077e+04  1.86692797995196e+04 -1.95287885902046e+04
  5.44759239283173e+04 -1.93041673422273e+04  1.89540571159605e+04  1.86693256621038e+04 -1.95287301461593e+04
  5.44796521904166e+04 -1.93039312813191e+04  1.89539266125345e+04  1.86695311261710e+04 -1.95286826599925e+04
  5.44833804527883e+04 -1.93040966003735e+04  1.89540214114038e+04  1.86691986513231e+04 -1.95288773907513e+04
  5.44885243060476e+04 -1.93040966003735e+04  1.89540214114038e+04  1.86691986513231e+04 -1.95288773907513e+04
  5.44889409727453e+04 -1.93041153753220e+04  1.89537925618548e+04  1.86691169566575e+04 -1.95290687771080e+04
  5.44926692348148e+04 -1.93042061432007e+04  1.89541270760370e+04  1.86691989235565e+04 -1.95289349760599e+04
  5.44963974964987e+04 -1.93041133673868e+04  1.89541323054805e+04  1.86693757696277e+04 -1.95288109324489e+04
  5.45001257582188e+04 -1.93042054614070e+04  1.89544192817764e+04  1.86692532960085e+04 -1.95288729173668e+04
  5.45038540200834e+04 -1.93042182658653e+04  1.89543267915106e+04  1.86689815286572e+04 -1.95291019493680e+04
  5.45075822821693e+04 -1.93041285891093e+04  1.89544333482715e+04  1.86690802449981e+04 -1.95290885779458e+04
  5.45113105437362e+04 -1.93044163406426e+04  1.89542077332772e+04  1.86690123799696e+04 -1.95292123129342e+04
  5.45150388053819e+04 -1.93041296234780e+04  1.89542678119228e+04  1.86690700694093e+04 -1.95292602672778e+04
  5.45187670666829e+04 -1.93044408416380e+04  1.89542022206305e+04  1.86689465564475e+04 -1.95292526538523e+04
  5.45224953283068e+04 -1.93044569931543e+04  1.89544661804752e+04  1.86689585039621e+04 -1.95292976543044e+04
  5.45262235900186e+04 -1.93047567565180e+04  1.89542488818278e+04  1.86688678166099e+04 -1.95295900877598e+04
  5.45299518510869e+04 -1.93046964034071e+04  1.89540768036952e+04  1.86689477486739e+04 -1.95292468881573e+04
  5.45336801124676e+04 -1.93047440034313e+04  1.89543887997143e+04  1.86693491934379e+04 -1.95291868785750e+04
  5.45374083737059e+04 -1.93045874090741e+04  1.89544209841762e+04  1.86692043129071e+04 -1.95293433529271e+04
  5.45411366347083e+04 -1.93048565209528e+04  1.89543368015682e+04  1.86688234772783e+04 -1.95295286408658e+04
  5.45448648956759e+04 -1.93049463310254e+04  1.89543818885157e+04  1.86682806597370e+04 -1.95299131206391e+04
  5.45485931564976e+04 -1.93052056689669e+04  1.89543139013669e+04  1.86684405710257e+04 -1.95298649406831e+04
  5.45523214172972e+04 -1.93049964578601e+04  1.89544173682563e+04  1.86686521570277e+04 -1.95297642052525e+04
  5.45560496778299e+04 -1.93050720932602e+04  1.89542146197755e+04  1.86683188360289e+04 -1.95299692402584e+04
  5.45597779382350e+04 -1.93050620694683e+04  1.89544730262088e+04  1.86689835605074e+04 -1.95296168385959e+04
  5.45635061984110e+04 -1.93051995807734e+04  1.89544740961505e+04  1.86689342534198e+04 -1.95296301629154e+04
  5.45672344588552e+04 -1.93052772894027e+04  1.89545559086717e+04  1.86687334283660e+04 -1.95297815551375e+04
  5.45709627186796e+04 -1.93053241396497e+04  1.89545092727816e+04  1.86685640182938e+04 -1.95301048132451e+04
  5.45746909786042e+04 -1.93052178623404e+04  1.89545781673843e+04  1.86686486170742e+04 -1.95300000575397e+04
  5.45784192381018e+04 -1.93053509345876e+04  1.89547553362829e+04  1.86684849805423e+04 -1.95301558481178e+04
  5.45821474978751e+04 -1.93052702077642e+04  1.89545762825653e+04  1.86683309829027e+04 -1.95303310962478e+04
  5.45858757572292e+04 -1.93053811477781e+04  1.89544630323443e+04  1.86684099798353e+04 -1.95301700841686e+04
  5.45896040163981e+04 -1.93054748112963e+04  1.89546011680540e+04  1.86688081586948e+04 -1.95299831019662e+04
  5.45933322754225e+04 -1.93054558733334e+04  1.89543927053596e+04  1.86686012770686e+04 -1.95300576148977e+04
  5.45970605345139e+04 -1.93055515922903e+04  1.89545867686133e+04  1.86689089310556e+04 -1.95299590756949e+04
  5.46007887931504e+04 -1.93053782933438e+04  1.89546525105106e+04  1.86685232030759e+04 -1.95302155736856e+04
  5.46045170517813e+04 -1.93053227644052e+04  1.89546958671432e+04  1.86684296062210e+04 -1.95303632438294e+04
  5.46082453104178e+04 -1.93053638872051e+04  1.89545276493570e+04  1.86682561616377e+04 -1.95305877021500e+04
  5.46119735688379e+04 -1.93052974533362e+04  1.89546038426352e+04  1.86685461999847e+04 -1.95302683122120e+04
  5.46157018272743e+04 -1.93053929418640e+04  1.89546120040374e+04  1.86683761799504e+04 -1.95303969669468e+04
  5.46216131948033e+04 -1.93053929418640e+04  1.89546120040374e+04  1.86683761799504e+04 -1.95303969669468e+04
  5.46222083341052e+04 -1.93055430357849e+04  1.89545725332941e+04  1.86680010537548e+04 -1.95307056093164e+04
  5.46259365921204e+04 -1.93055939899531e+04  1.89546602638025e+04  1.86683761731502e+04 -1.95303423795455e+04
  5.46296648501167e+04 -1.93058605099640e+04  1.89545541557151e+04  1.86678631791335e+04 -1.95309148127482e+04
  5.46333931079063e+04 -1.93056995645661e+04  1.89546585299482e+04  1.86681694759971e+04 -1.95306448449986e+04
  5.46371213659081e+04 -1.93057660277735e+04  1.89546077371778e+04  1.86685029778048e+04 -1.95301331429684e+04
  5.46408496236760e+04 -1.93057190884844e+04  1.89548252086547e+04  1.86677952505905e+04 -1.95306787137362e+04
  5.46445778812386e+04 -1.93059850362013e+04  1.89547676983807e+04  1.86679204996539e+04 -1.95307667987738e+04
  5.46483061390244e+04 -1.93060331090913e+04  1.89546613292427e+04  1.86675900804791e+04 -1.95310303431097e+04
  5.46520343968055e+04 -1.93060077419677e+04  1.89547273244188e+04  1.86680522908675e+04 -1.95306922327556e+04
  5.46557626545927e+04 -1.93058582174892e+04  1.89547911213124e+04  1.86679886142979e+04 -1.95307813591122e+04
  5.46594909123807e+04 -1.93058373741116e+04  1.89547324156577e+04  1.86679453841256e+04 -1.95307837225687e+04
  5.46633402781089e+04 -1.93058373741116e+04  1.89547324156577e+04  1.86679453841256e+04 -1.95307837225687e+04
  5.46634402778483e+04 -1.93056994117921e+04  1.89551015447234e+04  1.86682489424638e+04 -1.95305880010158e+04
  5.46671685356169e+04 -1.93057094395475e+04  1.89550210102736e+04  1.86678839747832e+04 -1.95307573336217e+04
  5.46708967935023e+04 -1.93058956778817e+04  1.89551273241965e+04  1.86681423249075e+04 -1.95305645227265e+04
  5.46746250516422e+04 -1.93057722048910e+04  1.89550048201598e+04  1.86677664267687e+04 -1.95307971000761e+04
  5.46797083335996e+04 -1.93057722048910e+04  1.89550048201598e+04  1.86677664267687e+04 -1.95307971000761e+04
  5.46811666667836e+04 -1.93057956708103e+04  1.89550058363349e+04  1.86679739001002e+04 -1.95305876718271e+04
  5.46848949247673e+04 -1.93058928241847e+04  1.89548737389409e+04  1.86678506655430e+04 -1.95306464836058e+04
  5.46886231829895e+04 -1.93058823425109e+04  1.89550173075689e+04  1.86673240235756e+04 -1.95309032389591e+04
  5.46923514416517e+04 -1.93058367151574e+04  1.89547532373170e+04  1.86678532516169e+04 -1.95306254872463e+04
  5.46960797061018e+04 -1.93058741057673e+04  1.89549626516621e+04  1.86679593306264e+04 -1.95303965933423e+04
  5.46998079751737e+04 -1.93058916255069e+04  1.89548872046354e+04  1.86671187793595e+04 -1.95310190796526e+04
  5.47035362442201e+04 -1.93060863325302e+04  1.89548428804450e+04  1.86669586041524e+04 -1.95311205336626e+04
  5.47072645132558e+04 -1.93058892569059e+04  1.89550317095860e+04  1.86672486849565e+04 -1.95310193504412e+04
  5.47109927362999e+04 -1.93059631260574e+04  1.89547312389290e+04  1.86669008009892e+04 -1.95311860562690e+04
  5.47147209958443e+04 -1.93059311549836e+04  1.89547189300518e+04  1.86673184320917e+04 -1.95308649286594e+04
  5.47184492553727e+04 -1.93059653901294e+04  1.89550448959006e+04  1.86669294508669e+04 -1.95311547363157e+04
  5.47221775152893e+04 -1.93059567658685e+04  1.89548448012784e+04  1.86670754496854e+04 -1.95309878695198e+04
  5.47259057754039e+04 -1.93060427477376e+04  1.89548456140131e+04  1.86670216652132e+04 -1.95308851504706e+04
  5.47296340354932e+04 -1.93059334937754e+04  1.89547698867458e+04  1.86667986026582e+04 -1.95311565328995e+04
  5.47333622957141e+04 -1.93058583255674e+04  1.89545532447478e+04  1.86665171299168e+04 -1.95312472290132e+04
  5.47370905563391e+04 -1.93059248216018e+04  1.89546739329321e+04  1.86663937557318e+04 -1.95311601669248e+04
  5.47408188168714e+04 -1.93060281340465e+04  1.89545492967260e+04  1.86660934205950e+04 -1.95312677536582e+04
  5.47475138892720e+04 -1.93060281340465e+04  1.89545492967260e+04  1.86660934205950e+04 -1.95312677536582e+04
  5.47479930561144e+04 -1.93064124172350e+04  1.89543639307080e+04  1.86661472809316e+04 -1.95312433128760e+04
  5.47517213173553e+04 -1.93063820259527e+04  1.89543441897634e+04  1.86656884486396e+04 -1.95315753019221e+04
  5.47554495786829e+04 -1.93063100953648e+04  1.89542668627557e+04  1.86658395505865e+04 -1.95312669094976e+04
  5.47591778399352e+04 -1.93063504203886e+04  1.89544534067307e+04  1.86666231876502e+04 -1.95306803011825e+04
  5.47629061015126e+04 -1.93062393467817e+04  1.89541568927680e+04  1.86659939378105e+04 -1.95310928752421e+04
  5.47674166671620e+04 -1.93062393467817e+04  1.89541568927680e+04  1.86659939378105e+04 -1.95310928752421e+04
  5.47679444450673e+04 -1.93064726867577e+04  1.89542185703952e+04  1.86657351059029e+04 -1.95311890630861e+04
  5.47716727068299e+04 -1.93065986045726e+04  1.89540323516113e+04  1.86654530808946e+04 -1.95312467703427e+04
  5.47754009686540e+04 -1.93063702880757e+04  1.89541108975509e+04  1.86652705554313e+04 -1.95314356664779e+04
  5.47791292307095e+04 -1.93065395525130e+04  1.89541379821877e+04  1.86653674631334e+04 -1.95313379514051e+04
  5.47828574928902e+04 -1.93062413808349e+04  1.89539871773636e+04  1.86654496977260e+04 -1.95312594774602e+04
  5.47865857551933e+04 -1.93066282400284e+04  1.89538275838180e+04  1.86655449447701e+04 -1.95312004080813e+04
  5.47903140176199e+04 -1.93064961239371e+04  1.89541806186056e+04  1.86652395712788e+04 -1.95314163620795e+04
  5.47940422801980e+04 -1.93066151466945e+04  1.89539014314786e+04  1.86655490130331e+04 -1.95310376635948e+04
  5.47977705426782e+04 -1.93064737580176e+04  1.89540637971144e+04  1.86650580193758e+04 -1.95314467013648e+04
  5.48014988052766e+04 -1.93064472740024e+04  1.89539342377115e+04  1.86651826040464e+04 -1.95312939787546e+04
  5.48052270677512e+04 -1.93066198496587e+04  1.89541529339944e+04  1.86650901840659e+04 -1.95313001512167e+04
  5.48089553307038e+04 -1.93068083709610e+04  1.89539386977647e+04  1.86647162248222e+04 -1.95316608116296e+04
  5.48126835932731e+04 -1.93066311496400e+04  1.89540946289269e+04  1.86650978140668e+04 -1.95311020356398e+04
  5.48164118561644e+04 -1.93068352125513e+04  1.89540940177728e+04  1.86651294468534e+04 -1.95311037493895e+04
  5.48201401188495e+04 -1.93069309673757e+04  1.89542834443356e+04  1.86648029569940e+04 -1.95314040050561e+04
  5.48238683817095e+04 -1.93068768796371e+04  1.89542601727715e+04  1.86649889225719e+04 -1.95312637407412e+04
  5.48275966447709e+04 -1.93067353107968e+04  1.89541880994256e+04  1.86648706189532e+04 -1.95313731990178e+04
  5.48313249078229e+04 -1.93068433157180e+04  1.89542102299699e+04  1.86647746439583e+04 -1.95313299322496e+04
  5.48350531589167e+04 -1.93069724351644e+04  1.89541887126411e+04  1.86647421033137e+04 -1.95313760300271e+04
  5.48394305558299e+04 -1.93069724351644e+04  1.89541887126411e+04  1.86647421033137e+04 -1.95313760300271e+04
  5.48405208336054e+04 -1.93070619526350e+04  1.89543345644480e+04  1.86649867327220e+04 -1.95313787739712e+04
  5.48442490953520e+04 -1.93071068363711e+04  1.89543749283256e+04  1.86646898872022e+04 -1.95314707040509e+04
  5.48479773583217e+04 -1.93070892391019e+04  1.89542866327207e+04  1.86648296230199e+04 -1.95314259701639e+04
  5.48517056213160e+04 -1.93070794156309e+04  1.89543067407777e+04  1.86650322905193e+04 -1.95312998494429e+04
  5.48554338841538e+04 -1.93069875570572e+04  1.89542970174284e+04  1.86647087816431e+04 -1.95316305854464e+04
  5.48591621470162e+04 -1.93070987703683e+04  1.89543626017897e+04  1.86646846632885e+04 -1.95315600311514e+04
  5.48628904097212e+04 -1.93067359174077e+04  1.89542817179116e+04  1.86650192789326e+04 -1.95312977698293e+04
  5.48666186724999e+04 -1.93067819699078e+04  1.89542039083931e+04  1.86650819578726e+04 -1.95312366764812e+04
  5.48738194447107e+04 -1.93067819699078e+04  1.89542039083931e+04  1.86650819578726e+04 -1.95312366764812e+04
  5.48744166673831e+04 -1.93065224548567e+04  1.89543215421882e+04  1.86645857880173e+04 -1.95317978190111e+04
  5.48781449303090e+04 -1.93066661929847e+04  1.89544924319094e+04  1.86647155179442e+04 -1.95318915803928e+04
  5.48818731929144e+04 -1.93067229914225e+04  1.89541448608236e+04  1.86649229567988e+04 -1.95315988557153e+04
  5.48856014556794e+04 -1.93068709122784e+04  1.89540036917985e+04  1.86640175775892e+04 -1.95321032743227e+04
  5.48893297178624e+04 -1.93068223237752e+04  1.89539336115626e+04  1.86643157324994e+04 -1.95318859163310e+04
  5.48930579801390e+04 -1.93070088028538e+04  1.89539204642637e+04  1.86641942659235e+04 -1.95320252066618e+04
  5.48967862425776e+04 -1.93067802902889e+04  1.89541982469807e+04  1.86646191161345e+04 -1.95316617802742e+04
  5.49005145048472e+04 -1.93068652834111e+04  1.89539771804257e+04  1.86645085564656e+04 -1.95318934818078e+04
  5.49042427671205e+04 -1.93071027387871e+04  1.89541477773484e+04  1.86645038198675e+04 -1.95317554509243e+04
  5.49079710291239e+04 -1.93071690460488e+04  1.89542103409757e+04  1.86645707633048e+04 -1.95316962514567e+04
  5.49116992910220e+04 -1.93073770234224e+04  1.89543929690034e+04  1.86644714489098e+04 -1.95319174258441e+04
  5.49154275529062e+04 -1.93075946834879e+04  1.89543078729773e+04  1.86641242021104e+04 -1.95319941570065e+04
  5.49191558144871e+04 -1.93076511205679e+04  1.89544989987306e+04  1.86648117795134e+04 -1.95315349712550e+04
  5.49228840761989e+04 -1.93079078724449e+04  1.89547783811934e+04  1.86642503048292e+04 -1.95320837242249e+04
  5.49266123377766e+04 -1.93080994991076e+04  1.89548901639410e+04  1.86645421781821e+04 -1.95320778851644e+04
  5.49303405993946e+04 -1.93082164525876e+04  1.89550192139363e+04  1.86642379850725e+04 -1.95322664901232e+04
  5.49340688605660e+04 -1.93082636871456e+04  1.89552102150233e+04  1.86644947636778e+04 -1.95320987459197e+04
  5.49377971215868e+04 -1.93085401224572e+04  1.89552776373579e+04  1.86640579482838e+04 -1.95326047379831e+04
  5.49415253826089e+04 -1.93084267358448e+04  1.89552492173715e+04  1.86641331248598e+04 -1.95325511722699e+04
  5.49452536434675e+04 -1.93085126019196e+04  1.89554165318588e+04  1.86644342636120e+04 -1.95323742303488e+04
  5.49489819041562e+04 -1.93089342492308e+04  1.89558198939568e+04  1.86643688020872e+04 -1.95324665711544e+04
  5.49527101646642e+04 -1.93087084654751e+04  1.89556901252083e+04  1.86644217854079e+04 -1.95324498640616e+04
  5.49564384250395e+04 -1.93090836794235e+04  1.89558683797061e+04  1.86642836503619e+04 -1.95325554614783e+04
  5.49601666854050e+04 -1.93092223690599e+04  1.89558408625682e+04  1.86643226367598e+04 -1.95325712312543e+04
  5.49638949456030e+04 -1.93094805720165e+04  1.89558365752064e+04  1.86642107149673e+04 -1.95327548477132e+04
  5.49676232056100e+04 -1.93094309536908e+04  1.89558401426365e+04  1.86639937964835e+04 -1.95328987611566e+04
  5.49713514656529e+04 -1.93095165420834e+04  1.89561226481127e+04  1.86643721762994e+04 -1.95326405802771e+04
  5.49750797252637e+04 -1.93096983002095e+04  1.89562013312037e+04  1.86651455670963e+04 -1.95322232425095e+04
  5.49788079849015e+04 -1.93098330636624e+04  1.89563112005162e+04  1.86648075089666e+04 -1.95324373854008e+04
  5.49825362446007e+04 -1.93102706968172e+04  1.89569173557038e+04  1.86648268285364e+04 -1.95325156871854e+04
  5.49862645040533e+04 -1.93105214055506e+04  1.89568277975919e+04  1.86645335092464e+04 -1.95327178760785e+04
  5.49899927637464e+04 -1.93106024108188e+04  1.89569817114992e+04  1.86645469777524e+04 -1.95326390609181e+04
  5.49937210228993e+04 -1.93107490215188e+04  1.89570958921017e+04  1.86645392160927e+04 -1.95327263260004e+04
  5.49974492823378e+04 -1.93109274178427e+04  1.89571745418905e+04  1.86643961331937e+04 -1.95327864791566e+04
  5.50011775413460e+04 -1.93111767322850e+04  1.89574383429968e+04  1.86644301301286e+04 -1.95326577363160e+04
  5.50049058005474e+04 -1.93114242089309e+04  1.89578657945466e+04  1.86642916475966e+04 -1.95328291908148e+04
  5.50086340597210e+04 -1.93117748820834e+04  1.89579157565915e+04  1.86641203791569e+04 -1.95329495418440e+04
  5.50123623188032e+04 -1.93117347142420e+04  1.89580339326458e+04  1.86643547540095e+04 -1.95328714346533e+04
  5.50160905778867e+04 -1.93119752713577e+04  1.89581566533707e+04  1.86638845708442e+04 -1.95333420099178e+04
  5.50198188369872e+04 -1.93121444831256e+04  1.89584666363821e+04  1.86636653258232e+04 -1.95335259109845e+04
  5.50235470963218e+04 -1.93125257440939e+04  1.89583012807257e+04  1.86639541604577e+04 -1.95331763098072e+04
  5.50285986111410e+04 -1.93125257440939e+04  1.89583012807257e+04  1.86639541604577e+04 -1.95331763098072e+04
  5.50290972229562e+04 -1.93125160653973e+04  1.89585028438342e+04  1.86640914473939e+04 -1.95330920772979e+04
  5.50328254822777e+04 -1.93129811482221e+04  1.89589734221053e+04  1.86637526537220e+04 -1.95333244107405e+04
  5.50365537413750e+04 -1.93129427058984e+04  1.89588684325144e+04  1.86636753175401e+04 -1.95331878716611e+04
  5.50402820006980e+04 -1.93130292022267e+04  1.89588985353094e+04  1.86637205096698e+04 -1.95332252849461e+04
  5.50440102602305e+04 -1.93131331599892e+04  1.89588503197956e+04  1.86642103482823e+04 -1.95328775572677e+04
  5.50477385197327e+04 -1.93130863524580e+04  1.89589126345156e+04  1.86631951034897e+04 -1.95335458028829e+04
  5.50514667792187e+04 -1.93130805081641e+04  1.89590054986017e+04  1.86635445563653e+04 -1.95332848548902e+04
  5.50551950389156e+04 -1.93130998516741e+04  1.89590209240848e+04  1.86633693478663e+04 -1.95333992631676e+04
  5.50589232988276e+04 -1.93130928547912e+04  1.89588561835214e+04  1.86633254743150e+04 -1.95332798505520e+04
  5.50626515587523e+04 -1.93129368517424e+04  1.89589335822292e+04  1.86636105720513e+04 -1.95331528763593e+04
  5.50663798176920e+04 -1.93133994881699e+04  1.89590733299094e+04  1.86635496865012e+04 -1.95338213195425e+04
  5.50701080766470e+04 -1.93139894103317e+04  1.89599284847771e+04  1.86634910497762e+04 -1.95338311388322e+04
  5.50738363355950e+04 -1.93140518791100e+04  1.89595245839617e+04  1.86638127469939e+04 -1.95334663815323e+04
  5.50775645948959e+04 -1.93143683451172e+04  1.89601614493065e+04  1.86636706670926e+04 -1.95334929672714e+04
  5.50812928540508e+04 -1.93145574518449e+04  1.89599669603280e+04  1.86636963195373e+04 -1.95334727103882e+04
  5.50850211138817e+04 -1.93147748584906e+04  1.89604258500389e+04  1.86633969065624e+04 -1.95337207060035e+04
  5.50887493735035e+04 -1.93148172696700e+04  1.89604162495738e+04  1.86633726910040e+04 -1.95335573975559e+04
  5.50924776337638e+04 -1.93151670494020e+04  1.89606833147960e+04  1.86631818998818e+04 -1.95338123533838e+04
  5.50962058933032e+04 -1.93155594040629e+04  1.89610139513418e+04  1.86626245513907e+04 -1.95342618522495e+04
  5.50999341528705e+04 -1.93159380205248e+04  1.89614775651810e+04  1.86634021289112e+04 -1.95337322677263e+04
  5.51036624126145e+04 -1.93161919637289e+04  1.89613982798396e+04  1.86626515984409e+04 -1.95341087635137e+04
  5.51073906731272e+04 -1.93165633503477e+04  1.89617972132122e+04  1.86629808565311e+04 -1.95338458952642e+04
  5.51111189331238e+04 -1.93169803415688e+04  1.89619732932960e+04  1.86631361791600e+04 -1.95340104428662e+04
  5.51148471931736e+04 -1.93173397271699e+04  1.89624882463923e+04  1.86629796325785e+04 -1.95341585997595e+04
  5.51185754533532e+04 -1.93176832549543e+04  1.89626067565117e+04  1.86631407704853e+04 -1.95339892676664e+04
  5.51223037136285e+04 -1.93182512543854e+04  1.89630215361920e+04  1.86633186773725e+04 -1.95340527738767e+04
  5.51260319739028e+04 -1.93184029409788e+04  1.89634931709236e+04  1.86634750003223e+04 -1.95339681822987e+04
  5.51297602341643e+04 -1.93189236733842e+04  1.89637078439460e+04  1.86632536584566e+04 -1.95340420453363e+04
  5.51334884955901e+04 -1.93191505610894e+04  1.89637200519027e+04  1.86618468786090e+04 -1.95343984725802e+04
  5.51372167579747e+04 -1.93190285094893e+04  1.89641441899714e+04  1.86620306464588e+04 -1.95338982822347e+04
  5.51409450204432e+04 -1.93195605848189e+04  1.89646710957828e+04  1.86622064006093e+04 -1.95337426224393e+04
  5.51446732828184e+04 -1.93199763136923e+04  1.89647460024133e+04  1.86619524803437e+04 -1.95339620827486e+04
  5.51484015456887e+04 -1.93202629333228e+04  1.89647817246919e+04  1.86614457951463e+04 -1.95342864289672e+04
  5.51521298083947e+04 -1.93204016358549e+04  1.89648602915612e+04  1.86613293665096e+04 -1.95341883455589e+04
  5.51558580714838e+04 -1.93207497534779e+04  1.89652417472323e+04  1.86614100431425e+04 -1.95341668549719e+04
  5.51595863342512e+04 -1.93207839813373e+04  1.89652965617744e+04  1.86613837986723e+04 -1.95341792614670e+04
  5.51633145972776e+04 -1.93207643093681e+04  1.89655631585439e+04  1.86614247580345e+04 -1.95340459124188e+04
  5.51670428604861e+04 -1.93210459086246e+04  1.89657257254072e+04  1.86613746744589e+04 -1.95341464199954e+04
  5.51707711238310e+04 -1.93212952680562e+04  1.89658855761765e+04  1.86614215214539e+04 -1.95340841326956e+04
  5.51744993868541e+04 -1.93215502572444e+04  1.89659314717875e+04  1.86613781068938e+04 -1.95340226872541e+04
  5.51782276498889e+04 -1.93216955977507e+04  1.89663487293607e+04  1.86613366227089e+04 -1.95343992229203e+04
  5.51819559130916e+04 -1.93215263765612e+04  1.89662139212584e+04  1.86612810435486e+04 -1.95341713710786e+04
  5.51856841759097e+04 -1.93221059596146e+04  1.89662675614281e+04  1.86610083279140e+04 -1.95346622574037e+04
  5.51894124385429e+04 -1.93221424370254e+04  1.89660938743817e+04  1.86607670210881e+04 -1.95346670624578e+04
  5.51931407018217e+04 -1.93223064879290e+04  1.89665877505806e+04  1.86607482993327e+04 -1.95349577692187e+04
  5.51968689648517e+04 -1.93225052268341e+04  1.89668473271411e+04  1.86610161430469e+04 -1.95346939753548e+04
  5.52005972278437e+04 -1.93225717227420e+04  1.89667234819478e+04  1.86605031066724e+04 -1.95352645951359e+04
  5.52043254902847e+04 -1.93228644031478e+04  1.89667936903254e+04  1.86610964794296e+04 -1.95349411054571e+04
  5.52080537529029e+04 -1.93227964998857e+04  1.89668702993567e+04  1.86603961861067e+04 -1.95349694949485e+04
  5.52117820162513e+04 -1.93227529081780e+04  1.89670270022112e+04  1.86601051918991e+04 -1.95351438432628e+04
  5.52165520841458e+04 -1.93227529081780e+04  1.89670270022112e+04  1.86601051918991e+04 -1.95351438432628e+04
  5.52173854169745e+04 -1.93229538566961e+04  1.89670203588912e+04  1.86595928961408e+04 -1.95348439432560e+04
  5.52211136802780e+04 -1.93228906699665e+04  1.89668608658170e+04  1.86596736807172e+04 -1.95347358934031e+04
  5.52248419443530e+04 -1.93229951929125e+04  1.89671689989672e+04  1.86599979947081e+04 -1.95343674235565e+04
  5.52285702079489e+04 -1.93233826522394e+04  1.89673629215787e+04  1.86600052503614e+04 -1.95343804601655e+04
  5.52322984714722e+04 -1.93231370382436e+04  1.89671885377689e+04  1.86597558038336e+04 -1.95344974832254e+04
  5.52360267350359e+04 -1.93230476686203e+04  1.89671900369676e+04  1.86595997827238e+04 -1.95347372481663e+04
  5.52397549987753e+04 -1.93235440503827e+04  1.89672971302039e+04  1.86596177408904e+04 -1.95348689838553e+04
  5.52434832622663e+04 -1.93233435578024e+04  1.89673151386814e+04  1.86598153226256e+04 -1.95346195293090e+04
  5.52472115257014e+04 -1.93232292925832e+04  1.89672320258052e+04  1.86595154037342e+04 -1.95348232446918e+04
  5.52509397893554e+04 -1.93233111005751e+04  1.89676296018025e+04  1.86599222157469e+04 -1.95346650596407e+04
  5.52546680526262e+04 -1.93234168657068e+04  1.89674775610740e+04  1.86596828886419e+04 -1.95349625246944e+04
  5.52583963156390e+04 -1.93234121879253e+04  1.89677671401016e+04  1.86593277690912e+04 -1.95351525399122e+04
  5.52621245789735e+04 -1.93233882523592e+04  1.89675298207648e+04  1.86594566596729e+04 -1.95352431511481e+04
  5.52658528421239e+04 -1.93233318721928e+04  1.89676581810784e+04  1.86597120787639e+04 -1.95350747191599e+04
  5.52695811051053e+04 -1.93230850737548e+04  1.89675175708032e+04  1.86595308861140e+04 -1.95351754057026e+04
  5.52733093683970e+04 -1.93230661786407e+04  1.89675632508112e+04  1.86595371431828e+04 -1.95352138539486e+04
  5.52770376311783e+04 -1.93228744376829e+04  1.89674038704123e+04  1.86591587649369e+04 -1.95353371018375e+04
  5.52807658942233e+04 -1.93226634433618e+04  1.89674587606420e+04  1.86597599626486e+04 -1.95350023042164e+04
  5.52844941567778e+04 -1.93228383954906e+04  1.89672003423760e+04  1.86596313702708e+04 -1.95352064432415e+04
  5.52882224194721e+04 -1.93227368095725e+04  1.89674107175137e+04  1.86594946580304e+04 -1.95354660232281e+04
  5.52919506822883e+04 -1.93226534141630e+04  1.89671778828647e+04  1.86596391295523e+04 -1.95349731889563e+04
  5.52956789449477e+04 -1.93222829299857e+04  1.89671067515858e+04  1.86592747849177e+04 -1.95351722962116e+04
  5.52994072082292e+04 -1.93225201979421e+04  1.89670954010073e+04  1.86600618757576e+04 -1.95352934382096e+04
  5.53031354689351e+04 -1.93223323385295e+04  1.89669959563910e+04  1.86599139865986e+04 -1.95356137358399e+04
  5.53068637307153e+04 -1.93222679604515e+04  1.89667768425232e+04  1.86598134748679e+04 -1.95354335653214e+04
  5.53105919921295e+04 -1.93221144459005e+04  1.89668713227743e+04  1.86601003774411e+04 -1.95352747095878e+04
  5.53143202539166e+04 -1.93220235848679e+04  1.89666251489150e+04  1.86597748272517e+04 -1.95355580954662e+04
  5.53180485151423e+04 -1.93220495852732e+04  1.89666751329441e+04  1.86600385995946e+04 -1.95358070732408e+04
  5.53217767755938e+04 -1.93221242345511e+04  1.89666121301769e+04  1.86600986802303e+04 -1.95359855561111e+04
  5.53255050355323e+04 -1.93218181015514e+04  1.89663149542197e+04  1.86598968701308e+04 -1.95360082759044e+04
  5.53296666673832e+04 -1.93218181015514e+04  1.89663149542197e+04  1.86598968701308e+04 -1.95360082759044e+04
  5.53303541667384e+04 -1.93218281439914e+04  1.89661943227890e+04  1.86593571070600e+04 -1.95363899852343e+04
  5.53340824270844e+04 -1.93218776987729e+04  1.89662122289495e+04  1.86600895564102e+04 -1.95362671567286e+04
  5.53378106864109e+04 -1.93218561421506e+04  1.89661350480973e+04  1.86603881748325e+04 -1.95360334614345e+04
  5.53415389454630e+04 -1.93216853435047e+04  1.89660305244138e+04  1.86603047844315e+04 -1.95360725139296e+04
  5.53452672048843e+04 -1.93212155504660e+04  1.89656912372361e+04  1.86607569835219e+04 -1.95358516843661e+04
  5.53490416671389e+04 -1.93212155504660e+04  1.89656912372361e+04  1.86607569835219e+04 -1.95358516843661e+04
  5.53505625001794e+04 -1.93210948280554e+04  1.89656069069347e+04  1.86606040257151e+04 -1.95361854719946e+04
  5.53543750006228e+04 -1.93210948280554e+04  1.89656069069347e+04  1.86606040257151e+04 -1.95361854719946e+04
  5.53557500005092e+04 -1.93214882141216e+04  1.89654972562723e+04  1.86609804826401e+04 -1.95364066515091e+04
  5.53594782584873e+04 -1.93211853426953e+04  1.89655401110868e+04  1.86610637892955e+04 -1.95364380865175e+04
  5.53632065162419e+04 -1.93207036063367e+04  1.89651744876860e+04  1.86604310167778e+04 -1.95366271258838e+04
  5.53669347743219e+04 -1.93208941211313e+04  1.89655050799056e+04  1.86608025113688e+04 -1.95367878143003e+04
  5.53706630308182e+04 -1.93209241554405e+04  1.89654316944221e+04  1.86609290048171e+04 -1.95369383864796e+04
  5.53743912874547e+04 -1.93209363638628e+04  1.89651017984152e+04  1.86606334468122e+04 -1.95370412820951e+04
  5.53781195438597e+04 -1.93210338296092e+04  1.89648246234292e+04  1.86607003819156e+04 -1.95370695082643e+04
  5.53818478005637e+04 -1.93208852786260e+04  1.89647317574189e+04  1.86606843177326e+04 -1.95369686580466e+04
  5.53855760570277e+04 -1.93205485113986e+04  1.89646737076498e+04  1.86605836499374e+04 -1.95370683689464e+04
  5.53893043136504e+04 -1.93204771915285e+04  1.89643610370286e+04  1.86606530421999e+04 -1.95370508718945e+04
  5.53930325701100e+04 -1.93200020327743e+04  1.89641797681016e+04  1.86604667878907e+04 -1.95371337363875e+04
  5.53967608272834e+04 -1.93198314047696e+04  1.89640440747075e+04  1.86604733273760e+04 -1.95372610404151e+04
  5.54004890837303e+04 -1.93200375980400e+04  1.89639289827708e+04  1.86604650835005e+04 -1.95371473638989e+04
  5.54042173407055e+04 -1.93195908959891e+04  1.89636655017851e+04  1.86605888444629e+04 -1.95370018036566e+04
  5.54116738545463e+04 -1.93195908959891e+04  1.89636655017851e+04  1.86605888444629e+04 -1.95370018036566e+04
