  5.21309998712442e+04  1.90478836593536e+04 -1.91226691563228e+04 -1.93829740792586e+04  1.90818822926609e+04
  5.21347281046878e+04  1.90468495959856e+04 -1.91217295921118e+04 -1.93820423267242e+04  1.90820931442167e+04
  5.21384563382441e+04  1.90467444800773e+04 -1.91218498461595e+04 -1.93820267138633e+04  1.90823435614311e+04
  5.21421845719525e+04  1.90468697806796e+04 -1.91221714358874e+04 -1.93816974965054e+04  1.90825518098960e+04
  5.21459128054655e+04  1.90469735472383e+04 -1.91225917642523e+04 -1.93817465295934e+04  1.90825664466233e+04
  5.21496410384886e+04  1.90469735472383e+04 -1.91225917642523e+04 -1.93817465295934e+04  1.90825664466233e+04
  5.21533692710499e+04  1.90486500392148e+04 -1.91243092882488e+04 -1.93819595067649e+04  1.90817978742641e+04
  5.21570975034480e+04  1.90490123508942e+04 -1.91247208771324e+04 -1.93813995618542e+04  1.90826913432176e+04
  5.21608257388101e+04  1.90492238665252e+04 -1.91250753219372e+04 -1.93818595121427e+04  1.90820963564596e+04
  5.21666250005311e+04  1.90492238665252e+04 -1.91250753219372e+04 -1.93818595121427e+04  1.90820963564596e+04
  5.21673750004977e+04  1.90493873050042e+04 -1.91254775135264e+04 -1.93814255549446e+04  1.90822427379608e+04
  5.21711032361123e+04  1.90497033921430e+04 -1.91260833330053e+04 -1.93814135867474e+04  1.90820819856041e+04
  5.21748314705902e+04  1.90497033921430e+04 -1.91260833330053e+04 -1.93814135867474e+04  1.90820819856041e+04
  5.21785597052801e+04  1.90500562018384e+04 -1.91266674526273e+04 -1.93810779160221e+04  1.90818653126605e+04
  5.21822879417800e+04  1.90501686464682e+04 -1.91268963366965e+04 -1.93812804938185e+04  1.90815302897362e+04
  5.21860161770762e+04  1.90503673542960e+04 -1.91270835147460e+04 -1.93806069418021e+04  1.90817977354162e+04
  5.21897444126146e+04  1.90504854308391e+04 -1.91274073350313e+04 -1.93806330667471e+04  1.90817450506546e+04
  5.21934726508287e+04  1.90506764577267e+04 -1.91278280940991e+04 -1.93802990875354e+04  1.90820559069392e+04
  5.21972008871654e+04  1.90508145396411e+04 -1.91281280609721e+04 -1.93804656445518e+04  1.90819873116942e+04
  5.22009291248667e+04  1.90507171460943e+04 -1.91279987826183e+04 -1.93802058610545e+04  1.90822485735229e+04
  5.22046573620418e+04  1.90505625172721e+04 -1.91280693781656e+04 -1.93798800637985e+04  1.90819339137633e+04
  5.22083856009492e+04  1.90507169031293e+04 -1.91285075745992e+04 -1.93801434450442e+04  1.90818674702658e+04
  5.22121138397650e+04  1.90507996194030e+04 -1.91286480856666e+04 -1.93797129763953e+04  1.90819877174522e+04
  5.22186875000291e+04  1.90507996194030e+04 -1.91286480856666e+04 -1.93797129763953e+04  1.90819877174522e+04
  5.22200000003866e+04  1.90507996194030e+04 -1.91286480856666e+04 -1.93797129763953e+04  1.90819877174522e+04
  5.22237282384665e+04  1.90514773817941e+04 -1.91297240392219e+04 -1.93798397659208e+04  1.90821268891526e+04
  5.22274564790914e+04  1.90515267205442e+04 -1.91299446087574e+04 -1.93800381818296e+04  1.90820779419499e+04
  5.22311847183681e+04  1.90517399725787e+04 -1.91303110927179e+04 -1.93801035253134e+04  1.90819657657029e+04
  5.22349129592338e+04  1.90517399725787e+04 -1.91303110927179e+04 -1.93801035253134e+04  1.90819657657029e+04
  5.22386411994585e+04  1.90519576894310e+04 -1.91306420569969e+04 -1.93799471780039e+04  1.90819108374041e+04
  5.22423694396595e+04  1.90522488903126e+04 -1.91308639381877e+04 -1.93802806118332e+04  1.90815627836313e+04
  5.22460976815904e+04  1.90522071719728e+04 -1.91308560518519e+04 -1.93801726697618e+04  1.90814437421948e+04
  5.22498259227721e+04  1.90523212568990e+04 -1.91311398371932e+04 -1.93800118736971e+04  1.90813135028719e+04
  5.22535541654237e+04  1.90525221632978e+04 -1.91313595155576e+04 -1.93802109317862e+04  1.90811878723863e+04
  5.22572824069863e+04  1.90527482109505e+04 -1.91316344749605e+04 -1.93798890317584e+04  1.90813498007050e+04
  5.22610106485685e+04  1.90528463537594e+04 -1.91319687260588e+04 -1.93800236002059e+04  1.90809955738070e+04
  5.22647388921238e+04  1.90528704011501e+04 -1.91320650693262e+04 -1.93797601851542e+04  1.90810560488389e+04
  5.22684671344480e+04  1.90528927801927e+04 -1.91320960058022e+04 -1.93794070657023e+04  1.90812459478339e+04
  5.22721953767513e+04  1.90531046709353e+04 -1.91322765223636e+04 -1.93800146703719e+04  1.90806021435650e+04
  5.22759236210716e+04  1.90531991864559e+04 -1.91325121558222e+04 -1.93803818964671e+04  1.90804816448859e+04
  5.22796518640708e+04  1.90532458984867e+04 -1.91327610126943e+04 -1.93806108980999e+04  1.90801751317179e+04
  5.22833801074191e+04  1.90532738167216e+04 -1.91328520079276e+04 -1.93806698730514e+04  1.90799389038613e+04
  5.22906250006377e+04  1.90532738167216e+04 -1.91328520079276e+04 -1.93806698730514e+04  1.90799389038613e+04
  5.22909791668705e+04  1.90534054279335e+04 -1.91328935906632e+04 -1.93801963575030e+04  1.90801562974190e+04
  5.22947074099965e+04  1.90531137172429e+04 -1.91325001511566e+04 -1.93804058858120e+04  1.90800056803635e+04
  5.22984356532778e+04  1.90530321353392e+04 -1.91324578980607e+04 -1.93805685594032e+04  1.90799764438753e+04
  5.23021638964097e+04  1.90530043529545e+04 -1.91325148430938e+04 -1.93804255759908e+04  1.90800152746441e+04
  5.23058921412292e+04  1.90528702699353e+04 -1.91325289673182e+04 -1.93803822005504e+04  1.90798428183218e+04
  5.23096203838263e+04  1.90527737182931e+04 -1.91324922641510e+04 -1.93800100760794e+04  1.90799885760933e+04
  5.23133486272152e+04  1.90527167319419e+04 -1.91323775517579e+04 -1.93802957558266e+04  1.90797487730411e+04
  5.23170768706330e+04  1.90525833343318e+04 -1.91323972871360e+04 -1.93801008115955e+04  1.90798973687734e+04
  5.23208051139422e+04  1.90523555491137e+04 -1.91322115232488e+04 -1.93800397468161e+04  1.90798959580416e+04
  5.23245333573670e+04  1.90520166516262e+04 -1.91319518886733e+04 -1.93800359492158e+04  1.90797088754674e+04
  5.23310833333993e+04  1.90520166516262e+04 -1.91319518886733e+04 -1.93800359492158e+04  1.90797088754674e+04
  5.23314319452801e+04  1.90520166516262e+04 -1.91319518886733e+04 -1.93800359492158e+04  1.90797088754674e+04
  5.23351601865557e+04  1.90491687435798e+04 -1.91293280203981e+04 -1.93792001089848e+04  1.90799253044710e+04
  5.23388884279237e+04  1.90488397167017e+04 -1.91289970212308e+04 -1.93792088511550e+04  1.90800118395623e+04
  5.23426166692837e+04  1.90486706499549e+04 -1.91289301688995e+04 -1.93790278860756e+04  1.90800781343219e+04
  5.23463454437963e+04  1.90481821579599e+04 -1.91286520701865e+04 -1.93791076929595e+04  1.90797849345156e+04
  5.23500736851830e+04  1.90480451402021e+04 -1.91285031550889e+04 -1.93790835668484e+04  1.90799636172322e+04
  5.23538019251796e+04  1.90478745033247e+04 -1.91282831270596e+04 -1.93788862635336e+04  1.90796076775282e+04
  5.23575301658831e+04  1.90477491211355e+04 -1.91283151249148e+04 -1.93788353009661e+04  1.90795977542422e+04
  5.23612584067327e+04  1.90475580465422e+04 -1.91279527735976e+04 -1.93787081627196e+04  1.90795261168510e+04
  5.23649866475621e+04  1.90473114010401e+04 -1.91278893741044e+04 -1.93788513718057e+04  1.90795808055438e+04
  5.23687148867256e+04  1.90469342772106e+04 -1.91276524558801e+04 -1.93785397816654e+04  1.90797762849355e+04
  5.23724431268555e+04  1.90468572743653e+04 -1.91274837523335e+04 -1.93785835750817e+04  1.90795320768037e+04
  5.23761713670463e+04  1.90466209887857e+04 -1.91272798958669e+04 -1.93785742338005e+04  1.90795918806231e+04
  5.23798996071354e+04  1.90464604915874e+04 -1.91270713830408e+04 -1.93784267082876e+04  1.90796454238851e+04
  5.23836278454978e+04  1.90462348938384e+04 -1.91268864705618e+04 -1.93787273403743e+04  1.90791464171674e+04
  5.23873560850139e+04  1.90460377858087e+04 -1.91269856723739e+04 -1.93784310783676e+04  1.90795924508027e+04
  5.23910843245219e+04  1.90458913294689e+04 -1.91268840351362e+04 -1.93786282002355e+04  1.90794587832548e+04
  5.23948125638634e+04  1.90456001295451e+04 -1.91266966942294e+04 -1.93785301841691e+04  1.90795424145110e+04
  5.23985408019004e+04  1.90454804941598e+04 -1.91266594139211e+04 -1.93785395277212e+04  1.90793672708385e+04
  5.24025833334432e+04  1.90454804941598e+04 -1.91266594139211e+04 -1.93785395277212e+04  1.90793672708385e+04
  5.24030000000625e+04  1.90453354209703e+04 -1.91265126528776e+04 -1.93786339022983e+04  1.90794402395348e+04
  5.24067282394317e+04  1.90449051550055e+04 -1.91260689482018e+04 -1.93784825571922e+04  1.90793188386222e+04
  5.24104564765857e+04  1.90447065709721e+04 -1.91259386828637e+04 -1.93782639465230e+04  1.90794251992612e+04
  5.24141847149456e+04  1.90443935709830e+04 -1.91257215253374e+04 -1.93784986755294e+04  1.90791802925844e+04
  5.24179129531945e+04  1.90444175617992e+04 -1.91256800339064e+04 -1.93785928503310e+04  1.90790991657628e+04
  5.24216411914606e+04  1.90443682559568e+04 -1.91257255630803e+04 -1.93785615257673e+04  1.90788874451210e+04
  5.24253694287349e+04  1.90442687846169e+04 -1.91256337198110e+04 -1.93789671053241e+04  1.90784760406063e+04
  5.24290976669918e+04  1.90440963392326e+04 -1.91254934134243e+04 -1.93786859408662e+04  1.90786442718579e+04
  5.24328259041668e+04  1.90439497806358e+04 -1.91255343923924e+04 -1.93788853407579e+04  1.90785268296707e+04
  5.24365541420325e+04  1.90438408649369e+04 -1.91253968111833e+04 -1.93786097433713e+04  1.90787006698800e+04
  5.24402823800278e+04  1.90436982898270e+04 -1.91254320615711e+04 -1.93785768782010e+04  1.90785981660854e+04
  5.24440106186989e+04  1.90436548300851e+04 -1.91253820196403e+04 -1.93787328892751e+04  1.90784734794119e+04
  5.24477388564212e+04  1.90436937781467e+04 -1.91253722722750e+04 -1.93786047861780e+04  1.90785281365429e+04
  5.24514670942081e+04  1.90434639116722e+04 -1.91251764093570e+04 -1.93785362803311e+04  1.90785493540371e+04
  5.24551953321051e+04  1.90434975504526e+04 -1.91253289263470e+04 -1.93785478589960e+04  1.90787180959007e+04
  5.24589235701482e+04  1.90435345954786e+04 -1.91252757637582e+04 -1.93788058859896e+04  1.90783260597784e+04
  5.24626518080290e+04  1.90434975085929e+04 -1.91253051437135e+04 -1.93783936021633e+04  1.90782450943913e+04
  5.24663800463357e+04  1.90432805932383e+04 -1.91253355521670e+04 -1.93786399751861e+04  1.90783480885616e+04
  5.24701082845033e+04  1.90433347134616e+04 -1.91253591223657e+04 -1.93783505853926e+04  1.90782929513070e+04
  5.24738365227226e+04  1.90433982234791e+04 -1.91254922074492e+04 -1.93784006027994e+04  1.90779518401034e+04
  5.24775647610486e+04  1.90433388599766e+04 -1.91252885274329e+04 -1.93780635174590e+04  1.90784813172452e+04
  5.24812929993751e+04  1.90432862753848e+04 -1.91252714944182e+04 -1.93784841676446e+04  1.90781351616775e+04
  5.24856222230941e+04  1.90432862753848e+04 -1.91252714944182e+04 -1.93784841676446e+04  1.90781351616775e+04
  5.24860416675244e+04  1.90433560475156e+04 -1.91252344061139e+04 -1.93785642417256e+04  1.90781528504115e+04
  5.24897699064444e+04  1.90433197975871e+04 -1.91254345682156e+04 -1.93784194354905e+04  1.90778998712177e+04
  5.24934981452383e+04  1.90433611052487e+04 -1.91255491366396e+04 -1.93784849495929e+04  1.90779074910240e+04
  5.24972263845592e+04  1.90433882435817e+04 -1.91255427659197e+04 -1.93786810148902e+04  1.90776279294297e+04
  5.25009546240938e+04  1.90433682479441e+04 -1.91258043389836e+04 -1.93784516600328e+04  1.90776122759520e+04
  5.25046828637420e+04  1.90433242603284e+04 -1.91257607635621e+04 -1.93783866486640e+04  1.90777200757067e+04
  5.25084111030511e+04  1.90435038016511e+04 -1.91259370804440e+04 -1.93785512660806e+04  1.90776989281437e+04
  5.25121393429733e+04  1.90436910412429e+04 -1.91261877804252e+04 -1.93787425069154e+04  1.90774629352627e+04
  5.25158675834341e+04  1.90437837934087e+04 -1.91264780029805e+04 -1.93791090732072e+04  1.90770899981378e+04
  5.25195958241482e+04  1.90440919137517e+04 -1.91266584256765e+04 -1.93789364859798e+04  1.90773265034789e+04
  5.25233240649617e+04  1.90441186209495e+04 -1.91266099279385e+04 -1.93788614607123e+04  1.90771785338665e+04
  5.25270523062860e+04  1.90443618204474e+04 -1.91268076747724e+04 -1.93791973011498e+04  1.90770560216625e+04
  5.25307805478415e+04  1.90443206556729e+04 -1.91269002046713e+04 -1.93789826132141e+04  1.90771038868195e+04
  5.25345087894956e+04  1.90444506420701e+04 -1.91271378679598e+04 -1.93793981933243e+04  1.90765747337569e+04
  5.25382370321655e+04  1.90446341456332e+04 -1.91274907773641e+04 -1.93791342213519e+04  1.90765970542806e+04
  5.25419652742176e+04  1.90448542908180e+04 -1.91276458958659e+04 -1.93792896907871e+04  1.90766723303144e+04
  5.25456935170960e+04  1.90449970370347e+04 -1.91277945016640e+04 -1.93793652517939e+04  1.90765115941609e+04
  5.25494217600163e+04  1.90451107500983e+04 -1.91280239024742e+04 -1.93795915052688e+04  1.90762955882445e+04
  5.25531500037061e+04  1.90453632177997e+04 -1.91282662013147e+04 -1.93797885713877e+04  1.90762404522463e+04
  5.25568782474317e+04  1.90454914302021e+04 -1.91285485045497e+04 -1.93797162998155e+04  1.90762537566848e+04
  5.25606064916724e+04  1.90456355625927e+04 -1.91285325834373e+04 -1.93798043349532e+04  1.90760494582843e+04
  5.25643347360701e+04  1.90459524352416e+04 -1.91291198001899e+04 -1.93794793638885e+04  1.90763954683717e+04
  5.25680629809515e+04  1.90461748858723e+04 -1.91293667884680e+04 -1.93794492188768e+04  1.90762731135755e+04
  5.25717912263321e+04  1.90463125005463e+04 -1.91295492133744e+04 -1.93796039555589e+04  1.90762795080079e+04
  5.25755194716573e+04  1.90464379980199e+04 -1.91296871684045e+04 -1.93793279640385e+04  1.90758758499507e+04
  5.25792477174966e+04  1.90468142970630e+04 -1.91300158068005e+04 -1.93794345300030e+04  1.90761471085350e+04
  5.25837534723345e+04  1.90468142970630e+04 -1.91300158068005e+04 -1.93794345300030e+04  1.90761471085350e+04
  5.25841701397489e+04  1.90468142970630e+04 -1.91300158068005e+04 -1.93794345300030e+04  1.90761471085350e+04
  5.25878983861064e+04  1.90474236049982e+04 -1.91307516481906e+04 -1.93794303308581e+04  1.90760517239934e+04
  5.25916266333611e+04  1.90478151948313e+04 -1.91311184281872e+04 -1.93797842032271e+04  1.90760337927614e+04
  5.25953548807548e+04  1.90481345372041e+04 -1.91314640996308e+04 -1.93804697708259e+04  1.90754893677310e+04
  5.25990831280567e+04  1.90483381035003e+04 -1.91316854858048e+04 -1.93800903732136e+04  1.90756117862281e+04
  5.26028113759826e+04  1.90486243250408e+04 -1.91318742617918e+04 -1.93801207243802e+04  1.90752840843848e+04
  5.26065396240590e+04  1.90488686819649e+04 -1.91320330977065e+04 -1.93802144723222e+04  1.90752729633232e+04
  5.26102678727603e+04  1.90490559276320e+04 -1.91323902038526e+04 -1.93803698784664e+04  1.90749673749057e+04
  5.26139961216850e+04  1.90493426056404e+04 -1.91326170951570e+04 -1.93804955447874e+04  1.90746696718006e+04
  5.26177243702362e+04  1.90494863547471e+04 -1.91329938708646e+04 -1.93801865426598e+04  1.90746349174777e+04
  5.26214526189282e+04  1.90496009644764e+04 -1.91329819064537e+04 -1.93803713413351e+04  1.90744738918861e+04
  5.26251808682280e+04  1.90497523838380e+04 -1.91332915487710e+04 -1.93804013396462e+04  1.90747200668683e+04
  5.26289091173854e+04  1.90498326451279e+04 -1.91333641901854e+04 -1.93805697492319e+04  1.90745557983373e+04
  5.26326373670115e+04  1.90502488339820e+04 -1.91336749288304e+04 -1.93809410566609e+04  1.90745549023853e+04
  5.26363656168773e+04  1.90503715083015e+04 -1.91337031003525e+04 -1.93809719868886e+04  1.90745354802109e+04
  5.26400938668259e+04  1.90503060295812e+04 -1.91337814296509e+04 -1.93808322956564e+04  1.90743244833437e+04
  5.26438221163124e+04  1.90503436358042e+04 -1.91339479801439e+04 -1.93809621497162e+04  1.90742852981820e+04
  5.26475503659920e+04  1.90503282640368e+04 -1.91339398302173e+04 -1.93808292668222e+04  1.90743563897656e+04
  5.26512786158798e+04  1.90503911888078e+04 -1.91339765714052e+04 -1.93805840114594e+04  1.90744902838627e+04
  5.26550068659445e+04  1.90504423931454e+04 -1.91340235569825e+04 -1.93810192751997e+04  1.90741963391258e+04
  5.26587351156539e+04  1.90506527597892e+04 -1.91341877111250e+04 -1.93806533330828e+04  1.90743421708112e+04
  5.26624633655925e+04  1.90506131399076e+04 -1.91340212320958e+04 -1.93808709847834e+04  1.90743014978704e+04
  5.26661916156413e+04  1.90504261485503e+04 -1.91338974454731e+04 -1.93808513704498e+04  1.90744512735986e+04
  5.26699198654307e+04  1.90503760824395e+04 -1.91339368118743e+04 -1.93807794830406e+04  1.90741424137723e+04
  5.26736481151680e+04  1.90502927381798e+04 -1.91337382219534e+04 -1.93804924398183e+04  1.90745972266097e+04
  5.26773763648982e+04  1.90503564583944e+04 -1.91339773969446e+04 -1.93806144691075e+04  1.90744642271855e+04
  5.26811046147626e+04  1.90502315223960e+04 -1.91339261011997e+04 -1.93811666907459e+04  1.90739323633698e+04
  5.26848328644617e+04  1.90500079114492e+04 -1.91336546054526e+04 -1.93811038057505e+04  1.90740159551014e+04
  5.26885611139423e+04  1.90499147945970e+04 -1.91336372665507e+04 -1.93809122718698e+04  1.90743346617470e+04
  5.26922893634259e+04  1.90497893629802e+04 -1.91335385504327e+04 -1.93811203695704e+04  1.90741519868567e+04
  5.26960176121805e+04  1.90497371538527e+04 -1.91333969141023e+04 -1.93809332643946e+04  1.90742939400269e+04
  5.26997458612754e+04  1.90492984559569e+04 -1.91331350888956e+04 -1.93808946760832e+04  1.90743082891191e+04
  5.27034741103102e+04  1.90491757232496e+04 -1.91328941061825e+04 -1.93807578807082e+04  1.90741591576792e+04
  5.27105243062604e+04  1.90491757232496e+04 -1.91328941061825e+04 -1.93807578807082e+04  1.90741591576792e+04
  5.27109687506251e+04  1.90487559434044e+04 -1.91326911634484e+04 -1.93807742237046e+04  1.90741845580968e+04
  5.27146969988937e+04  1.90483941564543e+04 -1.91320766154087e+04 -1.93803598220205e+04  1.90744519132503e+04
  5.27184252469372e+04  1.90482554252871e+04 -1.91319882700938e+04 -1.93807665855744e+04  1.90737404149056e+04
  5.27221534948681e+04  1.90478548249091e+04 -1.91316193713045e+04 -1.93805333300961e+04  1.90741277292211e+04
  5.27258817421399e+04  1.90476810132020e+04 -1.91314311843159e+04 -1.93803260080382e+04  1.90740878754527e+04
  5.27296099896597e+04  1.90473729996367e+04 -1.91311849236101e+04 -1.93802741417114e+04  1.90740234130051e+04
  5.27333382370183e+04  1.90472469695033e+04 -1.91310340419559e+04 -1.93804328131100e+04  1.90743751777475e+04
  5.27370664842964e+04  1.90471285588011e+04 -1.91309073801084e+04 -1.93801561797870e+04  1.90741773757858e+04
  5.27407947308785e+04  1.90468060090916e+04 -1.91305764838475e+04 -1.93799575894162e+04  1.90740130775302e+04
  5.27445229778971e+04  1.90462842426315e+04 -1.91302774902684e+04 -1.93801144995512e+04  1.90741425617850e+04
  5.27482512241632e+04  1.90463582956945e+04 -1.91299892283284e+04 -1.93800280386065e+04  1.90742355798977e+04
  5.27519794701100e+04  1.90460493571968e+04 -1.91297086580881e+04 -1.93800486103461e+04  1.90742517020180e+04
  5.27557077160625e+04  1.90457882621809e+04 -1.91295348655993e+04 -1.93799423981848e+04  1.90740318916488e+04
  5.27594359619791e+04  1.90453672952613e+04 -1.91291673602917e+04 -1.93801637958534e+04  1.90740148454783e+04
  5.27631642074339e+04  1.90452601937000e+04 -1.91290616384800e+04 -1.93797713945377e+04  1.90739517649848e+04
  5.27668924532698e+04  1.90450502840455e+04 -1.91287849140100e+04 -1.93794946127277e+04  1.90743734347968e+04
  5.27706206984282e+04  1.90450594376111e+04 -1.91287087481655e+04 -1.93795720712907e+04  1.90741136366759e+04
  5.27743489435764e+04  1.90448092596533e+04 -1.91285095348101e+04 -1.93796975168013e+04  1.90741954530125e+04
  5.27780771884849e+04  1.90446353647467e+04 -1.91284577037506e+04 -1.93797498524672e+04  1.90741729786975e+04
  5.27842805563626e+04  1.90446353647467e+04 -1.91284577037506e+04 -1.93797498524672e+04  1.90741729786975e+04
  5.27844027786088e+04  1.90443345709351e+04 -1.91281436180104e+04 -1.93794908191508e+04  1.90743776654664e+04
  5.27881310232478e+04  1.90440622850163e+04 -1.91279945047799e+04 -1.93798576218141e+04  1.90738358400584e+04
  5.27918592680822e+04  1.90439868955942e+04 -1.91279830223365e+04 -1.93798228775796e+04  1.90741189814856e+04
  5.27955875126842e+04  1.90438450135286e+04 -1.91277181783667e+04 -1.93796332586318e+04  1.90737776494088e+04
  5.27993157572732e+04  1.90437360363148e+04 -1.91276053261254e+04 -1.93794820569782e+04  1.90739563440293e+04
  5.28030440014165e+04  1.90434478584541e+04 -1.91273327108880e+04 -1.93795395062533e+04  1.90738160786073e+04
  5.28067722459874e+04  1.90434931595607e+04 -1.91274129577109e+04 -1.93794240280553e+04  1.90740573268139e+04
  5.28105004902533e+04  1.90434263958315e+04 -1.91272168880620e+04 -1.93795591378671e+04  1.90739333187147e+04
  5.28142287348231e+04  1.90432442199243e+04 -1.91270789514772e+04 -1.93795747868261e+04  1.90738784480960e+04
  5.28179569794535e+04  1.90432545294332e+04 -1.91271431795042e+04 -1.93793685279226e+04  1.90739645312171e+04
  5.28216852238264e+04  1.90432530603702e+04 -1.91271602607080e+04 -1.93795827617138e+04  1.90736305315847e+04
  5.28254134681968e+04  1.90431130846679e+04 -1.91271432073706e+04 -1.93798568320083e+04  1.90735437937006e+04
  5.28291417126077e+04  1.90430827829708e+04 -1.91270989073045e+04 -1.93799331448804e+04  1.90733447478742e+04
  5.28328699572778e+04  1.90431855030227e+04 -1.91271854827534e+04 -1.93795672700950e+04  1.90733577628677e+04
  5.28365982017326e+04  1.90431016449677e+04 -1.91271872528492e+04 -1.93798733952107e+04  1.90729347294367e+04
  5.28403264464155e+04  1.90430237668395e+04 -1.91271195552594e+04 -1.93797377136048e+04  1.90730214205643e+04
  5.28440546913483e+04  1.90431163160126e+04 -1.91271299673021e+04 -1.93800785114490e+04  1.90732233008050e+04
  5.28477829362940e+04  1.90432759115216e+04 -1.91270881442902e+04 -1.93799526008528e+04  1.90732819323166e+04
  5.28515111814664e+04  1.90433477677261e+04 -1.91273119498877e+04 -1.93800655745065e+04  1.90729525256077e+04
  5.28552394266678e+04  1.90433694952732e+04 -1.91273558973374e+04 -1.93798708452113e+04  1.90731435696188e+04
  5.28616458338831e+04  1.90433694952732e+04 -1.91273558973374e+04 -1.93798708452113e+04  1.90731435696188e+04
  5.28640500002661e+04  1.90433694952732e+04 -1.91273558973374e+04 -1.93798708452113e+04  1.90731435696188e+04
  5.28677782463252e+04  1.90434997400702e+04 -1.91275692471578e+04 -1.93801083409204e+04  1.90729328286272e+04
  5.28715064921828e+04  1.90435008275709e+04 -1.91277461837050e+04 -1.93799894687953e+04  1.90729500833845e+04
  5.28752347380728e+04  1.90435694210786e+04 -1.91278854382230e+04 -1.93800741575373e+04  1.90729502976838e+04
  5.28789629845798e+04  1.90438588245847e+04 -1.91281779458248e+04 -1.93801758122576e+04  1.90729073475615e+04
  5.28826912314675e+04  1.90440125738928e+04 -1.91283028056933e+04 -1.93803011195740e+04  1.90729719206728e+04
  5.28864194783946e+04  1.90441140459161e+04 -1.91282591781248e+04 -1.93802682411972e+04  1.90726855542172e+04
  5.28901477258496e+04  1.90444550240855e+04 -1.91285956033448e+04 -1.93801254783540e+04  1.90727520934239e+04
  5.28938759731133e+04  1.90445461064656e+04 -1.91289692257866e+04 -1.93807340430565e+04  1.90722936627079e+04
  5.28976042206586e+04  1.90448540615786e+04 -1.91291718611377e+04 -1.93808568101959e+04  1.90723732875008e+04
  5.29013324691480e+04  1.90448908260753e+04 -1.91293146219591e+04 -1.93807788745584e+04  1.90726047447086e+04
  5.29050607172223e+04  1.90452419660886e+04 -1.91296660289482e+04 -1.93806540808002e+04  1.90721499561202e+04
  5.29087889662813e+04  1.90453676355808e+04 -1.91298562500073e+04 -1.93806599408272e+04  1.90721408249867e+04
  5.29125172149849e+04  1.90455314810995e+04 -1.91301766187970e+04 -1.93805277365312e+04  1.90720986221398e+04
  5.29162454641355e+04  1.90458550223704e+04 -1.91303944006935e+04 -1.93809477183942e+04  1.90719277937955e+04
  5.29199737135832e+04  1.90461870467833e+04 -1.91305490105981e+04 -1.93806598141843e+04  1.90723040345271e+04
  5.29237019635197e+04  1.90464231472414e+04 -1.91309398478387e+04 -1.93807853554570e+04  1.90721299364019e+04
  5.29274302138241e+04  1.90465282790632e+04 -1.91312821055916e+04 -1.93808007184218e+04  1.90720927260191e+04
  5.29311584640753e+04  1.90469592309712e+04 -1.91316314008045e+04 -1.93809486071592e+04  1.90718059984993e+04
  5.29348867147976e+04  1.90470745648942e+04 -1.91318069708999e+04 -1.93811511254829e+04  1.90715880462492e+04
  5.29409479171836e+04  1.90470745648942e+04 -1.91318069708999e+04 -1.93811511254829e+04  1.90715880462492e+04
  5.29411805560647e+04  1.90470745648942e+04 -1.91318069708999e+04 -1.93811511254829e+04  1.90715880462492e+04
  5.29449088066563e+04  1.90477007672173e+04 -1.91324134846916e+04 -1.93813392187024e+04  1.90715684836207e+04
  5.29486370585787e+04  1.90482993276996e+04 -1.91330410241034e+04 -1.93812207429768e+04  1.90715560545375e+04
  5.29555659730705e+04  1.90482993276996e+04 -1.91330410241034e+04 -1.93812207429768e+04  1.90715560545375e+04
  5.29560000001954e+04  1.90489514335371e+04 -1.91335592160824e+04 -1.93815267589287e+04  1.90714650776846e+04
  5.29597282524491e+04  1.90493468569052e+04 -1.91341775124187e+04 -1.93816068934407e+04  1.90715174481559e+04
  5.29634565048934e+04  1.90496397589411e+04 -1.91344714637272e+04 -1.93814918983885e+04  1.90715933458798e+04
  5.29671847584781e+04  1.90499339433560e+04 -1.91347389248329e+04 -1.93819050891164e+04  1.90712516410934e+04
  5.29709130114583e+04  1.90502441653874e+04 -1.91352817452441e+04 -1.93820581459375e+04  1.90712762474284e+04
  5.29746412646610e+04  1.90505769701126e+04 -1.91355775973501e+04 -1.93822527871475e+04  1.90710498283361e+04
  5.29783695185116e+04  1.90506754194049e+04 -1.91357321886611e+04 -1.93822524410665e+04  1.90710145415263e+04
  5.29820977723612e+04  1.90506948868380e+04 -1.91357310279516e+04 -1.93821345402875e+04  1.90708859225033e+04
  5.29858260261875e+04  1.90508564760840e+04 -1.91360523039274e+04 -1.93822757325803e+04  1.90709059256674e+04
  5.29895542800278e+04  1.90509150603335e+04 -1.91361840173800e+04 -1.93824268776564e+04  1.90708699843412e+04
  5.29932825340949e+04  1.90511165985653e+04 -1.91361811873865e+04 -1.93826243606429e+04  1.90704950531832e+04
  5.29970107881642e+04  1.90512035900519e+04 -1.91363346296902e+04 -1.93825604488679e+04  1.90705848194779e+04
  5.30007390422385e+04  1.90511816314064e+04 -1.91365192932414e+04 -1.93829607000266e+04  1.90703018897779e+04
  5.30044672972860e+04  1.90514118476788e+04 -1.91366815431969e+04 -1.93827803401875e+04  1.90703583263609e+04
  5.30081955519584e+04  1.90515138932025e+04 -1.91367785206344e+04 -1.93832975345328e+04  1.90702732982532e+04
  5.30119238060950e+04  1.90514135931570e+04 -1.91369486141670e+04 -1.93830014761354e+04  1.90703401130439e+04
  5.30156520601888e+04  1.90515050499773e+04 -1.91369651262983e+04 -1.93830000035272e+04  1.90703391369483e+04
  5.30193803158125e+04  1.90516602875704e+04 -1.91370415920015e+04 -1.93831000475284e+04  1.90701586825029e+04
  5.30231085701992e+04  1.90516772924030e+04 -1.91371341889630e+04 -1.93831166746809e+04  1.90701399717108e+04
  5.30268368250626e+04  1.90515565501825e+04 -1.91372412663380e+04 -1.93829886731923e+04  1.90702052337831e+04
  5.30305650798239e+04  1.90514795941693e+04 -1.91370758049410e+04 -1.93831487799852e+04  1.90701951658255e+04
  5.30342933339490e+04  1.90514673403013e+04 -1.91370904368363e+04 -1.93828196107838e+04  1.90701340924316e+04
  5.30380215883969e+04  1.90513804662964e+04 -1.91369530220609e+04 -1.93830782448173e+04  1.90701984613454e+04
  5.30417498428670e+04  1.90513275763486e+04 -1.91368772165246e+04 -1.93831351418165e+04  1.90700673958290e+04
  5.30454780969527e+04  1.90510763658460e+04 -1.91366223716943e+04 -1.93830566603801e+04  1.90703290576760e+04
  5.30492063511874e+04  1.90510289992210e+04 -1.91364996169518e+04 -1.93826551140756e+04  1.90701246058835e+04
  5.30529346052096e+04  1.90508017412039e+04 -1.91363174409486e+04 -1.93827815309530e+04  1.90701664434512e+04
  5.30566628592582e+04  1.90506867710011e+04 -1.91361341972518e+04 -1.93826399605004e+04  1.90703125607901e+04
  5.30603911132177e+04  1.90505047754854e+04 -1.91359013501450e+04 -1.93826385721868e+04  1.90701030137874e+04
  5.30641193666887e+04  1.90501781285913e+04 -1.91356149528731e+04 -1.93823531495644e+04  1.90700841315587e+04
  5.30678476201424e+04  1.90501833055800e+04 -1.91353980152826e+04 -1.93826445284499e+04  1.90701180577493e+04
  5.30735833336862e+04  1.90501833055800e+04 -1.91353980152826e+04 -1.93826445284499e+04  1.90701180577493e+04
  5.30740416674825e+04  1.90501833055800e+04 -1.91353980152826e+04 -1.93826445284499e+04  1.90701180577493e+04
  5.30777699204342e+04  1.90491859455354e+04 -1.91346027138171e+04 -1.93821173201084e+04  1.90702707611396e+04
  5.30814981732038e+04  1.90489013991331e+04 -1.91344105082440e+04 -1.93820734858474e+04  1.90701891155115e+04
  5.30852264257881e+04  1.90487114339480e+04 -1.91341204812348e+04 -1.93820480309234e+04  1.90702838500693e+04
  5.30889546781944e+04  1.90483519133215e+04 -1.91338993460566e+04 -1.93819294585331e+04  1.90702996586816e+04
  5.30926829303149e+04  1.90479512092015e+04 -1.91336289558369e+04 -1.93821090620867e+04  1.90702263123178e+04
  5.30964111821632e+04  1.90478791615600e+04 -1.91333436363148e+04 -1.93819418278157e+04  1.90700574233590e+04
  5.31001394339606e+04  1.90475835975230e+04 -1.91331719051253e+04 -1.93818057409817e+04  1.90699436443939e+04
  5.31038676855476e+04  1.90473353924524e+04 -1.91328389409711e+04 -1.93816674727213e+04  1.90699840284777e+04
  5.31075959368911e+04  1.90470811328461e+04 -1.91326289018782e+04 -1.93814942896840e+04  1.90702218619734e+04
  5.31113241879792e+04  1.90467928385667e+04 -1.91322191205104e+04 -1.93812514578446e+04  1.90703786245364e+04
  5.31150524390521e+04  1.90464002876951e+04 -1.91318347649749e+04 -1.93815597735039e+04  1.90704150310506e+04
  5.31187806896215e+04  1.90462126055768e+04 -1.91315934414859e+04 -1.93814376098489e+04  1.90703958682375e+04
  5.31225089401666e+04  1.90456827555025e+04 -1.91311333690716e+04 -1.93813375005098e+04  1.90699265393558e+04
  5.31262371905185e+04  1.90454430954122e+04 -1.91309908874091e+04 -1.93814705464760e+04  1.90700711978532e+04
  5.31299654406287e+04  1.90453264128794e+04 -1.91308092570643e+04 -1.93812835095082e+04  1.90702269434548e+04
  5.31336936906748e+04  1.90450621610495e+04 -1.91304709089823e+04 -1.93815015100427e+04  1.90698985753367e+04
  5.31374219404953e+04  1.90448091741155e+04 -1.91304077854197e+04 -1.93816636513670e+04  1.90699996704208e+04
  5.31411501902940e+04  1.90446501486754e+04 -1.91300779333066e+04 -1.93813641798043e+04  1.90701176845801e+04
  5.31448784398067e+04  1.90444343440224e+04 -1.91299561393382e+04 -1.93815172917370e+04  1.90702188266169e+04
  5.31486066891490e+04  1.90443377418413e+04 -1.91298615331047e+04 -1.93817472236770e+04  1.90698249580694e+04
  5.31523349383370e+04  1.90440619977419e+04 -1.91297170266667e+04 -1.93815940609262e+04  1.90700071042710e+04
  5.31560631873703e+04  1.90437833668601e+04 -1.91294360248058e+04 -1.93816196405724e+04  1.90697176362612e+04
  5.31597914366550e+04  1.90436612093288e+04 -1.91293172388080e+04 -1.93816750959912e+04  1.90699151985790e+04
  5.31635196856539e+04  1.90434645114366e+04 -1.91290352669272e+04 -1.93815421700897e+04  1.90699863528522e+04
  5.31672479344388e+04  1.90434037409423e+04 -1.91289977274169e+04 -1.93812908606009e+04  1.90701190671119e+04
  5.31709761834558e+04  1.90429718469946e+04 -1.91286083334290e+04 -1.93813105344412e+04  1.90700325589818e+04
  5.31747044321760e+04  1.90428372551452e+04 -1.91283834342453e+04 -1.93814671963166e+04  1.90699458798936e+04
  5.31784326807640e+04  1.90426670448331e+04 -1.91283484538014e+04 -1.93816056586493e+04  1.90699688970222e+04
  5.31821609295498e+04  1.90427252564938e+04 -1.91283194216334e+04 -1.93817130107366e+04  1.90699387264900e+04
  5.31858891783391e+04  1.90425462925607e+04 -1.91283658716884e+04 -1.93815882396564e+04  1.90696089758260e+04
  5.31896174271562e+04  1.90425035861494e+04 -1.91283369155522e+04 -1.93816370252371e+04  1.90692687656969e+04
  5.31933456757698e+04  1.90423491198427e+04 -1.91280786171895e+04 -1.93816494643311e+04  1.90696502303201e+04
  5.31970739246239e+04  1.90423142120713e+04 -1.91281384020048e+04 -1.93816372809941e+04  1.90693119813358e+04
  5.32008021734918e+04  1.90423518676629e+04 -1.91280114594472e+04 -1.93816482438995e+04  1.90692425384589e+04
  5.32045304223505e+04  1.90422585609957e+04 -1.91280652475940e+04 -1.93815429341039e+04  1.90691198463291e+04
  5.32082586714005e+04  1.90421561150585e+04 -1.91279704967777e+04 -1.93817922291465e+04  1.90690038491879e+04
  5.32119869204560e+04  1.90421274912527e+04 -1.91279867229782e+04 -1.93819017669977e+04  1.90689296570538e+04
  5.32157151695902e+04  1.90422282535520e+04 -1.91282730441494e+04 -1.93821839655808e+04  1.90686797012998e+04
  5.32194434188716e+04  1.90423524590358e+04 -1.91281319939489e+04 -1.93820757124524e+04  1.90687970857260e+04
  5.32231716684723e+04  1.90423290768224e+04 -1.91282372660443e+04 -1.93818807770804e+04  1.90688372560286e+04
  5.32286736116699e+04  1.90423290768224e+04 -1.91282372660443e+04 -1.93818807770804e+04  1.90688372560286e+04
  5.32291250003379e+04  1.90427060670964e+04 -1.91284633925663e+04 -1.93822354438420e+04  1.90685624359159e+04
  5.32328532502396e+04  1.90424671611441e+04 -1.91283046520676e+04 -1.93824965090889e+04  1.90683026989981e+04
  5.32365815001758e+04  1.90427381714230e+04 -1.91284995157006e+04 -1.93822722765788e+04  1.90684755347681e+04
  5.32403097506088e+04  1.90427544982946e+04 -1.91286380763518e+04 -1.93824176297979e+04  1.90684951591853e+04
  5.32440380010682e+04  1.90427437927904e+04 -1.91287576134102e+04 -1.93824486895709e+04  1.90679659921589e+04
  5.32477662517027e+04  1.90430984318271e+04 -1.91289565888968e+04 -1.93823623990452e+04  1.90681145136000e+04
  5.32514945024617e+04  1.90431294003571e+04 -1.91290962111488e+04 -1.93824034950452e+04  1.90679349453555e+04
  5.32552227537235e+04  1.90432951971328e+04 -1.91292487086680e+04 -1.93825446175418e+04  1.90681500329049e+04
  5.32589510054641e+04  1.90436427721287e+04 -1.91296806314429e+04 -1.93825364108267e+04  1.90679741848061e+04
  5.32626792569897e+04  1.90438437561479e+04 -1.91298026889146e+04 -1.93822222398114e+04  1.90682400403416e+04
  5.32664075090480e+04  1.90440615727990e+04 -1.91300711124682e+04 -1.93824213663931e+04  1.90679671573176e+04
  5.32701357613761e+04  1.90442666801530e+04 -1.91302658824949e+04 -1.93824001404189e+04  1.90677556257965e+04
  5.32738640139167e+04  1.90445038538820e+04 -1.91304639785690e+04 -1.93824109669238e+04  1.90677085509878e+04
  5.32775922665150e+04  1.90447788724858e+04 -1.91308640375901e+04 -1.93827453120110e+04  1.90676032714338e+04
  5.32813205195242e+04  1.90449776260214e+04 -1.91311252879555e+04 -1.93827060180971e+04  1.90679602434019e+04
  5.32850487732105e+04  1.90451354998796e+04 -1.91313375921186e+04 -1.93830772807993e+04  1.90674721977916e+04
  5.32887770266712e+04  1.90453610457061e+04 -1.91314229477185e+04 -1.93830661365029e+04  1.90672402737311e+04
  5.32925052804318e+04  1.90447217408720e+04 -1.91310384722098e+04 -1.93830583129652e+04  1.90671913429322e+04
  5.32962335345718e+04  1.90450104119244e+04 -1.91312156980330e+04 -1.93829843293357e+04  1.90671928948666e+04
  5.32999617889364e+04  1.90455755303280e+04 -1.91320212811390e+04 -1.93832199793221e+04  1.90670297698983e+04
  5.33036900434559e+04  1.90460695836119e+04 -1.91326355778292e+04 -1.93832923153444e+04  1.90670942293782e+04
  5.33074182985150e+04  1.90464728038994e+04 -1.91331328587627e+04 -1.93833401015612e+04  1.90671472560103e+04
  5.33111465534446e+04  1.90469273484662e+04 -1.91333336928507e+04 -1.93834157884022e+04  1.90671273369510e+04
  5.33148748087452e+04  1.90471671690541e+04 -1.91336126483451e+04 -1.93831612034786e+04  1.90671055780847e+04
  5.33186030641238e+04  1.90474817838511e+04 -1.91339861502043e+04 -1.93836496941512e+04  1.90667542281380e+04
  5.33223313200497e+04  1.90476617166888e+04 -1.91343678035476e+04 -1.93834255149914e+04  1.90671664586419e+04
  5.33260595760338e+04  1.90479842788254e+04 -1.91345955767255e+04 -1.93835592879896e+04  1.90669098278742e+04
  5.33297878323425e+04  1.90481357369321e+04 -1.91347901917151e+04 -1.93836621080925e+04  1.90669670402544e+04
  5.33335160885869e+04  1.90482282673854e+04 -1.91349116244113e+04 -1.93838939745954e+04  1.90671333174461e+04
  5.33372443450126e+04  1.90484464156312e+04 -1.91352243598485e+04 -1.93839491703632e+04  1.90671739408929e+04
  5.33409726018645e+04  1.90486375755197e+04 -1.91355375539527e+04 -1.93840455366775e+04  1.90669117320687e+04
  5.33447008610602e+04  1.90487442720196e+04 -1.91357064582102e+04 -1.93840423175013e+04  1.90668320478091e+04
  5.33484291157964e+04  1.90487915794545e+04 -1.91358864677589e+04 -1.93838602554390e+04  1.90670217849976e+04
  5.33537361112801e+04  1.90487915794545e+04 -1.91358864677589e+04 -1.93838602554390e+04  1.90670217849976e+04
  5.33541875008611e+04  1.90491808415048e+04 -1.91363453502489e+04 -1.93838753365219e+04  1.90671698066881e+04
  5.33579157581066e+04  1.90489668730219e+04 -1.91358603054834e+04 -1.93840559769275e+04  1.90669033872738e+04
  5.33616440155917e+04  1.90489134275942e+04 -1.91359027648888e+04 -1.93840895956633e+04  1.90670645908159e+04
  5.33653722730522e+04  1.90489349163218e+04 -1.91358406437511e+04 -1.93842022183552e+04  1.90669525041253e+04
  5.33691005307383e+04  1.90487064704151e+04 -1.91357318026094e+04 -1.93844401234302e+04  1.90666501003925e+04
  5.33728287884026e+04  1.90488432041979e+04 -1.91359633661007e+04 -1.93840862260682e+04  1.90668927129880e+04
  5.33765570458911e+04  1.90490167098026e+04 -1.91360350452642e+04 -1.93841270582752e+04  1.90667686574029e+04
  5.33802853036271e+04  1.90491782020483e+04 -1.91360458363798e+04 -1.93844927981421e+04  1.90666743373602e+04
  5.33840135613936e+04  1.90489304673107e+04 -1.91361406628113e+04 -1.93845801226471e+04  1.90665744671569e+04
  5.33902500004677e+04  1.90489304673107e+04 -1.91361406628113e+04 -1.93845801226471e+04  1.90665744671569e+04
  5.33918333339862e+04  1.90497477331029e+04 -1.91367259701533e+04 -1.93844845993045e+04  1.90667430033076e+04
  5.33955615912790e+04  1.90497414951000e+04 -1.91368390035303e+04 -1.93845156292566e+04  1.90666756346200e+04
  5.33992898490624e+04  1.90498114426917e+04 -1.91368990886200e+04 -1.93842425020101e+04  1.90668438227205e+04
  5.34030181064073e+04  1.90498864632832e+04 -1.91369439265238e+04 -1.93840394883343e+04  1.90671143629570e+04
  5.34067463639779e+04  1.90498538927056e+04 -1.91366824773922e+04 -1.93842687963716e+04  1.90668009814573e+04
  5.34104746212986e+04  1.90494603791785e+04 -1.91364550902975e+04 -1.93843963200915e+04  1.90666236809969e+04
  5.34142028783496e+04  1.90492301692737e+04 -1.91361046690371e+04 -1.93843525701263e+04  1.90668059127242e+04
  5.34188750008530e+04  1.90492301692737e+04 -1.91361046690371e+04 -1.93843525701263e+04  1.90668059127242e+04
  5.34230000006620e+04  1.90492301692737e+04 -1.91361046690371e+04 -1.93843525701263e+04  1.90668059127242e+04
  5.34267282574816e+04  1.90485370332661e+04 -1.91342781604334e+04 -1.93838221276053e+04  1.90679645823145e+04
  5.34304565139700e+04  1.90482563278660e+04 -1.91340830252304e+04 -1.93836210229706e+04  1.90679102525107e+04
  5.34341847701841e+04  1.90478581714141e+04 -1.91335966830762e+04 -1.93837651017631e+04  1.90677094675802e+04
  5.34379130270432e+04  1.90475487362068e+04 -1.91333077840975e+04 -1.93836057549585e+04  1.90679566469173e+04
  5.34416412829663e+04  1.90471930060027e+04 -1.91330460905503e+04 -1.93835839720674e+04  1.90677983359825e+04
  5.34453695389238e+04  1.90469168656066e+04 -1.91329217342516e+04 -1.93833965947726e+04  1.90677123540179e+04
  5.34490977949098e+04  1.90466597121801e+04 -1.91326319610115e+04 -1.93833985488530e+04  1.90676393204774e+04
  5.34528260504605e+04  1.90462347240051e+04 -1.91322323799230e+04 -1.93835238279821e+04  1.90675978062065e+04
  5.34565543060394e+04  1.90461638550085e+04 -1.91320664048030e+04 -1.93833442851169e+04  1.90675594245190e+04
  5.34602825612835e+04  1.90459221020929e+04 -1.91317713032337e+04 -1.93831376878558e+04  1.90676383526054e+04
  5.34644375008820e+04  1.90459221020929e+04 -1.91317713032337e+04 -1.93831376878558e+04  1.90676383526054e+04
  5.34648958333970e+04  1.90456617766326e+04 -1.91312727801445e+04 -1.93829529846120e+04  1.90678507367849e+04
  5.34686240880811e+04  1.90450602792626e+04 -1.91307179486940e+04 -1.93830673181212e+04  1.90675157375765e+04
  5.34723523427363e+04  1.90446184926881e+04 -1.91303075805580e+04 -1.93832585623246e+04  1.90675578157025e+04
  5.34760805971214e+04  1.90441926723292e+04 -1.91300350790711e+04 -1.93830322004346e+04  1.90676572252909e+04
  5.34798088513104e+04  1.90436533521072e+04 -1.91294335925197e+04 -1.93828539290835e+04  1.90677814890733e+04
  5.34835371053010e+04  1.90430235205376e+04 -1.91287593660029e+04 -1.93828128223355e+04  1.90676777445797e+04
  5.34872653592082e+04  1.90426243438541e+04 -1.91283012227427e+04 -1.93830188408533e+04  1.90674545936476e+04
  5.34909936126818e+04  1.90416543652941e+04 -1.91273788021311e+04 -1.93828108367079e+04  1.90673598332678e+04
  5.34947218659167e+04  1.90411213184010e+04 -1.91267476419898e+04 -1.93826003909564e+04  1.90675178745202e+04
  5.34984501191377e+04  1.90404258554557e+04 -1.91262081648990e+04 -1.93826137994599e+04  1.90674929437759e+04
  5.35021783721261e+04  1.90404258554557e+04 -1.91262081648990e+04 -1.93826137994599e+04  1.90674929437759e+04
  5.35059066253402e+04  1.90396368372191e+04 -1.91254787900677e+04 -1.93827633830711e+04  1.90672078522668e+04
  5.35096348783276e+04  1.90394810145594e+04 -1.91253444556026e+04 -1.93827016301766e+04  1.90672550324037e+04
  5.35133631308783e+04  1.90394013751341e+04 -1.91251865086382e+04 -1.93825755390366e+04  1.90676690307849e+04
  5.35170913834049e+04  1.90389460607195e+04 -1.91248000465412e+04 -1.93829191523566e+04  1.90675227201842e+04
  5.35208196359110e+04  1.90386534718534e+04 -1.91244342772766e+04 -1.93827795650212e+04  1.90673852056683e+04
  5.35256479170070e+04  1.90386534718534e+04 -1.91244342772766e+04 -1.93827795650212e+04  1.90673852056683e+04
  5.35257479173611e+04  1.90379946921011e+04 -1.91243069119095e+04 -1.93828144999341e+04  1.90670394053728e+04
  5.35294761694901e+04  1.90377664353174e+04 -1.91240045021884e+04 -1.93830565386137e+04  1.90670072715346e+04
  5.35332044216494e+04  1.90372730714205e+04 -1.91235805976919e+04 -1.93829725037241e+04  1.90672530493905e+04
  5.35369326736619e+04  1.90372264759385e+04 -1.91234118739945e+04 -1.93829174466338e+04  1.90668966224861e+04
  5.35406609259143e+04  1.90373256582321e+04 -1.91237059621313e+04 -1.93827841887218e+04  1.90669365465561e+04
  5.35443891779444e+04  1.90372881085046e+04 -1.91236511392836e+04 -1.93827734061036e+04  1.90669593575440e+04
  5.35481174301690e+04  1.90373174790291e+04 -1.91236532006492e+04 -1.93829485781430e+04  1.90671015836988e+04
  5.35518456822118e+04  1.90372051642611e+04 -1.91236224188221e+04 -1.93830409376159e+04  1.90668515473072e+04
  5.35555739342672e+04  1.90369141676360e+04 -1.91234368573800e+04 -1.93829354291592e+04  1.90668263541832e+04
  5.35593021863888e+04  1.90361945852670e+04 -1.91227635698086e+04 -1.93829320503504e+04  1.90666924329637e+04
  5.35630304384307e+04  1.90360338915925e+04 -1.91226229097547e+04 -1.93829024740726e+04  1.90667342935932e+04
  5.35667586907119e+04  1.90358758431184e+04 -1.91225041737527e+04 -1.93829340757927e+04  1.90667995327492e+04
  5.35704869427698e+04  1.90358832294549e+04 -1.91225052644800e+04 -1.93828154383956e+04  1.90668013529235e+04
  5.35742151950416e+04  1.90358495708955e+04 -1.91224904111562e+04 -1.93830154149798e+04  1.90664854575947e+04
  5.35785694449122e+04  1.90358495708955e+04 -1.91224904111562e+04 -1.93830154149798e+04  1.90664854575947e+04
  5.35790277779273e+04  1.90359705511390e+04 -1.91225964447630e+04 -1.93831940256441e+04  1.90663705110663e+04
  5.35827560304305e+04  1.90357437418725e+04 -1.91224398705140e+04 -1.93829602596652e+04  1.90665814460403e+04
  5.35864842830346e+04  1.90357246427931e+04 -1.91224823399499e+04 -1.93830914262775e+04  1.90663563697169e+04
  5.35902125356563e+04  1.90355690524081e+04 -1.91224083759722e+04 -1.93832647440821e+04  1.90664438671466e+04
  5.35939407887487e+04  1.90357093182762e+04 -1.91226213221317e+04 -1.93831996061019e+04  1.90665272631471e+04
  5.35976690418464e+04  1.90358693659304e+04 -1.91226721716291e+04 -1.93833833237314e+04  1.90664543199378e+04
  5.36013972947222e+04  1.90360569087361e+04 -1.91227956931873e+04 -1.93833589256655e+04  1.90663008981260e+04
  5.36051255485359e+04  1.90362861821298e+04 -1.91231600784936e+04 -1.93835096993717e+04  1.90663065281370e+04
  5.36088538018994e+04  1.90362208172908e+04 -1.91232449702420e+04 -1.93834017529131e+04  1.90662703473557e+04
  5.36125820562151e+04  1.90362377554811e+04 -1.91233819515551e+04 -1.93834239260381e+04  1.90662045140641e+04
  5.36163103101563e+04  1.90364698041636e+04 -1.91234355789101e+04 -1.93834297842941e+04  1.90661673284594e+04
  5.36200385643310e+04  1.90363687323774e+04 -1.91234502931296e+04 -1.93835040066753e+04  1.90661774462351e+04
  5.36237668185161e+04  1.90363837369362e+04 -1.91236256403174e+04 -1.93838640776456e+04  1.90659752762993e+04
  5.36274950736434e+04  1.90366155384999e+04 -1.91237378476235e+04 -1.93835841404650e+04  1.90661804644671e+04
  5.36312233285592e+04  1.90368342974694e+04 -1.91240785591253e+04 -1.93838012668336e+04  1.90660967201665e+04
  5.36349515839292e+04  1.90374492699607e+04 -1.91246892603995e+04 -1.93839935159666e+04  1.90657466969926e+04
  5.36386798397858e+04  1.90374636237824e+04 -1.91248250887478e+04 -1.93837283912011e+04  1.90656894440378e+04
  5.36424080952454e+04  1.90381249689216e+04 -1.91254388499555e+04 -1.93838294581047e+04  1.90656890830628e+04
  5.36461363512015e+04  1.90383347694985e+04 -1.91256982185053e+04 -1.93840099378976e+04  1.90657080453989e+04
  5.36498646074697e+04  1.90388387021776e+04 -1.91261913778281e+04 -1.93838938843489e+04  1.90657825317011e+04
  5.36535928637174e+04  1.90393641135391e+04 -1.91268403164600e+04 -1.93838639721914e+04  1.90655822350705e+04
  5.36573211204214e+04  1.90397129367869e+04 -1.91272676569676e+04 -1.93840121285240e+04  1.90657874263537e+04
  5.36610493773321e+04  1.90400559416295e+04 -1.91275476563228e+04 -1.93843217358944e+04  1.90654534443650e+04
  5.36647776344584e+04  1.90400869957322e+04 -1.91276311775148e+04 -1.93841447429474e+04  1.90657948532606e+04
  5.36685058919872e+04  1.90399633808900e+04 -1.91275378513774e+04 -1.93844083634792e+04  1.90656747382348e+04
  5.36722341494851e+04  1.90400645167735e+04 -1.91277325133542e+04 -1.93843609628721e+04  1.90656426465955e+04
  5.36759624069502e+04  1.90399549811417e+04 -1.91276485297942e+04 -1.93843277680868e+04  1.90654975084596e+04
  5.36796906652557e+04  1.90401858930920e+04 -1.91278119625952e+04 -1.93847501622919e+04  1.90653302206751e+04
  5.36843854171435e+04  1.90401858930920e+04 -1.91278119625952e+04 -1.93847501622919e+04  1.90653302206751e+04
  5.36848750005071e+04  1.90399158179379e+04 -1.91276091190261e+04 -1.93848005611151e+04  1.90653157014941e+04
  5.36886032588379e+04  1.90394845194790e+04 -1.91270493879679e+04 -1.93849658160260e+04  1.90652737602403e+04
  5.36923315172464e+04  1.90388273812932e+04 -1.91264972191606e+04 -1.93848241845220e+04  1.90654096347633e+04
  5.36960597758461e+04  1.90388113122591e+04 -1.91264061190796e+04 -1.93846084551251e+04  1.90655193894036e+04
  5.36997880347244e+04  1.90384872703077e+04 -1.91262311138489e+04 -1.93854480023028e+04  1.90649752923742e+04
  5.37035162938900e+04  1.90376944802675e+04 -1.91253094237288e+04 -1.93850897966338e+04  1.90652647091479e+04
  5.37072445525219e+04  1.90372019258684e+04 -1.91250122847980e+04 -1.93855309042242e+04  1.90651681619263e+04
  5.37109728122534e+04  1.90368982746183e+04 -1.91246585722763e+04 -1.93856460741761e+04  1.90649930013682e+04
  5.37147010712177e+04  1.90366989994834e+04 -1.91245046240474e+04 -1.93855082582923e+04  1.90648552074441e+04
  5.37184293307013e+04  1.90365825049755e+04 -1.91242867964878e+04 -1.93853706716806e+04  1.90649875221801e+04
  5.37221575901448e+04  1.90363415698692e+04 -1.91242888717392e+04 -1.93855528660170e+04  1.90648748632029e+04
  5.37258858493333e+04  1.90363519239471e+04 -1.91244102558296e+04 -1.93853720990428e+04  1.90651116883778e+04
  5.37296141086726e+04  1.90361306601697e+04 -1.91241978353169e+04 -1.93857332128102e+04  1.90648454397466e+04
  5.37333423680729e+04  1.90359397167164e+04 -1.91240043078180e+04 -1.93856800063495e+04  1.90649745995543e+04
  5.37370706163126e+04  1.90353170648608e+04 -1.91232490603733e+04 -1.93857589690815e+04  1.90648994897231e+04
  5.37407988758809e+04  1.90350374628453e+04 -1.91230242867965e+04 -1.93855927186746e+04  1.90649902153165e+04
  5.37445271354964e+04  1.90349058681865e+04 -1.91229049532936e+04 -1.93857925821431e+04  1.90647260565512e+04
  5.37482553951342e+04  1.90347860073410e+04 -1.91229322908325e+04 -1.93857589212164e+04  1.90643857039001e+04
  5.37519836547929e+04  1.90347362492355e+04 -1.91227767703150e+04 -1.93856144098645e+04  1.90646923461519e+04
  5.37557119144665e+04  1.90345028978913e+04 -1.91225430735254e+04 -1.93855618122939e+04  1.90648453983941e+04
  5.37594401741712e+04  1.90343063966506e+04 -1.91223904017882e+04 -1.93855966912491e+04  1.90647552802063e+04
  5.37631684335728e+04  1.90340861210101e+04 -1.91222390848728e+04 -1.93854977259627e+04  1.90649185407103e+04
  5.37668966932569e+04  1.90340300156433e+04 -1.91222452371274e+04 -1.93855596772622e+04  1.90648530787453e+04
  5.37706249526852e+04  1.90336922512355e+04 -1.91220136320916e+04 -1.93854621188830e+04  1.90648431672222e+04
  5.37743532118563e+04  1.90335848773084e+04 -1.91218211177055e+04 -1.93856395504922e+04  1.90645633738569e+04
  5.37780814712723e+04  1.90334811976541e+04 -1.91217571133951e+04 -1.93856059500226e+04  1.90646587085185e+04
  5.37818097305139e+04  1.90333037421824e+04 -1.91216716652978e+04 -1.93854801850488e+04  1.90644745364903e+04
  5.37855379897987e+04  1.90330168511101e+04 -1.91214196948620e+04 -1.93855696363557e+04  1.90647153705634e+04
  5.37892662485392e+04  1.90327411594264e+04 -1.91211726467868e+04 -1.93858309071405e+04  1.90645978213536e+04
  5.37929945074570e+04  1.90324955250084e+04 -1.91210218212768e+04 -1.93853289351135e+04  1.90646566356543e+04
  5.37967227664098e+04  1.90324361305972e+04 -1.91209563685483e+04 -1.93852451832933e+04  1.90645495214135e+04
  5.38015729173634e+04  1.90324361305972e+04 -1.91209563685483e+04 -1.93852451832933e+04  1.90645495214135e+04
  5.38021319451505e+04  1.90320941484631e+04 -1.91206033416666e+04 -1.93852680029422e+04  1.90643215100411e+04
  5.38058602035672e+04  1.90319290443942e+04 -1.91205277803125e+04 -1.93849883348405e+04  1.90643210787572e+04
  5.38095884620487e+04  1.90316965612547e+04 -1.91203989538057e+04 -1.93851160951855e+04  1.90642979297196e+04
  5.38133167200254e+04  1.90316010146354e+04 -1.91203197824103e+04 -1.93845932508639e+04  1.90644098723709e+04
  5.38170449779862e+04  1.90314249643145e+04 -1.91201268216682e+04 -1.93847100735744e+04  1.90645478573661e+04
  5.38207732356516e+04  1.90312650033596e+04 -1.91199254216961e+04 -1.93841833143791e+04  1.90644820744705e+04
  5.38245014933472e+04  1.90311158676863e+04 -1.91198756142371e+04 -1.93843746852633e+04  1.90644112839324e+04
  5.38282297508586e+04  1.90310926258511e+04 -1.91198735246326e+04 -1.93841324042280e+04  1.90643744825049e+04
  5.38319580081712e+04  1.90308393732386e+04 -1.91197210033244e+04 -1.93843725829541e+04  1.90642622761094e+04
  5.38356862654964e+04  1.90308043815968e+04 -1.91196006957971e+04 -1.93839643889498e+04  1.90641149799713e+04
  5.38394145223923e+04  1.90305684158059e+04 -1.91193283027613e+04 -1.93841154921701e+04  1.90643983368540e+04
  5.38431427793137e+04  1.90305136035333e+04 -1.91195088598144e+04 -1.93840892732735e+04  1.90641223151186e+04
  5.38468710355116e+04  1.90306681545031e+04 -1.91195109272057e+04 -1.93839803168158e+04  1.90643054311106e+04
  5.38505992919954e+04  1.90302243216338e+04 -1.91190920211284e+04 -1.93841274701613e+04  1.90638269553436e+04
  5.38543275482570e+04  1.90300673192608e+04 -1.91189043466416e+04 -1.93836122109732e+04  1.90643244019883e+04
  5.38580558042767e+04  1.90302391139842e+04 -1.91190488976242e+04 -1.93833400271355e+04  1.90642920935295e+04
  5.38617840603136e+04  1.90301734878077e+04 -1.91191572969060e+04 -1.93834365480997e+04  1.90641873576519e+04
  5.38655123158856e+04  1.90301964610466e+04 -1.91191137063339e+04 -1.93834729077812e+04  1.90639577824262e+04
  5.38692405714605e+04  1.90301244878948e+04 -1.91191796583766e+04 -1.93831578977007e+04  1.90640747105810e+04
  5.38729688270370e+04  1.90300015634776e+04 -1.91189379026978e+04 -1.93831764209426e+04  1.90639874412248e+04
  5.38766970823900e+04  1.90299536396266e+04 -1.91190548304818e+04 -1.93832608018551e+04  1.90637714712352e+04
  5.38804253375207e+04  1.90301590073215e+04 -1.91192219412395e+04 -1.93830866429770e+04  1.90636473749523e+04
  5.38841535926387e+04  1.90302783706119e+04 -1.91191753620498e+04 -1.93829360147381e+04  1.90637093631817e+04
  5.38878818477361e+04  1.90302288714087e+04 -1.91192951229117e+04 -1.93831327488010e+04  1.90633636522960e+04
  5.38916101025614e+04  1.90300827677140e+04 -1.91190306964256e+04 -1.93828659556316e+04  1.90633552886199e+04
  5.38953383571805e+04  1.90300012117571e+04 -1.91190490245370e+04 -1.93830432256462e+04  1.90631214172047e+04
  5.39005868062604e+04  1.90300012117571e+04 -1.91190490245370e+04 -1.93830432256462e+04  1.90631214172047e+04
  5.39011875000566e+04  1.90298506106374e+04 -1.91193094546200e+04 -1.93822785854164e+04  1.90633699030380e+04
  5.39049157546736e+04  1.90298921816257e+04 -1.91190576607482e+04 -1.93818936791568e+04  1.90628885876089e+04
  5.39086440093022e+04  1.90299303425319e+04 -1.91192089185202e+04 -1.93818619070833e+04  1.90625243344174e+04
  5.39123722639594e+04  1.90298453255786e+04 -1.91192352248706e+04 -1.93819945582980e+04  1.90626098966808e+04
  5.39161005188021e+04  1.90299436215425e+04 -1.91191832400681e+04 -1.93816023947368e+04  1.90622838446171e+04
  5.39198287727141e+04  1.90297970765524e+04 -1.91191366367224e+04 -1.93816612744984e+04  1.90622656260959e+04
  5.39235570270613e+04  1.90299182540826e+04 -1.91193038363294e+04 -1.93819261080359e+04  1.90619246583907e+04
  5.39272852816678e+04  1.90297670371071e+04 -1.91190837292173e+04 -1.93815851912537e+04  1.90621285084473e+04
  5.39310135360487e+04  1.90298194886546e+04 -1.91192218273914e+04 -1.93821383810862e+04  1.90617858185084e+04
  5.39347417906690e+04  1.90299582967499e+04 -1.91194453163737e+04 -1.93820558139531e+04  1.90616774106583e+04
  5.39384700453022e+04  1.90301112263467e+04 -1.91195267444841e+04 -1.93819787974529e+04  1.90615028481696e+04
  5.39421982999468e+04  1.90299934505698e+04 -1.91195064498150e+04 -1.93818677270697e+04  1.90614389230204e+04
  5.39459265547696e+04  1.90299429959681e+04 -1.91195744473964e+04 -1.93817136368330e+04  1.90614152191175e+04
  5.39496548098958e+04  1.90300330356901e+04 -1.91196928665776e+04 -1.93820477512124e+04  1.90613461127437e+04
  5.39533830650253e+04  1.90301731757500e+04 -1.91197572507874e+04 -1.93819242603225e+04  1.90613162473095e+04
  5.39571113199305e+04  1.90304267099759e+04 -1.91199568039129e+04 -1.93820203302577e+04  1.90612583924497e+04
  5.39608395752958e+04  1.90312703222874e+04 -1.91210383091265e+04 -1.93818091039439e+04  1.90615414838122e+04
  5.39645678306562e+04  1.90317032794794e+04 -1.91216413894614e+04 -1.93817845752366e+04  1.90613476623827e+04
  5.39682960862603e+04  1.90323367957517e+04 -1.91222864576072e+04 -1.93818480179130e+04  1.90614028736676e+04
  5.39720243420959e+04  1.90325517901403e+04 -1.91227726479512e+04 -1.93818244218994e+04  1.90614581217590e+04
  5.39757525981667e+04  1.90327837829579e+04 -1.91230611529234e+04 -1.93819843756624e+04  1.90613108933380e+04
  5.39794808544660e+04  1.90328771193940e+04 -1.91232560011959e+04 -1.93825437471136e+04  1.90609974983219e+04
  5.39832091110046e+04  1.90328736031403e+04 -1.91232599195289e+04 -1.93826387554790e+04  1.90607301170202e+04
  5.39869373675172e+04  1.90329603836576e+04 -1.91233781866445e+04 -1.93821548611130e+04  1.90608174327455e+04
  5.39906656245081e+04  1.90329639164036e+04 -1.91233244899330e+04 -1.93825220791128e+04  1.90606250652427e+04
  5.39943938814860e+04  1.90328585791703e+04 -1.91233071667201e+04 -1.93821281493987e+04  1.90605991165653e+04
  5.39981221389063e+04  1.90328534173780e+04 -1.91231820237195e+04 -1.93821312800591e+04  1.90607314426693e+04
  5.40018503963010e+04  1.90327258739198e+04 -1.91232050383066e+04 -1.93821119458102e+04  1.90604044469051e+04
  5.40055786541400e+04  1.90326280437361e+04 -1.91229661169302e+04 -1.93822541278095e+04  1.90605623025645e+04
  5.40093069119397e+04  1.90328782219640e+04 -1.91233088259452e+04 -1.93821623049718e+04  1.90605313555978e+04
  5.40130351700776e+04  1.90328975765726e+04 -1.91232983402329e+04 -1.93824490556918e+04  1.90600572990655e+04
  5.40167634285670e+04  1.90331204591368e+04 -1.91234588621623e+04 -1.93824914680847e+04  1.90600736272914e+04
  5.40204916869826e+04  1.90332148849873e+04 -1.91236503431012e+04 -1.93827764214278e+04  1.90595982905292e+04
  5.40242199460196e+04  1.90333099358294e+04 -1.91237631849098e+04 -1.93825493978215e+04  1.90596931076320e+04
  5.40279482047651e+04  1.90332839474967e+04 -1.91239480366227e+04 -1.93821761832308e+04  1.90599431251492e+04
  5.40316764641574e+04  1.90334386509735e+04 -1.91240835462528e+04 -1.93826707841566e+04  1.90596119468308e+04
  5.40354047234976e+04  1.90334005036982e+04 -1.91243046658662e+04 -1.93827674917464e+04  1.90593645011955e+04
  5.40391329829920e+04  1.90334337707967e+04 -1.91242687448421e+04 -1.93825565949685e+04  1.90594743988882e+04
  5.40428612426447e+04  1.90334252720739e+04 -1.91243308774272e+04 -1.93826252052265e+04  1.90594633605891e+04
  5.40486041669894e+04  1.90334252720739e+04 -1.91243308774272e+04 -1.93826252052265e+04  1.90594633605891e+04
  5.40492048613670e+04  1.90338666467440e+04 -1.91246331793169e+04 -1.93822815140033e+04  1.90593544059504e+04
  5.40529331215533e+04  1.90335909868083e+04 -1.91243263473380e+04 -1.93822010386643e+04  1.90596201836926e+04
  5.40566613816896e+04  1.90335964846458e+04 -1.91245891223043e+04 -1.93823411047923e+04  1.90593600580757e+04
  5.40603896417338e+04  1.90337801097706e+04 -1.91248560665794e+04 -1.93824292231933e+04  1.90593309634678e+04
  5.40641179021645e+04  1.90338695078607e+04 -1.91249390784840e+04 -1.93823882625936e+04  1.90594666354128e+04
  5.40678461627314e+04  1.90338169874298e+04 -1.91248950193437e+04 -1.93825174893412e+04  1.90591883880309e+04
  5.40715744232558e+04  1.90338187104446e+04 -1.91249321557967e+04 -1.93824583030462e+04  1.90591021570771e+04
  5.40753026840949e+04  1.90335716043540e+04 -1.91247511556011e+04 -1.93828389104378e+04  1.90593883654404e+04
  5.40790309446841e+04  1.90333713028531e+04 -1.91246018564994e+04 -1.93828944222501e+04  1.90589466589194e+04
  5.40827592057290e+04  1.90332879160888e+04 -1.91245214894690e+04 -1.93824641164450e+04  1.90591243984122e+04
  5.40864874664712e+04  1.90332977869962e+04 -1.91245344788544e+04 -1.93827371765049e+04  1.90590552922068e+04
  5.40902157273902e+04  1.90332707515463e+04 -1.91245559628566e+04 -1.93827903232930e+04  1.90590626036993e+04
  5.40939439882788e+04  1.90333363785210e+04 -1.91245431940350e+04 -1.93830062185211e+04  1.90587605757172e+04
  5.40976722493032e+04  1.90332750066308e+04 -1.91244120485074e+04 -1.93829795924430e+04  1.90585867314779e+04
  5.41014005102592e+04  1.90333463500016e+04 -1.91245965610070e+04 -1.93828661852964e+04  1.90584305711134e+04
  5.41051287713136e+04  1.90333788686583e+04 -1.91247632883001e+04 -1.93830228269603e+04  1.90585449028344e+04
  5.41088570323993e+04  1.90332042073264e+04 -1.91248198652987e+04 -1.93829487696972e+04  1.90586303302651e+04
  5.41125852935936e+04  1.90332264012297e+04 -1.91248192021277e+04 -1.93828104808152e+04  1.90584294466445e+04
  5.41163135545682e+04  1.90331720379401e+04 -1.91248416830961e+04 -1.93828183000851e+04  1.90586037205879e+04
  5.41200418154549e+04  1.90331889910153e+04 -1.91247145887140e+04 -1.93829506956242e+04  1.90580313240184e+04
  5.41237700764955e+04  1.90329317450579e+04 -1.91245578687451e+04 -1.93826452961615e+04  1.90584937075294e+04
  5.41274983375655e+04  1.90329895380958e+04 -1.91245894277728e+04 -1.93829207217929e+04  1.90581475653368e+04
  5.41312265985740e+04  1.90328882248541e+04 -1.91246607731200e+04 -1.93826614107769e+04  1.90584944395889e+04
  5.41349548594085e+04  1.90329240879152e+04 -1.91246261461097e+04 -1.93825391803702e+04  1.90583339385504e+04
  5.41386831204167e+04  1.90328037002469e+04 -1.91244197524002e+04 -1.93825668653768e+04  1.90581837584053e+04
  5.41424113810995e+04  1.90326287627465e+04 -1.91242975462995e+04 -1.93823891864106e+04  1.90581682342435e+04
  5.41461396418541e+04  1.90324484171879e+04 -1.91241319019230e+04 -1.93826271899084e+04  1.90580226957194e+04
  5.41498679026609e+04  1.90323948405606e+04 -1.91241649652067e+04 -1.93822106621419e+04  1.90582219787388e+04
  5.41535961630801e+04  1.90321875639504e+04 -1.91240308510098e+04 -1.93821825043180e+04  1.90584356750602e+04
  5.41573244237976e+04  1.90322534986403e+04 -1.91240262680285e+04 -1.93822819300178e+04  1.90580765268999e+04
  5.41610526840104e+04  1.90321440440807e+04 -1.91238551388989e+04 -1.93821770656066e+04  1.90579575678850e+04
  5.41675416668275e+04  1.90321440440807e+04 -1.91238551388989e+04 -1.93821770656066e+04  1.90579575678850e+04
  5.41681666669734e+04  1.90319008888003e+04 -1.91238084222582e+04 -1.93819845898474e+04  1.90579362832879e+04
  5.41718949270972e+04  1.90318168293107e+04 -1.91236172773185e+04 -1.93818065728021e+04  1.90576631078465e+04
  5.41756231869756e+04  1.90316952027052e+04 -1.91235147968979e+04 -1.93818083222135e+04  1.90579473428553e+04
  5.41793514467165e+04  1.90316082803105e+04 -1.91235130145951e+04 -1.93820846327987e+04  1.90576328572665e+04
  5.41830797065233e+04  1.90315158390490e+04 -1.91234942473694e+04 -1.93817389281446e+04  1.90578205714423e+04
  5.41868079659571e+04  1.90313863932007e+04 -1.91233998844059e+04 -1.93820747849186e+04  1.90578151384677e+04
  5.41905362253959e+04  1.90310275018931e+04 -1.91231851630696e+04 -1.93817475246545e+04  1.90576633773022e+04
  5.41942644846990e+04  1.90310955269458e+04 -1.91232388434605e+04 -1.93818467871154e+04  1.90577113286959e+04
  5.41979927437395e+04  1.90310575848104e+04 -1.91231691880691e+04 -1.93818766871448e+04  1.90579018457015e+04
  5.42017210031387e+04  1.90308295258023e+04 -1.91230321331005e+04 -1.93817277366793e+04  1.90577095879072e+04
  5.42054492616216e+04  1.90306342566673e+04 -1.91228529134610e+04 -1.93816976959742e+04  1.90577772754114e+04
  5.42091775203843e+04  1.90305767872837e+04 -1.91227108278388e+04 -1.93818096896158e+04  1.90576302787028e+04
  5.42129057788969e+04  1.90304540420223e+04 -1.91226171698712e+04 -1.93816126466801e+04  1.90577013664386e+04
  5.42166340373716e+04  1.90301413927909e+04 -1.91224568759277e+04 -1.93813170968721e+04  1.90581127057787e+04
  5.42203622953298e+04  1.90301406167472e+04 -1.91223829348398e+04 -1.93809703900248e+04  1.90582389159001e+04
  5.42240905532697e+04  1.90300465689429e+04 -1.91223474988643e+04 -1.93811672414916e+04  1.90575944376297e+04
  5.42278188112395e+04  1.90298187136576e+04 -1.91221140621884e+04 -1.93808607093603e+04  1.90578754861955e+04
  5.42315470688079e+04  1.90297455724419e+04 -1.91220512521700e+04 -1.93807515107876e+04  1.90576531953958e+04
  5.42352753263576e+04  1.90296593323546e+04 -1.91220149806877e+04 -1.93805897106963e+04  1.90577130838343e+04
  5.42390035839283e+04  1.90295704617458e+04 -1.91219836134556e+04 -1.93806951212399e+04  1.90577153365621e+04
  5.42427318410520e+04  1.90294841568252e+04 -1.91219115410430e+04 -1.93806869354952e+04  1.90576582920099e+04
  5.42464600981840e+04  1.90293385833857e+04 -1.91217032329356e+04 -1.93807418821316e+04  1.90578558898761e+04
  5.42501883556262e+04  1.90290211099924e+04 -1.91215352854585e+04 -1.93804250910219e+04  1.90577489407582e+04
  5.42539166123183e+04  1.90289983408572e+04 -1.91214796993409e+04 -1.93803597396847e+04  1.90574897663796e+04
  5.42576448692338e+04  1.90290012109296e+04 -1.91212904549653e+04 -1.93804594145112e+04  1.90575066779238e+04
  5.42613731259168e+04  1.90289404465666e+04 -1.91214570762725e+04 -1.93800717860789e+04  1.90576981702732e+04
  5.42651013826967e+04  1.90287237841723e+04 -1.91211978626862e+04 -1.93802090589643e+04  1.90573044187520e+04
  5.42688296394375e+04  1.90285588812353e+04 -1.91209081059154e+04 -1.93803270069741e+04  1.90574583181135e+04
  5.42725578958703e+04  1.90286253339104e+04 -1.91209383508208e+04 -1.93800838478006e+04  1.90574928978644e+04
  5.42764583333740e+04  1.90286253339104e+04 -1.91209383508208e+04 -1.93800838478006e+04  1.90574928978644e+04
  5.42768333335613e+04  1.90286253339104e+04 -1.91209383508208e+04 -1.93800838478006e+04  1.90574928978644e+04
  5.42779166672962e+04  1.90286253339104e+04 -1.91209383508208e+04 -1.93800838478006e+04  1.90574928978644e+04
  5.42785416671355e+04  1.90283172242567e+04 -1.91206849682335e+04 -1.93800028028192e+04  1.90578301239283e+04
  5.42822699235914e+04  1.90283775490312e+04 -1.91207380290931e+04 -1.93802461953687e+04  1.90577512879812e+04
  5.42859981795926e+04  1.90282473334705e+04 -1.91206303232203e+04 -1.93805043169420e+04  1.90574441463430e+04
  5.42897264359318e+04  1.90280382882265e+04 -1.91204466677644e+04 -1.93800726542897e+04  1.90573730035490e+04
  5.42934546922965e+04  1.90280082580256e+04 -1.91207642653616e+04 -1.93809649096955e+04  1.90567543742267e+04
  5.42971829488785e+04  1.90279341296470e+04 -1.91202692591494e+04 -1.93802200961486e+04  1.90574627047761e+04
  5.43009112052315e+04  1.90277702692835e+04 -1.91201662586055e+04 -1.93802066298677e+04  1.90570605729306e+04
  5.43046394618160e+04  1.90276904293224e+04 -1.91201845185601e+04 -1.93803998294178e+04  1.90572041741973e+04
  5.43083677183992e+04  1.90275963896259e+04 -1.91199341090935e+04 -1.93801665561732e+04  1.90571174433345e+04
  5.43120959751911e+04  1.90275716762642e+04 -1.91200333165148e+04 -1.93801206534844e+04  1.90571399296388e+04
  5.43158242319688e+04  1.90275097291410e+04 -1.91201270031087e+04 -1.93802539694882e+04  1.90569281847922e+04
  5.43195524889978e+04  1.90274114205164e+04 -1.91200300071186e+04 -1.93803975384522e+04  1.90568600362090e+04
  5.43232807460242e+04  1.90275072964430e+04 -1.91200749878939e+04 -1.93804176210334e+04  1.90569637533411e+04
  5.43270090030613e+04  1.90273843600061e+04 -1.91199104462926e+04 -1.93805550823274e+04  1.90567847920217e+04
  5.43307372603355e+04  1.90272881526693e+04 -1.91198334392161e+04 -1.93803268358096e+04  1.90572986096235e+04
  5.43344655178553e+04  1.90270850452193e+04 -1.91197538189434e+04 -1.93805097769648e+04  1.90569221087132e+04
  5.43381937755614e+04  1.90270801776935e+04 -1.91196822280592e+04 -1.93807058354872e+04  1.90570086841077e+04
  5.43419220333393e+04  1.90269423914284e+04 -1.91194470611181e+04 -1.93810600705593e+04  1.90568413914508e+04
  5.43485208339271e+04  1.90269423914284e+04 -1.91194470611181e+04 -1.93810600705593e+04  1.90568413914508e+04
  5.43495625008381e+04  1.90269423914284e+04 -1.91194470611181e+04 -1.93810600705593e+04  1.90568413914508e+04
  5.43532907596144e+04  1.90271075793172e+04 -1.91198812229283e+04 -1.93810014347891e+04  1.90567280309224e+04
  5.43570190178878e+04  1.90271861280447e+04 -1.91200064394561e+04 -1.93809912617254e+04  1.90567316520452e+04
  5.43607472768276e+04  1.90271076832675e+04 -1.91200100092275e+04 -1.93810172019007e+04  1.90566601598950e+04
  5.43644755357189e+04  1.90268854683058e+04 -1.91198161309399e+04 -1.93809263683646e+04  1.90568836384455e+04
  5.43695000000509e+04  1.90268854683058e+04 -1.91198161309399e+04 -1.93809263683646e+04  1.90568836384455e+04
  5.43701250000716e+04  1.90269136269360e+04 -1.91198700638114e+04 -1.93815367822159e+04  1.90565865489491e+04
  5.43738532595094e+04  1.90266265596849e+04 -1.91196373567419e+04 -1.93812370770354e+04  1.90566024708122e+04
  5.43775815191308e+04  1.90268112830530e+04 -1.91197760323713e+04 -1.93814813934772e+04  1.90565738702022e+04
  5.43813097791274e+04  1.90265524021296e+04 -1.91195376342119e+04 -1.93815458643351e+04  1.90564420695952e+04
  5.43850380391009e+04  1.90265310052715e+04 -1.91196636621945e+04 -1.93815528364483e+04  1.90566323243641e+04
  5.43887662992499e+04  1.90264629084419e+04 -1.91195062304748e+04 -1.93815988109567e+04  1.90563230045439e+04
  5.43924945599131e+04  1.90265406528991e+04 -1.91196213845599e+04 -1.93815181943295e+04  1.90561329954747e+04
  5.43962228202859e+04  1.90265498350792e+04 -1.91198422849422e+04 -1.93816303856269e+04  1.90562570843161e+04
  5.43999510810545e+04  1.90266197640716e+04 -1.91197489781011e+04 -1.93817847444464e+04  1.90561427951117e+04
  5.44036793417452e+04  1.90264740276715e+04 -1.91198028539678e+04 -1.93817801692853e+04  1.90562499044319e+04
  5.44074076029735e+04  1.90265715651861e+04 -1.91196986435332e+04 -1.93818096397549e+04  1.90564287398965e+04
  5.44145833337731e+04  1.90265715651861e+04 -1.91196986435332e+04 -1.93818096397549e+04  1.90564287398965e+04
  5.44200000003309e+04  1.90259248968156e+04 -1.91193868423076e+04 -1.93817335592873e+04  1.90557952662493e+04
  5.44237282617361e+04  1.90263538436522e+04 -1.91196163693998e+04 -1.93820484194600e+04  1.90559981616581e+04
  5.44274565232744e+04  1.90262841876884e+04 -1.91195844505932e+04 -1.93818732448014e+04  1.90559958648640e+04
  5.44311847849535e+04  1.90262306009525e+04 -1.91196146262993e+04 -1.93816590952056e+04  1.90559906783911e+04
  5.44349130465369e+04  1.90261358892824e+04 -1.91194663515701e+04 -1.93816215312414e+04  1.90558701047513e+04
  5.44386413082686e+04  1.90261161725796e+04 -1.91194054920359e+04 -1.93821840953187e+04  1.90555239365471e+04
  5.44423695701424e+04  1.90258996195229e+04 -1.91193639256704e+04 -1.93818373771579e+04  1.90557504940129e+04
  5.44460978321042e+04  1.90259536991059e+04 -1.91194087587398e+04 -1.93819752770525e+04  1.90556258500284e+04
  5.44498260938090e+04  1.90259153767715e+04 -1.91193871911395e+04 -1.93817937833137e+04  1.90556327490914e+04
  5.44535543559165e+04  1.90260219191457e+04 -1.91191935656359e+04 -1.93821753548645e+04  1.90554657873811e+04
  5.44572826179664e+04  1.90260344740077e+04 -1.91191648846364e+04 -1.93818799850020e+04  1.90556742843123e+04
  5.44610108799790e+04  1.90257922302239e+04 -1.91190943063602e+04 -1.93821677932173e+04  1.90553514429298e+04
  5.44647391421910e+04  1.90257517239113e+04 -1.91190768875163e+04 -1.93820360262472e+04  1.90554299719604e+04
  5.44684674039271e+04  1.90257169951643e+04 -1.91191181466824e+04 -1.93822564822833e+04  1.90553162700832e+04
  5.44721956661264e+04  1.90255783420992e+04 -1.91191244056669e+04 -1.93816553035214e+04  1.90556306871174e+04
  5.44759239283173e+04  1.90255859048015e+04 -1.91191700282705e+04 -1.93821666073017e+04  1.90554958537194e+04
  5.44796521904166e+04  1.90254975645061e+04 -1.91190493449281e+04 -1.93820061855336e+04  1.90556185878385e+04
  5.44833804527883e+04  1.90252674727217e+04 -1.91189077572476e+04 -1.93821930053932e+04  1.90556383637672e+04
  5.44885243060476e+04  1.90252674727217e+04 -1.91189077572476e+04 -1.93821930053932e+04  1.90556383637672e+04
  5.44889409727453e+04  1.90251847218594e+04 -1.91187551117210e+04 -1.93820463206995e+04  1.90554208666719e+04
  5.44926692348148e+04  1.90249125995174e+04 -1.91185332656476e+04 -1.93818738279169e+04  1.90554531963728e+04
  5.44963974964987e+04  1.90249713560799e+04 -1.91186057923851e+04 -1.93818958014906e+04  1.90555869314255e+04
  5.45001257582188e+04  1.90247717138186e+04 -1.91184247220668e+04 -1.93820585844442e+04  1.90553036288708e+04
  5.45038540200834e+04  1.90246586653873e+04 -1.91182952460074e+04 -1.93819803836992e+04  1.90554326689796e+04
  5.45075822821693e+04  1.90245243637971e+04 -1.91183451741151e+04 -1.93821383467841e+04  1.90555986574906e+04
  5.45113105437362e+04  1.90243852047817e+04 -1.91181293377745e+04 -1.93820876111466e+04  1.90553629621680e+04
  5.45150388053819e+04  1.90243282866160e+04 -1.91180627275857e+04 -1.93818365637349e+04  1.90555467667604e+04
  5.45187670666829e+04  1.90241863965343e+04 -1.91178874513874e+04 -1.93820608403336e+04  1.90555239112496e+04
  5.45224953283068e+04  1.90242129727034e+04 -1.91178488156820e+04 -1.93816081394022e+04  1.90555890201691e+04
  5.45262235900186e+04  1.90239866188675e+04 -1.91178670157326e+04 -1.93820739241739e+04  1.90553097199361e+04
  5.45299518510869e+04  1.90240300371382e+04 -1.91180410816983e+04 -1.93822053424207e+04  1.90552781704157e+04
  5.45336801124676e+04  1.90238219437619e+04 -1.91176236301502e+04 -1.93818909451507e+04  1.90554082752885e+04
  5.45374083737059e+04  1.90237188323961e+04 -1.91176978336767e+04 -1.93819106265958e+04  1.90553344072919e+04
  5.45411366347083e+04  1.90235774177262e+04 -1.91176138775708e+04 -1.93819213520037e+04  1.90555342070350e+04
  5.45448648956759e+04  1.90234657330974e+04 -1.91174205124705e+04 -1.93818823442352e+04  1.90557120374229e+04
  5.45485931564976e+04  1.90231375194979e+04 -1.91173511500601e+04 -1.93821081723603e+04  1.90552137669507e+04
  5.45523214172972e+04  1.90231528442081e+04 -1.91171158603009e+04 -1.93822603566669e+04  1.90553452397604e+04
  5.45560496778299e+04  1.90229429895458e+04 -1.91170952404369e+04 -1.93819764672275e+04  1.90555387762362e+04
  5.45597779382350e+04  1.90228588966089e+04 -1.91170564580853e+04 -1.93819570684204e+04  1.90555260064410e+04
  5.45635061984110e+04  1.90227603263271e+04 -1.91168747418826e+04 -1.93817042799047e+04  1.90555318597093e+04
  5.45672344588552e+04  1.90223662352800e+04 -1.91166728410502e+04 -1.93819377686121e+04  1.90557430746487e+04
  5.45709627186796e+04  1.90223738213052e+04 -1.91165952944360e+04 -1.93816563443667e+04  1.90556771195395e+04
  5.45746909786042e+04  1.90222452078361e+04 -1.91164153635203e+04 -1.93818756553537e+04  1.90556651563541e+04
  5.45784192381018e+04  1.90220459933793e+04 -1.91163222303159e+04 -1.93818197019952e+04  1.90554810240644e+04
  5.45821474978751e+04  1.90219199606715e+04 -1.91161840220779e+04 -1.93816998603583e+04  1.90556141128497e+04
  5.45858757572292e+04  1.90219223268431e+04 -1.91162627177481e+04 -1.93816065524713e+04  1.90557827340447e+04
  5.45896040163981e+04  1.90217928699204e+04 -1.91160691980547e+04 -1.93816189546263e+04  1.90558994833144e+04
  5.45933322754225e+04  1.90214138901598e+04 -1.91157882179818e+04 -1.93816038349555e+04  1.90557859326741e+04
  5.45970605345139e+04  1.90215469091611e+04 -1.91158711397867e+04 -1.93816226873298e+04  1.90555433223087e+04
  5.46007887931504e+04  1.90213549353210e+04 -1.91157667742163e+04 -1.93815299310917e+04  1.90557188775165e+04
  5.46045170517813e+04  1.90212640406056e+04 -1.91156938677989e+04 -1.93814395074945e+04  1.90559352460969e+04
  5.46082453104178e+04  1.90212068770361e+04 -1.91157439546686e+04 -1.93814841136379e+04  1.90552202783669e+04
  5.46119735688379e+04  1.90211685913264e+04 -1.91155336336735e+04 -1.93811375305913e+04  1.90556311562698e+04
  5.46157018272743e+04  1.90209440449515e+04 -1.91152688983174e+04 -1.93811078358730e+04  1.90557411460031e+04
  5.46216131948033e+04  1.90209440449515e+04 -1.91152688983174e+04 -1.93811078358730e+04  1.90557411460031e+04
  5.46222083341052e+04  1.90206237083885e+04 -1.91152951718575e+04 -1.93807861621613e+04  1.90557434974336e+04
  5.46259365921204e+04  1.90204531634957e+04 -1.91149531154027e+04 -1.93811365238356e+04  1.90554140704608e+04
  5.46296648501167e+04  1.90204706607434e+04 -1.91149480924013e+04 -1.93809306621412e+04  1.90557077090414e+04
  5.46333931079063e+04  1.90202023161845e+04 -1.91147068175345e+04 -1.93811135628164e+04  1.90554474316643e+04
  5.46371213659081e+04  1.90202985420887e+04 -1.91147713015829e+04 -1.93809761752450e+04  1.90554625974934e+04
  5.46408496236760e+04  1.90201734593235e+04 -1.91146214771454e+04 -1.93808558409320e+04  1.90552951770043e+04
  5.46445778812386e+04  1.90201007474823e+04 -1.91145560770277e+04 -1.93810010663456e+04  1.90550541257578e+04
  5.46483061390244e+04  1.90198440492615e+04 -1.91143916432656e+04 -1.93808293512977e+04  1.90551957798613e+04
  5.46520343968055e+04  1.90197887340069e+04 -1.91143696792037e+04 -1.93809519477666e+04  1.90550885058782e+04
  5.46557626545927e+04  1.90196566681229e+04 -1.91141789407632e+04 -1.93809235459527e+04  1.90550871120051e+04
  5.46594909123807e+04  1.90195885350410e+04 -1.91140672629769e+04 -1.93809760342691e+04  1.90547999531864e+04
  5.46633402781089e+04  1.90195885350410e+04 -1.91140672629769e+04 -1.93809760342691e+04  1.90547999531864e+04
  5.46634402778483e+04  1.90196952016848e+04 -1.91138947177480e+04 -1.93806849796209e+04  1.90552967132073e+04
  5.46671685356169e+04  1.90197241717513e+04 -1.91139047863841e+04 -1.93806911825702e+04  1.90553101369340e+04
  5.46708967935023e+04  1.90195579961219e+04 -1.91138244972133e+04 -1.93805884184608e+04  1.90555101949457e+04
  5.46746250516422e+04  1.90195624134363e+04 -1.91139569180795e+04 -1.93813341341359e+04  1.90549338350274e+04
  5.46797083335996e+04  1.90195624134363e+04 -1.91139569180795e+04 -1.93813341341359e+04  1.90549338350274e+04
  5.46811666667836e+04  1.90191203495826e+04 -1.91136188047661e+04 -1.93806623540447e+04  1.90554227014397e+04
  5.46848949247673e+04  1.90192405987121e+04 -1.91136689826751e+04 -1.93806831415491e+04  1.90553262190331e+04
  5.46886231829895e+04  1.90192612486942e+04 -1.91137316296734e+04 -1.93808829283858e+04  1.90554257998007e+04
  5.46923514416517e+04  1.90191280641653e+04 -1.91136067329308e+04 -1.93810988029919e+04  1.90551805421437e+04
  5.46960797061018e+04  1.90192096445081e+04 -1.91137074309853e+04 -1.93812554508440e+04  1.90551777350456e+04
  5.46998079751737e+04  1.90190633386128e+04 -1.91135944153974e+04 -1.93813847196953e+04  1.90547257968937e+04
  5.47035362442201e+04  1.90191447732038e+04 -1.91137042402321e+04 -1.93815157432924e+04  1.90547634708296e+04
  5.47072645132558e+04  1.90191083297623e+04 -1.91137377574450e+04 -1.93813590076780e+04  1.90547522572616e+04
  5.47109927362999e+04  1.90191020276388e+04 -1.91138712739500e+04 -1.93816973980659e+04  1.90544785369139e+04
  5.47147209958443e+04  1.90191890178169e+04 -1.91139601695802e+04 -1.93816797267400e+04  1.90548953699059e+04
  5.47184492553727e+04  1.90190878285312e+04 -1.91139256327664e+04 -1.93817417574866e+04  1.90549156565453e+04
  5.47221775152893e+04  1.90192903546132e+04 -1.91139559157014e+04 -1.93819232060017e+04  1.90548598822133e+04
  5.47259057754039e+04  1.90190466540174e+04 -1.91140235771964e+04 -1.93817717450428e+04  1.90547904592470e+04
  5.47296340354932e+04  1.90190775584181e+04 -1.91139779551125e+04 -1.93816249020840e+04  1.90546279222345e+04
  5.47333622957141e+04  1.90191177079924e+04 -1.91140132384902e+04 -1.93821237589145e+04  1.90547242206999e+04
  5.47370905563391e+04  1.90189544959767e+04 -1.91141081215575e+04 -1.93821697994941e+04  1.90545859128292e+04
  5.47444166667361e+04  1.90189544959767e+04 -1.91141081215575e+04 -1.93821697994941e+04  1.90545859128292e+04
  5.47445416673358e+04  1.90189544959767e+04 -1.91141081215575e+04 -1.93821697994941e+04  1.90545859128292e+04
  5.47475138892720e+04  1.90189544959767e+04 -1.91141081215575e+04 -1.93821697994941e+04  1.90545859128292e+04
  5.47479930561144e+04  1.90192968970822e+04 -1.91147465873975e+04 -1.93827319399949e+04  1.90541008393511e+04
  5.47517213173553e+04  1.90191093808817e+04 -1.91146100235770e+04 -1.93827325704764e+04  1.90540436260951e+04
  5.47554495786829e+04  1.90190488660454e+04 -1.91145489814108e+04 -1.93825289609493e+04  1.90541806262116e+04
  5.47591778399352e+04  1.90190740273372e+04 -1.91145488255085e+04 -1.93829064245315e+04  1.90538771744423e+04
  5.47629061015126e+04  1.90191620423076e+04 -1.91146603110329e+04 -1.93830667603422e+04  1.90538989069521e+04
  5.47674166671620e+04  1.90191620423076e+04 -1.91146603110329e+04 -1.93830667603422e+04  1.90538989069521e+04
  5.47679444450673e+04  1.90190101462360e+04 -1.91145119718460e+04 -1.93827632183709e+04  1.90540702743907e+04
  5.47716727068299e+04  1.90189743302540e+04 -1.91146262040754e+04 -1.93830494318770e+04  1.90538064821553e+04
  5.47754009686540e+04  1.90190963223985e+04 -1.91147194544284e+04 -1.93831045998083e+04  1.90537662887611e+04
  5.47791292307095e+04  1.90191462023538e+04 -1.91147958557191e+04 -1.93832090445558e+04  1.90538188820795e+04
  5.47828574928902e+04  1.90191341126044e+04 -1.91147425576792e+04 -1.93830792206906e+04  1.90537994928542e+04
  5.47865857551933e+04  1.90190193574384e+04 -1.91146999530801e+04 -1.93833454987114e+04  1.90534858207680e+04
  5.47903140176199e+04  1.90190599132712e+04 -1.91145878152491e+04 -1.93836210417868e+04  1.90536684503548e+04
  5.47940422801980e+04  1.90189824731667e+04 -1.91145991485396e+04 -1.93834992272123e+04  1.90535758552921e+04
  5.47977705426782e+04  1.90186906352686e+04 -1.91143929346599e+04 -1.93835609541546e+04  1.90536636759949e+04
  5.48014988052766e+04  1.90187614844277e+04 -1.91145341760949e+04 -1.93838640491978e+04  1.90534895945401e+04
  5.48052270677512e+04  1.90188071903465e+04 -1.91145500350597e+04 -1.93838666293479e+04  1.90534875844702e+04
  5.48089553307038e+04  1.90188099931474e+04 -1.91146484952806e+04 -1.93840854274714e+04  1.90532590980849e+04
  5.48126835932731e+04  1.90187354548649e+04 -1.91145640969465e+04 -1.93840408227906e+04  1.90533210566526e+04
  5.48164118561644e+04  1.90186019334781e+04 -1.91144831138846e+04 -1.93839874731067e+04  1.90532686588277e+04
  5.48201401188495e+04  1.90185205644617e+04 -1.91143926798388e+04 -1.93839464178309e+04  1.90535684353321e+04
  5.48238683817095e+04  1.90187857596790e+04 -1.91145548261469e+04 -1.93839412079099e+04  1.90537122156013e+04
  5.48275966447709e+04  1.90186885290199e+04 -1.91144913176816e+04 -1.93841577415699e+04  1.90534898474689e+04
  5.48313249078229e+04  1.90186721064268e+04 -1.91145133116215e+04 -1.93844690089014e+04  1.90535718995647e+04
  5.48350531589167e+04  1.90185783313729e+04 -1.91145246856908e+04 -1.93843457546247e+04  1.90536094984483e+04
  5.48394305558299e+04  1.90185783313729e+04 -1.91145246856908e+04 -1.93843457546247e+04  1.90536094984483e+04
  5.48405208336054e+04  1.90183580385090e+04 -1.91143241099624e+04 -1.93843093172295e+04  1.90533459434085e+04
  5.48442490953520e+04  1.90183542260547e+04 -1.91143256659629e+04 -1.93842649151125e+04  1.90531358974407e+04
  5.48479773583217e+04  1.90183775047198e+04 -1.91142299295190e+04 -1.93843288446604e+04  1.90528811265909e+04
  5.48517056213160e+04  1.90182438949527e+04 -1.91142375266270e+04 -1.93843260991684e+04  1.90530666152975e+04
  5.48554338841538e+04  1.90182693805731e+04 -1.91139426974070e+04 -1.93839363452447e+04  1.90532947141452e+04
  5.48591621470162e+04  1.90179065876020e+04 -1.91137408047074e+04 -1.93842047091482e+04  1.90530900813663e+04
  5.48628904097212e+04  1.90180418442553e+04 -1.91138686058272e+04 -1.93841465641584e+04  1.90531637014279e+04
  5.48666186724999e+04  1.90180278998726e+04 -1.91137813253329e+04 -1.93841435724765e+04  1.90533359699204e+04
  5.48738194447107e+04  1.90180278998726e+04 -1.91137813253329e+04 -1.93841435724765e+04  1.90533359699204e+04
  5.48744166673831e+04  1.90178194755366e+04 -1.91135478655723e+04 -1.93841592001702e+04  1.90532036842163e+04
  5.48781449303090e+04  1.90177333161179e+04 -1.91133994672534e+04 -1.93837004513221e+04  1.90535417707744e+04
  5.48818731929144e+04  1.90177509276420e+04 -1.91134696151187e+04 -1.93836453338530e+04  1.90535056573574e+04
  5.48861166667837e+04  1.90177509276420e+04 -1.91134696151187e+04 -1.93836453338530e+04  1.90535056573574e+04
  5.48862166673612e+04  1.90173253186561e+04 -1.91135345754254e+04 -1.93842702809318e+04  1.90532370332078e+04
  5.48899449297905e+04  1.90172552624020e+04 -1.91134777452790e+04 -1.93838229916718e+04  1.90536326111640e+04
  5.48936731923172e+04  1.90171393255860e+04 -1.91135007026583e+04 -1.93837707847043e+04  1.90534814660040e+04
  5.48974014545393e+04  1.90170752132932e+04 -1.91133730653453e+04 -1.93839506435807e+04  1.90532389542893e+04
  5.49011297170636e+04  1.90169280961655e+04 -1.91133349251156e+04 -1.93838228224603e+04  1.90532979966579e+04
  5.49048579791147e+04  1.90169522036910e+04 -1.91131353259293e+04 -1.93839856614732e+04  1.90533533345473e+04
  5.49085862411423e+04  1.90169993509503e+04 -1.91131778328989e+04 -1.93839012357963e+04  1.90534124068863e+04
  5.49123145030543e+04  1.90166969285015e+04 -1.91130978000549e+04 -1.93838240308058e+04  1.90532096165637e+04
  5.49160427647014e+04  1.90166430918236e+04 -1.91130196323918e+04 -1.93835128375160e+04  1.90535141543418e+04
  5.49197710265534e+04  1.90166307977481e+04 -1.91129252784433e+04 -1.93835879036618e+04  1.90534056306558e+04
  5.49234992882801e+04  1.90164673988917e+04 -1.91127435371925e+04 -1.93837174223978e+04  1.90532739275691e+04
  5.49272275496436e+04  1.90163549029220e+04 -1.91126395290210e+04 -1.93835346754190e+04  1.90533813070476e+04
  5.49309558110556e+04  1.90161471634280e+04 -1.91125002335921e+04 -1.93834400174411e+04  1.90535348486444e+04
  5.49346840727015e+04  1.90160604176109e+04 -1.91125844356856e+04 -1.93836449512172e+04  1.90530671501600e+04
  5.49384123334977e+04  1.90160285614113e+04 -1.91124993367422e+04 -1.93834809973087e+04  1.90532144278076e+04
  5.49421405943019e+04  1.90158726302996e+04 -1.91125066027725e+04 -1.93833880363972e+04  1.90534574376328e+04
  5.49458688551713e+04  1.90157821698018e+04 -1.91124730279244e+04 -1.93833159983803e+04  1.90534229428255e+04
  5.49495971158703e+04  1.90153895097811e+04 -1.91122206114913e+04 -1.93829877771848e+04  1.90534153017119e+04
  5.49533253764410e+04  1.90153708721815e+04 -1.91120731883357e+04 -1.93828418440236e+04  1.90536805129666e+04
  5.49570536367686e+04  1.90152641663191e+04 -1.91119944893703e+04 -1.93829611523494e+04  1.90532797010182e+04
  5.49607818971422e+04  1.90152128259194e+04 -1.91118405493278e+04 -1.93827616156094e+04  1.90537154551508e+04
  5.49645101571157e+04  1.90149987307770e+04 -1.91118509595174e+04 -1.93829139926852e+04  1.90533529068374e+04
  5.49682384171309e+04  1.90148486234534e+04 -1.91117574699332e+04 -1.93828971494589e+04  1.90534669477292e+04
  5.49719666771770e+04  1.90149062731592e+04 -1.91115910954293e+04 -1.93829268708604e+04  1.90534763111361e+04
  5.49756949367951e+04  1.90146644374634e+04 -1.91114300657740e+04 -1.93830736515957e+04  1.90532427182496e+04
  5.49794231966307e+04  1.90145103468886e+04 -1.91113325065922e+04 -1.93829327323064e+04  1.90534378883510e+04
  5.49831514561389e+04  1.90143425865920e+04 -1.91112008112894e+04 -1.93830443651864e+04  1.90532614908042e+04
  5.49868797155924e+04  1.90141538029150e+04 -1.91110726310470e+04 -1.93829438217021e+04  1.90532838480904e+04
  5.49906079752129e+04  1.90141410217047e+04 -1.91109884908636e+04 -1.93832420932175e+04  1.90532546572053e+04
  5.49943362344177e+04  1.90141638500362e+04 -1.91110431886277e+04 -1.93826004907125e+04  1.90538539627308e+04
  5.49980644936274e+04  1.90142219731065e+04 -1.91110895672113e+04 -1.93828110069140e+04  1.90534756254269e+04
  5.50017927528912e+04  1.90141714580946e+04 -1.91108753797556e+04 -1.93828388265494e+04  1.90532708659566e+04
  5.50055210122026e+04  1.90139414401239e+04 -1.91106664082866e+04 -1.93830346792145e+04  1.90532812933450e+04
  5.50092492712778e+04  1.90139002225153e+04 -1.91107022969323e+04 -1.93830510526414e+04  1.90535618995660e+04
  5.50129775303588e+04  1.90138700927342e+04 -1.91106746087177e+04 -1.93828818085326e+04  1.90534540098874e+04
  5.50167057894446e+04  1.90139421527607e+04 -1.91107009342966e+04 -1.93828235868927e+04  1.90534775427988e+04
  5.50204340485440e+04  1.90137252328637e+04 -1.91105333793652e+04 -1.93828532135152e+04  1.90534824713348e+04
  5.50241623076471e+04  1.90137755000324e+04 -1.91106010569245e+04 -1.93827417157364e+04  1.90536649787815e+04
  5.50285986111410e+04  1.90137755000324e+04 -1.91106010569245e+04 -1.93827417157364e+04  1.90536649787815e+04
  5.50290972229562e+04  1.90137560020666e+04 -1.91105384134634e+04 -1.93830280768085e+04  1.90533590059480e+04
  5.50328254822777e+04  1.90136899833223e+04 -1.91106188690683e+04 -1.93830546536430e+04  1.90532335168342e+04
  5.50365537413750e+04  1.90136515660866e+04 -1.91104767356685e+04 -1.93831380443034e+04  1.90530799601484e+04
  5.50402820006980e+04  1.90136826258985e+04 -1.91106954203356e+04 -1.93828820237793e+04  1.90533922522137e+04
  5.50440102602305e+04  1.90136156822475e+04 -1.91104317983564e+04 -1.93830476515204e+04  1.90532566243996e+04
  5.50477385197327e+04  1.90136566514896e+04 -1.91106009604030e+04 -1.93831278750189e+04  1.90531807318995e+04
  5.50514667792187e+04  1.90134680796744e+04 -1.91104311337411e+04 -1.93828503888838e+04  1.90531732212755e+04
  5.50551950389156e+04  1.90134654255990e+04 -1.91104570887395e+04 -1.93833018945543e+04  1.90531147858959e+04
  5.50589232988276e+04  1.90133829839127e+04 -1.91104711258039e+04 -1.93831738836398e+04  1.90533176734864e+04
  5.50626515587523e+04  1.90135216469582e+04 -1.91106040385695e+04 -1.93832455038263e+04  1.90533289428419e+04
  5.50663798176920e+04  1.90125185224852e+04 -1.91098842287363e+04 -1.93827210859724e+04  1.90534860265912e+04
  5.50701080766470e+04  1.90122975656370e+04 -1.91097266653240e+04 -1.93826580912258e+04  1.90533358497589e+04
  5.50738363355950e+04  1.90121990548387e+04 -1.91097033023998e+04 -1.93823183116564e+04  1.90531068174220e+04
  5.50775645948959e+04  1.90122399190380e+04 -1.91098552826104e+04 -1.93827875281507e+04  1.90529057574919e+04
  5.50812928540508e+04  1.90125154731357e+04 -1.91100073395955e+04 -1.93830918066330e+04  1.90525440191158e+04
  5.50850211138817e+04  1.90124734808419e+04 -1.91100190485093e+04 -1.93830018949650e+04  1.90527281792632e+04
  5.50887493735035e+04  1.90123376039584e+04 -1.91099127533422e+04 -1.93830039003855e+04  1.90526992806452e+04
  5.50924776337638e+04  1.90125184510659e+04 -1.91100203406125e+04 -1.93828864486930e+04  1.90528549826494e+04
  5.50962058933032e+04  1.90118311511791e+04 -1.91097447545164e+04 -1.93828084522303e+04  1.90527748173745e+04
  5.50999341528705e+04  1.90117403938458e+04 -1.91096619070823e+04 -1.93828073923690e+04  1.90526823412747e+04
  5.51036624126145e+04  1.90120322966191e+04 -1.91099992653903e+04 -1.93830698329470e+04  1.90526887849970e+04
  5.51073906731272e+04  1.90121268700119e+04 -1.91100197187648e+04 -1.93831063465824e+04  1.90527908109409e+04
  5.51111189331238e+04  1.90113562385678e+04 -1.91095658370132e+04 -1.93827495878745e+04  1.90527315464414e+04
  5.51148471931736e+04  1.90110816922257e+04 -1.91094142907051e+04 -1.93828420205508e+04  1.90525562031980e+04
  5.51185754533532e+04  1.90111098342240e+04 -1.91094415186902e+04 -1.93827452747657e+04  1.90527643725439e+04
  5.51223037136285e+04  1.90108048388536e+04 -1.91092792236558e+04 -1.93826814450482e+04  1.90525957371913e+04
  5.51260319739028e+04  1.90105793256145e+04 -1.91091084642261e+04 -1.93824657583548e+04  1.90525874425917e+04
  5.51297602341643e+04  1.90104697636169e+04 -1.91092899074941e+04 -1.93828729286392e+04  1.90521459785505e+04
  5.51334884955901e+04  1.90122451927727e+04 -1.91103153260634e+04 -1.93836110757578e+04  1.90521592892851e+04
  5.51372167579747e+04  1.90128214656652e+04 -1.91107544369300e+04 -1.93842002139287e+04  1.90520014238080e+04
  5.51409450204432e+04  1.90130838751762e+04 -1.91108942824242e+04 -1.93844779042275e+04  1.90516620333135e+04
  5.51446732828184e+04  1.90128733807794e+04 -1.91107027335823e+04 -1.93844657125626e+04  1.90519445175030e+04
  5.51484015456887e+04  1.90130366861953e+04 -1.91108070371334e+04 -1.93845843318174e+04  1.90519704479266e+04
  5.51521298083947e+04  1.90131367517014e+04 -1.91109613203772e+04 -1.93844071613266e+04  1.90520260765462e+04
  5.51558580714838e+04  1.90131387185261e+04 -1.91110073637180e+04 -1.93845185008373e+04  1.90520857617503e+04
  5.51595863342512e+04  1.90133140454068e+04 -1.91110755499334e+04 -1.93848522076439e+04  1.90518986104976e+04
  5.51633145972776e+04  1.90135010492782e+04 -1.91113124663575e+04 -1.93846063744095e+04  1.90518130577520e+04
  5.51670428604861e+04  1.90134392842280e+04 -1.91111924907930e+04 -1.93849696243390e+04  1.90517667847648e+04
  5.51707711238310e+04  1.90133852236615e+04 -1.91111713207652e+04 -1.93850452050299e+04  1.90518810581414e+04
  5.51744993868541e+04  1.90133023403014e+04 -1.91110432316967e+04 -1.93850660741716e+04  1.90517613663220e+04
  5.51782276498889e+04  1.90133260301006e+04 -1.91111871948129e+04 -1.93849898722305e+04  1.90520266748933e+04
  5.51819559130916e+04  1.90132978035638e+04 -1.91112212588768e+04 -1.93848582435132e+04  1.90519421767456e+04
  5.51856841759097e+04  1.90124024580207e+04 -1.91106627527870e+04 -1.93845886451483e+04  1.90518230649803e+04
  5.51894124385429e+04  1.90127440748487e+04 -1.91107940639179e+04 -1.93849655306608e+04  1.90517973124070e+04
  5.51931407018217e+04  1.90123309256715e+04 -1.91105949100831e+04 -1.93847381171717e+04  1.90523039720800e+04
  5.51968689648517e+04  1.90124620335946e+04 -1.91105721030088e+04 -1.93851026432540e+04  1.90518928857189e+04
  5.52005972278437e+04  1.90120947241806e+04 -1.91104765167128e+04 -1.93848880440509e+04  1.90522448702495e+04
  5.52043254902847e+04  1.90117154608723e+04 -1.91101269260945e+04 -1.93847053198146e+04  1.90521390210402e+04
  5.52080537529029e+04  1.90122232631898e+04 -1.91104015420761e+04 -1.93850829287209e+04  1.90515895083607e+04
  5.52117820162513e+04  1.90125878302444e+04 -1.91106928362809e+04 -1.93850490976700e+04  1.90517219936650e+04
  5.52165520841458e+04  1.90125878302444e+04 -1.91106928362809e+04 -1.93850490976700e+04  1.90517219936650e+04
  5.52173854169745e+04  1.90136370483425e+04 -1.91114971427086e+04 -1.93859349857869e+04  1.90519310140667e+04
  5.52211136802780e+04  1.90137867419436e+04 -1.91115351878497e+04 -1.93863241639929e+04  1.90519371339382e+04
  5.52248419443530e+04  1.90140254078217e+04 -1.91117245968426e+04 -1.93864042952786e+04  1.90519506743706e+04
  5.52285702079489e+04  1.90140116534684e+04 -1.91117228891547e+04 -1.93863025076011e+04  1.90520957458368e+04
  5.52322984714722e+04  1.90138329308117e+04 -1.91113677095974e+04 -1.93859841505317e+04  1.90521486958489e+04
  5.52360267350359e+04  1.90137950763137e+04 -1.91114179234457e+04 -1.93859736337035e+04  1.90522177488860e+04
  5.52397549987753e+04  1.90136322588509e+04 -1.91113392597946e+04 -1.93858371127300e+04  1.90520980684824e+04
  5.52434832622663e+04  1.90135672094382e+04 -1.91111469329596e+04 -1.93857929460079e+04  1.90523743481946e+04
  5.52472115257014e+04  1.90134627643353e+04 -1.91111397162888e+04 -1.93860824456055e+04  1.90522287259620e+04
  5.52509397893554e+04  1.90134397673033e+04 -1.91109799950519e+04 -1.93859522018125e+04  1.90524788570512e+04
  5.52546680526262e+04  1.90134245972611e+04 -1.91110670442348e+04 -1.93858761883096e+04  1.90524189803965e+04
  5.52583963156390e+04  1.90134867699455e+04 -1.91110813095592e+04 -1.93859324822734e+04  1.90520191220832e+04
  5.52621245789735e+04  1.90131522909201e+04 -1.91108354429545e+04 -1.93859010221203e+04  1.90523490991397e+04
  5.52658528421239e+04  1.90131817507380e+04 -1.91107577772089e+04 -1.93861303026052e+04  1.90524095577161e+04
  5.52695811051053e+04  1.90130470974932e+04 -1.91106750643577e+04 -1.93856742616137e+04  1.90525786041613e+04
  5.52741583337636e+04  1.90130470974932e+04 -1.91106750643577e+04 -1.93856742616137e+04  1.90525786041613e+04
  5.52742583336516e+04  1.90130669911674e+04 -1.91104148153639e+04 -1.93857364135451e+04  1.90525016704419e+04
  5.52779865965798e+04  1.90130956280998e+04 -1.91103533475653e+04 -1.93855294562738e+04  1.90526876429167e+04
  5.52817148594397e+04  1.90129511115693e+04 -1.91102346459375e+04 -1.93851566801266e+04  1.90530074383848e+04
  5.52854431222662e+04  1.90128162583614e+04 -1.91099657465790e+04 -1.93854076083028e+04  1.90525628939147e+04
  5.52891713849791e+04  1.90125273832940e+04 -1.91096376588156e+04 -1.93850364644407e+04  1.90530046250386e+04
  5.52928996473809e+04  1.90130125602800e+04 -1.91100416592040e+04 -1.93852492834754e+04  1.90529209136364e+04
  5.52966279100417e+04  1.90133001843421e+04 -1.91100585439253e+04 -1.93854281356483e+04  1.90528293326483e+04
  5.53003561721227e+04  1.90115123136540e+04 -1.91090091556183e+04 -1.93848235914600e+04  1.90530271959620e+04
  5.53040844337487e+04  1.90121148808310e+04 -1.91096037709064e+04 -1.93844234235548e+04  1.90527015750336e+04
  5.53078126955326e+04  1.90123713576131e+04 -1.91099060935891e+04 -1.93844836070918e+04  1.90529221650156e+04
  5.53115409570371e+04  1.90125924846612e+04 -1.91099015381784e+04 -1.93845623734349e+04  1.90527026530956e+04
  5.53152692188136e+04  1.90127064484817e+04 -1.91100637761897e+04 -1.93847926638184e+04  1.90528368857066e+04
  5.53189974796643e+04  1.90114585388112e+04 -1.91091405008842e+04 -1.93843200017002e+04  1.90528471047464e+04
  5.53227257401909e+04  1.90111079516774e+04 -1.91089062935042e+04 -1.93837552893861e+04  1.90529339634266e+04
  5.53296666673832e+04  1.90111079516774e+04 -1.91089062935042e+04 -1.93837552893861e+04  1.90529339634266e+04
  5.53303541667384e+04  1.90111688739747e+04 -1.91090877926474e+04 -1.93841591758599e+04  1.90530589263417e+04
  5.53340824270844e+04  1.90107235320590e+04 -1.91086277421753e+04 -1.93839468456929e+04  1.90531466267298e+04
  5.53378106864109e+04  1.90104840643566e+04 -1.91085023193542e+04 -1.93837719002701e+04  1.90531064291176e+04
  5.53415389454630e+04  1.90102623557188e+04 -1.91083501956121e+04 -1.93835394590274e+04  1.90530443354915e+04
  5.53452672048843e+04  1.90105084628463e+04 -1.91083733051594e+04 -1.93838599110050e+04  1.90528263448587e+04
  5.53490416671389e+04  1.90105084628463e+04 -1.91083733051594e+04 -1.93838599110050e+04  1.90528263448587e+04
  5.53505625001794e+04  1.90094363997793e+04 -1.91078695737587e+04 -1.93830854530776e+04  1.90533122685986e+04
  5.53543750006228e+04  1.90094363997793e+04 -1.91078695737587e+04 -1.93830854530776e+04  1.90533122685986e+04
  5.53557500005092e+04  1.90081361190783e+04 -1.91070240229881e+04 -1.93826911752006e+04  1.90530731039182e+04
  5.53594782584873e+04  1.90080293465718e+04 -1.91069771349760e+04 -1.93823250192659e+04  1.90531808513866e+04
  5.53632065162419e+04  1.90081516244514e+04 -1.91071180485098e+04 -1.93820718224621e+04  1.90530170416165e+04
  5.53669347743219e+04  1.90078069221812e+04 -1.91068505577300e+04 -1.93819481862551e+04  1.90532537669742e+04
  5.53706630308182e+04  1.90069421036119e+04 -1.91063742991324e+04 -1.93816064912253e+04  1.90528958484184e+04
  5.53743912874547e+04  1.90069965704190e+04 -1.91066332228449e+04 -1.93817205254613e+04  1.90529460222705e+04
  5.53781195438597e+04  1.90068223865324e+04 -1.91065839055235e+04 -1.93820459443906e+04  1.90527083532027e+04
  5.53818478005637e+04  1.90067356826569e+04 -1.91064675394072e+04 -1.93819755921661e+04  1.90526514366792e+04
  5.53855760570277e+04  1.90065541994258e+04 -1.91063644001526e+04 -1.93822694442957e+04  1.90525736437318e+04
  5.53893043136504e+04  1.90064478817159e+04 -1.91063487102902e+04 -1.93819611326386e+04  1.90526917499159e+04
  5.53930325701100e+04  1.90062995504379e+04 -1.91060721056104e+04 -1.93819390703403e+04  1.90528273294811e+04
  5.53967608272834e+04  1.90063456916053e+04 -1.91061975200928e+04 -1.93819724348115e+04  1.90527768441984e+04
  5.54004890837303e+04  1.90065644781534e+04 -1.91064094607324e+04 -1.93817455583015e+04  1.90530150577495e+04
  5.54042173407055e+04  1.90065294966561e+04 -1.91065067514892e+04 -1.93819418084161e+04  1.90528663639606e+04
  5.54116738545463e+04  1.90065294966561e+04 -1.91065067514892e+04 -1.93819418084161e+04  1.90528663639606e+04
