  5.21309998712442e+04 -7.42002665291304e-01 -7.01906694933413e-01 -7.44525168534730e-01 -2.58556047691250e+00
  5.21347281046878e+04 -8.04966222155721e-01 -2.10722199672807e+00 -6.03728391378320e-01 -2.07722439249328e+00
  5.21384563382441e+04 -1.53826397329142e+00 -2.40390505525946e+00 -6.08084766643352e-01 -2.62870371309888e+00
  5.21421845719525e+04 -1.96107743117615e+00 -2.50370061857532e+00 -1.19783757349190e+00 -1.56304768771699e+00
  5.21459128054655e+04 -1.39626123956522e+00 -2.20053916161794e+00  3.39227763286835e-01 -1.98853834998805e+00
  5.21496410384886e+04  0.00000000000000e+00  0.00000000000000e+00  0.00000000000000e+00  0.00000000000000e+00
  5.21533692710499e+04 -1.20017011449001e-01 -1.70126510054449e+00 -7.48264676017624e-02 -3.39324056851985e+00
  5.21570975034480e+04 -9.51556964247608e-01 -1.38074792536902e+00  1.19302629750491e+00 -1.40448193977188e+00
  5.21608257388101e+04 -1.24037053513224e+00 -1.26662102657656e+00 -1.78378477544759e+00 -1.31520519989388e+00
  5.21666250005311e+04  0.00000000000000e+00  0.00000000000000e+00  0.00000000000000e+00  0.00000000000000e+00
  5.21673750004977e+04 -9.96870780171671e-01 -5.93202046043779e-01  4.26719944895422e-01 -1.91994386843066e+00
  5.21711032361123e+04 -1.39569968551381e+00 -4.34807559447101e-01  1.48321837084694e+00 -2.42113187328754e+00
  5.21748314705902e+04  0.00000000000000e+00  0.00000000000000e+00  0.00000000000000e+00  0.00000000000000e+00
  5.21785597052801e+04 -1.89940689316640e+00 -2.19309312971105e+00  7.53386232025469e-01 -3.05805339911394e+00
  5.21822879417800e+04 -1.57580149580428e+00 -1.62208763903808e+00 -1.23404110227966e+00 -2.06660692834407e+00
  5.21860161770762e+04 -5.78233986398278e-01 -7.72892544245889e-01 -3.99562697339460e-01 -2.95991319939482e+00
  5.21897444126146e+04 -5.55031689852380e-01 -2.30685567744949e+00  5.92849258066232e-01 -1.95329482356156e+00
  5.21934726508287e+04 -6.40999669042408e-01 -1.87037669502096e+00  8.47265920659701e-01 -1.99707784581311e+00
  5.21972008871654e+04 -7.61994091978352e-01 -2.32830851917728e+00  1.49160011952114e+00 -3.51461356382505e+00
  5.22009291248667e+04 -1.22313583647868e+00 -2.56272267016363e+00 -2.05473335073136e-01 -1.68109060051224e+00
  5.22046573620418e+04 -1.95327547786720e+00 -1.56500500058855e+00  4.84524615770706e-01 -4.51769299743232e+00
  5.22083856009492e+04 -8.43354784235286e-01 -2.86915265373185e+00 -6.46340413760649e-02 -3.24796210944697e+00
  5.22121138397650e+04 -3.38771605689899e+00 -4.06205853779805e+00 -9.57605953781489e-01 -6.38670944457875e+00
  5.22186875000291e+04  0.00000000000000e+00  0.00000000000000e+00  0.00000000000000e+00  0.00000000000000e+00
  5.22200000003866e+04  0.00000000000000e+00  0.00000000000000e+00  0.00000000000000e+00  0.00000000000000e+00
  5.22237282384665e+04 -2.70164866499421e+00 -3.94722053894383e+00  7.32794795773596e-01 -2.82025796067997e+00
  5.22274564790914e+04 -2.59183753793914e+00 -2.86643784340550e+00 -1.88695470418147e-01 -3.10475233244875e+00
  5.22311847183681e+04 -2.63489594801532e+00 -3.42611708929317e+00  6.14745768175855e-01 -2.05158810931604e+00
  5.22349129592338e+04  0.00000000000000e+00  0.00000000000000e+00  0.00000000000000e+00  0.00000000000000e+00
  5.22386411994585e+04 -2.88009140042992e+00 -2.52872016852286e+00 -4.65140407302656e-01 -3.57213820451253e+00
  5.22423694396595e+04 -3.21527670945622e+00 -3.54081514372476e+00  3.89039612598262e-01 -3.88891521096132e+00
  5.22460976815904e+04 -3.01449950056741e+00 -4.40746942983102e+00 -1.26684490246772e+00 -5.04868587232223e+00
  5.22498259227721e+04 -3.35964252691954e+00 -4.06690746357583e+00 -3.81224322674749e-01 -2.90861225092919e+00
  5.22535541654237e+04 -2.01341849620126e+00 -3.14929808206248e+00 -6.04109078220793e-01 -3.41679109843866e+00
  5.22572824069863e+04 -2.70384142043906e+00 -2.46533055654854e+00  6.03354175778149e-02 -3.82193789316629e+00
  5.22610106485685e+04 -2.44935148862440e+00 -1.99928250676327e+00 -1.15138816173714e+00 -2.37640420685647e+00
  5.22647388921238e+04 -3.76975621107303e+00 -3.08012345146561e+00 -3.43228773041714e-01 -3.28397339053307e+00
  5.22684671344480e+04 -2.30710812157714e+00 -3.00392085070048e+00 -2.10617694771355e-01 -2.58027080880920e+00
  5.22721953767513e+04 -1.89219951652188e+00 -2.99333543409601e+00 -4.59416641841333e-01 -3.97462623265743e+00
  5.22759236210716e+04 -2.01496957179315e+00 -1.44679138792181e+00 -6.29163837506259e-01 -4.59897645065720e+00
  5.22796518640708e+04 -2.84060999885227e+00 -2.24996090035825e+00 -5.54405140963357e-01 -2.44348065223433e+00
  5.22833801074191e+04 -2.82736067167123e+00 -2.43357867574184e+00 -2.55752254540759e-01 -4.88496862902695e+00
  5.22906250006377e+04  0.00000000000000e+00  0.00000000000000e+00  0.00000000000000e+00  0.00000000000000e+00
  5.22909791668705e+04 -2.85004682570991e+00 -1.28039193154638e+00 -8.65056523112947e-01 -4.29533005320328e+00
  5.22947074099965e+04 -3.50066731979271e+00 -1.93928316377774e+00  6.95739758333133e-01 -3.29847017327557e+00
  5.22984356532778e+04 -2.79796446371304e+00 -4.11790473057944e+00 -2.07894749761399e+00 -3.62651294083065e+00
  5.23021638964097e+04 -3.46205640528873e+00 -2.92689988014967e+00 -1.00216015645662e+00 -2.27405207614823e+00
  5.23058921412292e+04 -1.14675743479684e+00 -3.30205675378579e+00  8.63637487344883e-01 -9.72218530317062e-01
  5.23096203838263e+04 -3.39630977613737e+00 -1.18339790041581e+00 -1.23291447712895e+00 -1.72892829958357e+00
  5.23133486272152e+04 -2.85868906701498e+00 -3.00031863457434e+00 -3.09909637222518e-01 -2.32291687211775e+00
  5.23170768706330e+04 -4.05490584439515e-01 -2.45816873930679e+00 -1.77443452731261e-01 -3.39130503586347e+00
  5.23208051139422e+04 -3.27599340463745e-01 -2.17750330309757e+00 -2.79807395691361e-01 -1.86593480567648e+00
  5.23245333573670e+04 -2.40202537658593e+00 -2.17606471037771e+00 -4.92532588904133e-01 -3.83188525448383e+00
  5.23310833333993e+04  0.00000000000000e+00  0.00000000000000e+00  0.00000000000000e+00  0.00000000000000e+00
  5.23314319452801e+04  0.00000000000000e+00  0.00000000000000e+00  0.00000000000000e+00  0.00000000000000e+00
  5.23351601865557e+04 -2.59436085337803e+00 -1.09768244127009e+00  6.08974286710639e-01 -2.17379510231431e+00
  5.23388884279237e+04 -1.17408728151963e+00 -1.64325069420848e+00  1.89855244135555e-01 -2.12529589772306e+00
  5.23426166692837e+04 -1.10785561369872e+00 -1.17066639915859e+00  1.21492015126402e+00 -2.77377187898620e+00
  5.23463454437963e+04 -2.43673317553858e+00 -1.87010559954492e+00 -1.31752463740525e+00 -3.50171691169032e+00
  5.23500736851830e+04 -3.91868020863144e+00 -3.00255097841906e+00 -4.87231904096983e-01 -1.20319965739984e+00
  5.23538019251796e+04 -2.13535555017304e+00 -1.41052720523110e+00  1.08862438841551e+00 -1.72175190332704e+00
  5.23575301658831e+04 -1.56690916373861e+00 -2.12875205411716e+00 -1.03140660889741e+00 -2.57016650678015e+00
  5.23612584067327e+04 -1.25181618986739e+00 -2.50521489118199e+00 -1.06391047873289e+00 -1.58219241637524e+00
  5.23649866475621e+04 -7.92242893373602e-01 -1.52239793831529e+00  4.00864935359598e-01 -2.14101182448107e+00
  5.23687148867256e+04 -2.08722756165081e+00 -1.70667140325549e+00 -1.34634687195889e+00 -1.76680604615669e+00
  5.23724431268555e+04 -2.41286293143003e+00 -2.34149339870739e+00 -8.96358377253265e-01 -3.76603183666574e+00
  5.23761713670463e+04 -1.51782450533829e+00 -3.24298718342327e+00 -1.21288523412024e+00 -2.89154686467757e+00
  5.23798996071354e+04 -3.00806551605534e+00 -2.06886912072037e+00 -6.41773249550813e-02 -2.75727156829503e+00
  5.23836278454978e+04 -5.29768879628234e-01 -2.10836994712725e+00  6.86738072946450e-02 -2.57156168114254e+00
  5.23873560850139e+04 -7.48437141384889e-01 -1.54872721806230e+00 -1.37422680252061e-01 -4.34544771779232e+00
  5.23910843245219e+04 -2.08662600285127e+00 -5.00111508771644e-02  3.74442025449705e-02 -2.02467606496999e+00
  5.23948125638634e+04 -1.65489542094451e+00 -1.43591084404431e+00 -5.34949298245444e-01 -3.42743299701890e+00
  5.23985408019004e+04 -1.36251080585071e+00 -2.20618147522048e+00 -1.13499235736987e+00 -2.13607373258291e+00
  5.24025833334432e+04  0.00000000000000e+00  0.00000000000000e+00  0.00000000000000e+00  0.00000000000000e+00
  5.24030000000625e+04 -9.01742230078335e-01 -2.96541540981095e+00  4.06031725203763e-01 -4.21495241396949e+00
  5.24067282394317e+04 -2.14427380896726e+00 -1.71598178416642e+00 -1.16748861204930e-01 -4.33158264767646e+00
  5.24104564765857e+04 -1.74176202831939e+00 -2.62833516635348e+00 -1.17827485652277e+00 -3.33331538493075e+00
  5.24141847149456e+04 -1.57247506288735e+00 -3.50801894159123e+00  5.36117970561742e-01 -3.47505870401888e+00
  5.24179129531945e+04 -2.25452156410265e+00 -2.77790866455261e+00  2.72175083824024e-01 -2.17499018578303e+00
  5.24216411914606e+04 -2.19211328859259e+00 -3.74131491150046e+00  6.97287049317447e-02 -5.38741886086400e+00
  5.24253694287349e+04 -2.08521001928058e+00 -2.52736324693087e+00 -6.68381108050307e-01 -3.76208268977145e+00
  5.24290976669918e+04 -2.57197922526471e+00 -2.15443063611544e+00 -2.68985303325401e-01 -3.41854736281200e+00
  5.24328259041668e+04 -1.99405974555341e+00 -2.14970900949233e+00  4.55265998666216e-01 -1.89389125291513e+00
  5.24365541420325e+04 -2.22560084029783e+00 -1.53879026134374e+00 -1.42792619097773e-01 -4.42649256376240e+00
  5.24402823800278e+04 -1.34556183089192e+00 -3.49975451261205e+00 -3.35141247287731e-01 -3.65143687364789e+00
  5.24440106186989e+04 -3.42241914104881e+00 -2.79029085791148e+00 -4.50392657454008e-01 -3.41470819501359e+00
  5.24477388564212e+04 -1.18311229791075e+00 -2.01388990916700e+00 -2.14519456847779e+00 -2.75912021165132e+00
  5.24514670942081e+04 -1.99176247609839e+00 -1.74821716370700e+00  2.43740530663626e+00 -2.88799535355114e+00
  5.24551953321051e+04 -1.37026127060610e+00 -3.03552365942930e+00  2.25217843435950e-01 -2.24398305071431e+00
  5.24589235701482e+04 -2.56834312425273e+00 -1.93015129123598e+00  3.15007927762028e-01 -4.14574739362868e+00
  5.24626518080290e+04 -2.67400064630773e+00 -2.52696412896296e+00 -1.99622214675615e-01 -2.49605112848914e+00
  5.24663800463357e+04 -2.16540675346334e+00 -1.45555120776084e+00  2.66713929033718e-01 -2.63091566948513e+00
  5.24701082845033e+04 -3.85012076204232e+00 -3.61167770365424e+00 -1.90452205881939e-01 -2.34640652133750e+00
  5.24738365227226e+04 -2.83582408152538e+00 -2.57638178401609e+00 -3.64614083048562e-01 -3.10506858408455e+00
  5.24775647610486e+04 -1.53238872136249e+00 -2.85983402665946e+00 -8.91120008893057e-01 -3.95097131115733e+00
  5.24812929993751e+04 -1.90556997754506e+00 -2.37287757913610e+00 -3.28161336784105e-01 -3.81582017945001e+00
  5.24856222230941e+04  0.00000000000000e+00  0.00000000000000e+00  0.00000000000000e+00  0.00000000000000e+00
  5.24860416675244e+04 -1.09695446428628e+00 -8.63475297990694e-01 -7.96177656655784e-01 -2.07018762862340e+00
  5.24897699064444e+04 -2.06980838883034e+00 -1.82148234799033e+00 -6.98978080858408e-01 -4.48854186994307e+00
  5.24934981452383e+04 -9.07226792946311e-01 -2.30798468815860e+00 -8.10342670519597e-01 -1.82744175178176e+00
  5.24972263845592e+04 -1.92700594071812e+00 -2.97244160509919e-01  2.87259390128993e-02 -4.29102555261367e+00
  5.25009546240938e+04 -5.60460186203517e-01 -1.58925628727362e+00 -5.58176874564341e-01 -2.97868450155529e+00
  5.25046828637420e+04 -2.00182525669919e+00 -2.48481264877854e+00 -7.25120074262994e-01 -2.22930091070419e+00
  5.25084111030511e+04 -4.93646201717781e-01 -3.12519251454199e+00  1.19457516981067e-01 -1.22172763250793e+00
  5.25121393429733e+04 -1.27261049115154e+00 -5.99874169934501e-01 -6.50280504889954e-01 -3.42011077739829e-01
  5.25158675834341e+04 -1.49195767813095e+00 -1.40492189842333e+00  5.54242153019459e-01 -9.60411654019773e-01
  5.25195958241482e+04 -8.41980682973619e-01 -1.61663742628877e+00  8.09720999491597e-01 -1.97813605038700e+00
  5.25233240649617e+04 -1.20709895910782e+00 -1.56164951018798e+00 -3.44118070320190e-01 -3.45113630358738e+00
  5.25270523062860e+04 -1.50827957393554e+00 -2.90192195598595e+00  3.25713729210485e-01 -1.97232473932058e+00
  5.25307805478415e+04 -1.03020381347833e+00 -2.45378817243811e+00 -1.43368456059392e+00 -1.41060782782651e+00
  5.25345087894956e+04 -1.26531905799718e+00 -1.83229737588876e+00  3.82810166319745e-01 -1.77056909219679e+00
  5.25382370321655e+04 -2.21169113581962e+00 -1.80765463707705e+00  7.75673576803868e-01 -3.32966276560970e+00
  5.25419652742176e+04 -2.65348904596301e+00 -1.70401815763519e+00  8.04629741436589e-01 -2.61656314994700e+00
  5.25456935170960e+04 -7.32380849437384e-01 -2.42280257761015e+00 -6.61835051528129e-02 -2.91741044783233e+00
  5.25494217600163e+04 -2.22221449591914e+00 -2.76786821502347e+00 -9.54749534394885e-01 -3.05240325972353e+00
  5.25531500037061e+04 -1.78280148885946e+00 -3.26374795802046e+00 -7.20368513615759e-01 -1.48231019421502e+00
  5.25568782474317e+04 -2.85407940122762e+00 -3.27384330340802e+00 -1.41659963273171e+00 -4.84456124471367e+00
  5.25606064916724e+04 -2.31550521096032e+00 -1.64750784270685e+00  1.30993814777553e+00 -1.60131340445336e+00
  5.25643347360701e+04 -2.88107157185735e-01 -1.97203351651218e+00  7.08426591140742e-01 -2.77848708231248e+00
  5.25680629809515e+04 -1.32239017404398e+00 -1.70219630063580e+00  1.34385197437984e-01 -3.18697462209207e+00
  5.25717912263321e+04 -4.44303644068214e-01 -1.34074022373448e+00 -1.72543067081205e-01 -3.23800296586584e+00
  5.25755194716573e+04 -1.95205466516421e+00 -1.80708848897010e+00  6.39300158347295e-01 -2.35099225071796e+00
  5.25792477174966e+04 -2.22743470425037e+00 -2.06722648763492e+00 -1.04534503823833e-01 -3.25820365439114e+00
  5.25837534723345e+04  0.00000000000000e+00  0.00000000000000e+00  0.00000000000000e+00  0.00000000000000e+00
  5.25841701397489e+04  0.00000000000000e+00  0.00000000000000e+00  0.00000000000000e+00  0.00000000000000e+00
  5.25878983861064e+04 -9.59033416924386e-01 -2.83454452182059e+00  5.83568794004920e-01 -3.47352981583927e+00
  5.25916266333611e+04 -2.99995601083497e+00 -8.04445024186121e-01 -1.97648971608381e-01 -2.98410308460623e+00
  5.25953548807548e+04 -2.23031045396880e+00 -3.36502970850284e+00  3.82021308211718e-01 -2.28405605592812e+00
  5.25990831280567e+04 -2.31687259227054e+00 -2.02722980029066e+00  5.07591559755649e-01 -2.98924340075628e+00
  5.26028113759826e+04 -1.13868175509096e+00 -3.36996867867787e+00  1.98743633810253e+00 -3.92165675918834e+00
  5.26065396240590e+04 -1.92294394842284e+00 -3.95081955565441e+00  8.48665070699972e-01 -2.52741515681087e+00
  5.26102678727603e+04 -1.27234117910958e+00 -4.10947556417507e+00  8.05031175607275e-01 -3.10885695057693e+00
  5.26139961216850e+04 -1.82436176525494e+00 -3.83671868746344e+00  6.12938635894234e-01 -4.37689268017306e+00
  5.26177243702362e+04 -3.43341118279126e+00 -1.41254224617715e+00  4.52552046632163e-01 -2.23311241785783e+00
  5.26214526189282e+04 -2.01078283137538e+00 -2.03864413092242e+00  4.67152868906559e-01 -2.16959356037624e+00
  5.26251808682280e+04 -2.00422155273442e+00 -1.93469329434590e+00 -1.78814673023733e+00 -3.41407628968700e+00
  5.26289091173854e+04 -1.96878909741159e+00 -1.37964020380033e+00  2.87495591138502e-01 -4.82253677933876e+00
  5.26326373670115e+04 -2.55390800951260e+00 -3.32661256799623e+00 -6.49838418908549e-01 -4.46213546657911e+00
  5.26363656168773e+04 -1.32278588547590e+00 -1.88907552030705e+00  2.01442220201194e-01 -2.65377051718025e+00
  5.26400938668259e+04 -2.33035550790880e+00 -3.93058016415816e+00 -2.67131521031012e-01 -1.12861319550108e+00
  5.26438221163124e+04 -7.52783620233697e-01 -2.40086285927389e+00  4.54808310281230e-01 -3.98725907725239e+00
  5.26475503659920e+04 -1.63717900878863e+00 -2.26014434939334e+00  4.98040680132557e-01 -2.64048252097516e+00
  5.26512786158798e+04 -2.54090381359568e+00 -4.28266712442496e+00 -8.54099400633519e-02 -3.06148327455903e+00
  5.26550068659445e+04 -2.22116959941043e+00 -1.17210856436290e-01  3.10553137680364e-01 -3.61769073742787e+00
  5.26587351156539e+04 -1.38329285590176e+00 -9.90172911411909e-01  1.88934545206783e-01 -4.74587141803232e+00
  5.26624633655925e+04 -2.03932219694127e+00 -4.60472292868031e-01  7.04873788666183e-01 -3.25358448279594e+00
  5.26661916156413e+04 -1.75267481965061e+00 -2.02541915874954e+00 -5.76583744592597e-01 -2.80909263994045e+00
  5.26699198654307e+04 -2.12006965277906e+00 -2.36779306816211e+00 -1.67086382727349e+00 -2.39616148791120e+00
  5.26736481151680e+04 -2.04223620468033e+00 -3.08527229036517e+00 -1.28205115261423e+00 -7.33559090986856e-01
  5.26773763648982e+04 -1.33267004001586e+00 -1.86516097370276e+00 -3.78465373146264e-01 -2.48155223364205e+00
  5.26811046147626e+04 -1.89329999304827e+00 -2.74287715777675e+00  1.46960222887620e+00 -1.71415385154286e+00
  5.26848328644617e+04  1.35549048371388e+00 -1.18396880327678e+00  6.49000837116497e-01 -2.59855267280356e+00
  5.26885611139423e+04 -1.10895080144886e+00 -1.22641688737685e+00  1.59350532613229e+00 -1.43379848543424e+00
  5.26922893634259e+04 -1.47587393312749e+00 -2.08228235681308e+00  9.65721802301607e-01 -1.41051418745298e+00
  5.26960176121805e+04 -8.19867119177293e-01 -1.33768706601405e+00  3.44319222908402e-01 -2.05045418645372e+00
  5.26997458612754e+04 -8.88773243132296e-01 -2.25973668012466e+00  2.28873486348002e+00 -4.13255396398315e-01
  5.27034741103102e+04 -2.11439634471252e+00 -2.07603484462698e+00  1.64685212631660e+00 -2.10694678099865e+00
  5.27105243062604e+04  0.00000000000000e+00  0.00000000000000e+00  0.00000000000000e+00  0.00000000000000e+00
  5.27109687506251e+04 -1.62041336839004e+00 -2.31696241465192e+00 -9.62777668471010e-01 -2.32225717863456e+00
  5.27146969988937e+04 -1.79045221781322e+00 -8.39488294401324e-01  4.97165753048027e-01 -1.08357270057354e+00
  5.27184252469372e+04 -1.39378690974381e+00 -1.37178110803932e+00  1.23672615731730e-01 -1.61882042839018e+00
  5.27221534948681e+04 -3.40895898351640e-01 -1.71023420459996e+00 -2.95141427017902e-01 -3.64365471259756e-01
  5.27258817421399e+04 -2.77303797118008e+00 -2.02033733088837e+00 -1.90732621704153e-01 -2.12560926305945e+00
  5.27296099896597e+04 -6.18586683843539e-01 -1.91710511646109e+00  5.85719492879730e-01 -1.79351326675147e+00
  5.27333382370183e+04 -1.85756199094162e+00 -2.20356385042536e+00  9.00763546610468e-01 -1.33652322554010e+00
  5.27370664842964e+04 -1.70482098832313e+00 -1.83775110071288e+00 -6.50392245528281e-01 -2.04550255576178e+00
  5.27407947308785e+04 -1.91024180157219e+00 -1.09287051966569e+00 -5.41597970274133e-01 -1.44174876487240e+00
  5.27445229778971e+04 -1.80046113350751e+00 -1.62317393822062e+00  6.46164579576888e-01 -2.49839528609217e+00
  5.27482512241632e+04 -1.90309151921376e+00 -1.37694419492531e+00 -1.14671107911249e+00 -2.46749597197142e+00
  5.27519794701100e+04 -1.81822604652658e+00 -1.64929909393554e+00 -5.73513625695269e-01 -1.40952392032441e+00
  5.27557077160625e+04 -3.42472213902123e+00 -3.99429404827587e+00  1.06113676105792e+00 -4.31208261440235e+00
  5.27594359619791e+04 -1.32766840350206e+00 -2.18700455517896e+00  3.35149189248982e-01 -3.49565113420425e+00
  5.27631642074339e+04 -2.31514175080819e+00 -1.79587380127685e+00  9.06698008798299e-01 -1.98198702339602e+00
  5.27668924532698e+04 -2.79946161608944e+00 -2.45774216215319e+00  1.21639024704430e+00 -3.13188360808029e+00
  5.27706206984282e+04 -1.80921906928833e+00 -1.28927372150344e+00  4.69021323973583e-01 -2.59329327519292e+00
  5.27743489435764e+04 -2.71065524978668e+00 -2.15608503798949e+00  1.58926112615483e+00 -2.80283558158868e+00
  5.27780771884849e+04 -1.94106683969966e+00 -2.36466949335967e+00 -6.48041047534808e-01 -3.23269501834893e+00
  5.27842805563626e+04  0.00000000000000e+00  0.00000000000000e+00  0.00000000000000e+00  0.00000000000000e+00
  5.27844027786088e+04 -2.08325303696804e+00 -2.21086691038158e+00  2.55110356823942e-01 -2.54834712540796e+00
  5.27881310232478e+04 -2.12191581627358e+00 -2.85331674162696e+00 -2.80775995989577e-01 -2.78013882432289e+00
  5.27918592680822e+04 -1.74514370680809e+00 -1.99891684064923e+00 -8.16183934668571e-01 -2.46823661687122e+00
  5.27955875126842e+04 -2.11947966954255e+00 -2.44824679667465e+00 -6.46253267291504e-01 -3.06570089102145e+00
  5.27993157572732e+04 -1.30399418719386e+00 -3.57765112577677e+00  1.05281229284605e+00 -4.21697631766882e+00
  5.28030440014165e+04 -2.19979391654721e+00 -4.18283211777391e+00  2.38495809192504e+00 -2.80429181021698e+00
  5.28067722459874e+04 -4.21417414265643e-01 -2.88905992062599e+00  3.12608112055498e-02 -2.32360313221394e+00
  5.28105004902533e+04 -1.99328445671142e+00 -4.05598938563806e+00  9.70566505722473e-01 -2.80834730958219e+00
  5.28142287348231e+04 -3.14584634346704e+00 -3.78428432901058e+00 -4.31331629050656e-01 -2.38727951540401e+00
  5.28179569794535e+04 -1.70834655667383e+00 -2.14350963243135e+00  3.08617078967906e-02 -2.93866238722428e+00
  5.28216852238264e+04 -2.29609838114075e+00 -2.06997422959857e+00 -1.61882788631646e-01 -1.89813603825645e+00
  5.28254134681968e+04 -1.62892989217925e+00 -2.18239008522594e+00  7.81533741835800e-01 -2.24611603746785e+00
  5.28291417126077e+04 -9.68743286616085e-01 -2.00226765940458e+00  9.97586248100824e-01 -3.04883558025649e+00
  5.28328699572778e+04 -2.80736351815935e+00 -2.59438120706487e+00  1.02578547179240e+00 -2.57519034876750e+00
  5.28365982017326e+04 -1.15602268910520e+00 -4.42146688614020e+00  2.43484738376816e-01 -1.98159992245393e+00
  5.28403264464155e+04 -1.64145509031145e+00 -2.35985830965995e+00  6.13525807108746e-01 -3.68460126580188e+00
  5.28440546913483e+04 -1.95335750092854e+00 -1.48001543489698e+00  4.04753808642998e-01 -9.54860469371279e-01
  5.28477829362940e+04 -2.03420962860231e+00 -1.09625819790257e+00 -2.41581186486351e-01 -3.39673935244137e+00
  5.28515111814664e+04 -5.42375003968872e-01 -3.97007617730944e+00 -3.37226771173029e-02 -1.90392762662593e+00
  5.28552394266678e+04 -2.48966086811204e+00 -2.49000475280284e+00  5.88974567500534e-02 -3.32298012444513e+00
  5.28616458338831e+04  0.00000000000000e+00  0.00000000000000e+00  0.00000000000000e+00  0.00000000000000e+00
  5.28640500002661e+04  0.00000000000000e+00  0.00000000000000e+00  0.00000000000000e+00  0.00000000000000e+00
  5.28677782463252e+04 -1.63553579572843e+00 -1.78675828462387e+00 -2.31312784820669e+00 -1.25428555576688e+00
  5.28715064921828e+04  9.62677707982799e-02 -2.45447583211753e+00  2.29519296063514e-01 -2.20182699548331e+00
  5.28752347380728e+04 -4.51232371662984e-01 -3.45980981937417e+00 -3.57400694181410e-01 -5.88291937102521e-01
  5.28789629845798e+04 -7.22714813020511e-01 -2.69386199321141e+00 -7.48974504535112e-01 -1.98393409845286e+00
  5.28826912314675e+04 -1.48545063568857e+00 -9.85326693745992e-01  1.85421228303239e+00 -2.47850202104048e+00
  5.28864194783946e+04 -2.29865693398895e+00 -2.32648335841997e+00 -2.28480131740377e-01 -1.52172199294568e+00
  5.28901477258496e+04  2.56446259648076e-01 -1.05887980750340e+00 -9.08149467572783e-01 -2.84002499425891e+00
  5.28938759731133e+04 -1.15558549386490e+00 -8.25444096571417e-01  3.23500602926491e-02 -8.46678749226358e-01
  5.28976042206586e+04 -8.56460732939970e-01 -2.05383647356372e+00  5.60770470320668e-02 -2.74088241243491e+00
  5.29013324691480e+04 -9.48511074107455e-01 -5.17428634574803e-01  1.94890672629298e+00 -1.21336782683890e+00
  5.29050607172223e+04 -1.22662374614459e+00 -2.60629901211118e+00  4.61607058278042e-01  1.65640756784247e-01
  5.29087889662813e+04 -1.58581532523592e+00 -1.78878078214627e+00  5.30255579027050e-01 -2.36285412267911e+00
  5.29125172149849e+04 -9.15289603102820e-01 -8.58968713027606e-01  1.11826946340931e+00 -7.86589668603015e-01
  5.29162454641355e+04 -1.09064979179099e+00 -2.34580180235610e+00  3.08078192373320e-01 -3.04752493538964e+00
  5.29199737135832e+04 -2.89832635047582e-01 -1.63900007024952e+00  1.03020139948458e+00 -2.09317934043907e+00
  5.29237019635197e+04 -1.53029476090097e+00 -1.37638701831251e+00  1.66408531784503e+00 -7.86124271549288e-01
  5.29274302138241e+04 -2.72583464039110e+00 -2.38435801466692e+00  4.76245893625031e-01 -5.94145829267994e-01
  5.29311584640753e+04  2.16362730679588e-01 -1.52542918804047e+00  4.09234327680894e-01 -1.25774057140838e+00
  5.29348867147976e+04 -1.32649236150052e+00 -2.59987308494913e+00  1.57387680598072e-01 -3.37279637296954e+00
  5.29409479171836e+04  0.00000000000000e+00  0.00000000000000e+00  0.00000000000000e+00  0.00000000000000e+00
  5.29411805560647e+04  0.00000000000000e+00  0.00000000000000e+00  0.00000000000000e+00  0.00000000000000e+00
  5.29449088066563e+04 -2.73574911033721e+00 -1.89469279092457e+00 -1.52469999691217e+00 -2.36859223076880e+00
  5.29486370585787e+04 -2.91101785010236e+00 -3.15849560627553e+00  1.10701364695729e+00 -4.63102588219301e+00
  5.29555659730705e+04  0.00000000000000e+00  0.00000000000000e+00  0.00000000000000e+00  0.00000000000000e+00
  5.29560000001954e+04 -2.14547173097821e+00 -1.50443836650470e+00  1.97728232935544e+00 -1.80191982398572e+00
  5.29597282524491e+04 -1.20157760109159e+00 -3.29442466474166e+00  5.13249142810769e-02 -2.07114696355524e+00
  5.29634565048934e+04 -2.64967793293772e+00 -9.32121827346407e-01  4.84416515410792e-01 -2.99052549312059e+00
  5.29671847584781e+04 -2.19735359168789e+00 -1.58514985930384e+00  5.54126928453741e-01 -9.10002008968622e-01
  5.29709130114583e+04 -1.12311270784983e+00 -2.58636179640215e+00  1.00164279290994e+00 -3.18741455829250e+00
  5.29746412646610e+04 -2.59005843199317e+00 -2.11712176120930e+00  8.00750607571806e-01 -2.59702682263715e+00
  5.29783695185116e+04 -1.81464645081473e+00 -2.29426056432171e+00 -7.63898809766302e-01 -1.11955529503937e+00
  5.29820977723612e+04 -1.62469048755091e+00 -1.83938953956043e+00  1.00815518350342e+00 -2.07388238828466e+00
  5.29858260261875e+04 -1.89348396373080e+00 -1.94015570961785e+00  1.52298083937011e-01 -2.60912285041363e+00
  5.29895542800278e+04 -1.74835303022778e+00 -2.59873815882364e+00  9.35269583888902e-01 -3.64433138489168e+00
  5.29932825340949e+04 -8.95459478449088e-01 -1.29428443554207e+00  2.15678823604372e+00 -2.23411296372546e+00
  5.29970107881642e+04 -1.72092298620164e+00 -4.67412718416069e+00 -5.27871384007883e-01 -1.96383075928741e+00
  5.30007390422385e+04 -1.79037686418226e+00 -2.89790935818763e+00 -5.22905098974737e-01 -2.68159847404968e+00
  5.30044672972860e+04 -3.09080613440914e+00 -4.25964947883069e+00  9.13037624109559e-01 -3.00428573834546e+00
  5.30081955519584e+04 -7.61050266621918e-01 -1.90754563136531e+00  5.71885790037615e-01 -2.55935914738235e+00
  5.30119238060950e+04 -1.95333349333381e+00 -1.31074853012980e+00  1.07805923005471e+00 -2.43932776651749e+00
  5.30156520601888e+04 -1.92171936848648e+00 -2.63548469602388e+00  1.72174741346618e+00 -1.79281400663496e+00
  5.30193803158125e+04 -1.10264442156811e+00 -3.08856197359566e+00  8.25657950443434e-01 -1.82391253129488e+00
  5.30231085701992e+04 -2.88862103008714e+00 -3.01234524546883e+00  1.17203987332985e+00 -1.74563650836273e+00
  5.30268368250626e+04 -1.67862644807708e+00 -2.29507166953348e+00  1.50590982242251e+00 -2.16451765872714e+00
  5.30305650798239e+04 -1.25648146807814e+00 -1.95613681603380e+00  7.77423465005398e-01 -2.49277129871198e+00
  5.30342933339490e+04 -3.01484477772293e-01 -5.57574034123224e-01  2.34976788414230e-01 -1.75792091048549e+00
  5.30380215883969e+04 -2.87239713498614e+00 -1.51811283980449e+00  8.84786155549661e-01 -1.92468576764723e+00
  5.30417498428670e+04 -1.38314944312227e+00 -2.63274717720117e+00  1.03691658555065e-01 -3.03077113297404e+00
  5.30454780969527e+04 -2.45537715887330e+00 -9.29490359875790e-01  1.06160198883337e+00 -2.04384494782391e+00
  5.30492063511874e+04 -2.70136778908144e+00 -2.40977500266463e+00 -1.13781720031799e+00 -1.40184347029117e+00
  5.30529346052096e+04 -6.77127920299287e-02 -4.42379425737647e-01  2.79146500049815e-01 -2.62121487966081e+00
  5.30566628592582e+04 -4.01538669634057e-01 -2.01108185296553e+00 -1.76992961154027e-01 -6.93823921682728e-01
  5.30603911132177e+04 -8.53063311703270e-01 -1.02946856227407e+00  1.39596804269205e+00 -1.86083697130141e+00
  5.30641193666887e+04 -9.56018159834799e-01 -1.57440416204864e+00  1.62717469903087e+00 -6.40178756536656e-01
  5.30678476201424e+04 -1.66915593153466e-01 -2.46595211492643e+00 -1.50703290994541e+00 -2.56798234920607e+00
  5.30735833336862e+04  0.00000000000000e+00  0.00000000000000e+00  0.00000000000000e+00  0.00000000000000e+00
  5.30740416674825e+04  0.00000000000000e+00  0.00000000000000e+00  0.00000000000000e+00  0.00000000000000e+00
  5.30777699204342e+04 -2.09257555820760e+00 -1.40455455851380e+00  8.93196666032783e-01 -2.46668434071208e+00
  5.30814981732038e+04 -1.31195302742550e+00 -8.70948000886382e-01  8.31578702868835e-01 -1.63818090207883e+00
  5.30852264257881e+04 -1.57767633743016e+00 -1.85439932045402e+00 -3.94330613278368e-01 -3.59907735055357e+00
  5.30889546781944e+04 -1.35190367329750e+00 -2.19946129356099e+00  3.20616731558560e-01 -1.37345742254036e+00
  5.30926829303149e+04 -1.09472218877386e+00 -6.46748648741144e-01  8.88690456764499e-01 -1.69540053735922e+00
  5.30964111821632e+04  1.70873181465756e-02 -1.53081165432741e+00  7.56474208897260e-02 -2.12055260860553e+00
  5.31001394339606e+04  8.61951945220548e-02 -2.43322132143235e+00  6.87573754463081e-01 -1.85806894886906e+00
  5.31038676855476e+04 -1.16412149690742e+00 -2.04663472364799e+00  1.64653419398125e+00 -1.70761154656615e+00
  5.31075959368911e+04 -1.27579199304813e+00 -4.88852898941513e-01 -7.43806701519870e-01 -2.09580284206603e+00
  5.31113241879792e+04 -1.02349208188042e+00 -1.18180953462012e+00  1.75555204565071e+00 -1.87326689463853e+00
  5.31150524390521e+04 -1.83530239560072e+00 -1.02954158273698e+00 -3.03064422299430e-01 -2.36677035970804e+00
  5.31187806896215e+04 -3.98489113419225e-01 -2.35717862999937e+00  6.33910705571856e-01 -2.59823141174166e+00
  5.31225089401666e+04 -1.63064057321403e+00 -2.77297538585223e+00  1.41553434763826e+00 -3.02497857522370e-01
  5.31262371905185e+04 -3.04491416569992e-01 -1.97992304198691e+00  8.83648552239812e-01 -3.01937387084327e+00
  5.31299654406287e+04 -1.28616673671321e+00 -1.50179948936127e+00  7.69195585573230e-01 -1.29596458361505e+00
  5.31336936906748e+04 -1.18527898186508e+00 -2.33870424872640e+00  1.57710666436003e-01 -2.20445514606138e+00
  5.31374219404953e+04 -9.15262317483651e-01 -4.20521920082632e-01  1.48991306349488e+00 -4.50226860280572e+00
  5.31411501902940e+04 -2.39536020932214e+00 -2.11459446129132e+00  6.69751212528731e-01 -2.75579522760329e+00
  5.31448784398067e+04 -1.95934913151358e+00 -2.71106094604850e+00  1.56053287647720e+00 -1.98616152344135e+00
  5.31486066891490e+04 -2.74923139016098e+00 -1.42145563320860e+00 -2.18648144649040e-01 -3.32087346071649e+00
  5.31523349383370e+04 -2.07214605472332e+00 -1.50740204896429e+00  7.36795409265557e-01 -1.16375832257575e+00
  5.31560631873703e+04 -1.96717152034874e+00 -1.10036182225448e+00  2.33317655733236e+00 -2.68558213719698e+00
  5.31597914366550e+04 -1.29271362723837e+00 -1.41063833628832e+00  8.35041805474288e-01 -2.20313359609498e+00
  5.31635196856539e+04 -2.73242666226140e+00 -3.30355177923636e+00  1.93918850629105e+00 -2.90609855672669e+00
  5.31672479344388e+04 -2.12395315890290e+00 -2.38557013694695e+00  1.70464668187985e+00 -2.38191378125883e-01
  5.31709761834558e+04 -2.10145999773870e+00 -1.38554920800387e+00  6.98907103452269e-01 -2.36378115827337e+00
  5.31747044321760e+04 -1.30470696595152e+00 -2.94230399719279e+00  1.09918798409457e+00 -2.17646306803941e+00
  5.31784326807640e+04 -2.17045687760509e+00 -2.74791112949672e+00  1.12585587293989e+00 -2.01442892193250e+00
  5.31821609295498e+04 -2.23942236823387e+00 -1.60659308771888e+00  1.25680904566026e+00 -1.97725827836805e+00
  5.31858891783391e+04 -2.04873315175987e+00 -2.08221229151691e+00 -5.29670863590454e-01 -2.07440939727181e+00
  5.31896174271562e+04 -1.42310415327627e+00 -2.38832131431196e+00  1.28075208169055e+00 -2.01363805896297e+00
  5.31933456757698e+04  2.42679412828894e-02 -3.85648138784572e+00  2.15349783411816e+00 -1.90196380724735e+00
  5.31970739246239e+04 -2.31888552100527e+00 -1.01784431271655e+00 -2.72501251269247e-03 -3.44315303295362e+00
  5.32008021734918e+04 -1.68277826701559e+00 -2.10092469435178e+00  1.98718252376144e+00 -3.15004638961027e+00
  5.32045304223505e+04 -1.87687529599176e+00 -1.27686875742237e+00  1.60693412196603e+00 -2.18996949554134e+00
  5.32082586714005e+04 -1.13713463728683e+00 -2.28690333590020e+00  1.45507052740846e+00 -1.09808586313290e+00
  5.32119869204560e+04 -1.53649406899274e+00 -1.13563853636937e+00 -3.01034969299556e-01 -7.22317663398361e-01
  5.32157151695902e+04 -9.71495213079319e-01 -2.12123084748482e+00  9.94636528589920e-01 -2.46245307747665e+00
  5.32194434188716e+04 -1.69981055590862e+00 -2.03651852986687e+00  1.04275326537147e-01 -1.92181343992672e+00
  5.32231716684723e+04 -1.91955707501499e+00 -2.55945734566451e+00  6.69648665761757e-01 -1.57999494950121e+00
  5.32286736116699e+04  0.00000000000000e+00  0.00000000000000e+00  0.00000000000000e+00  0.00000000000000e+00
  5.32291250003379e+04 -1.88408504476653e+00 -1.33292704344790e+00  1.05583528665847e+00 -1.05808502881439e+00
  5.32328532502396e+04 -1.18498644638769e+00  6.68862797057650e-02 -6.98047949243678e-01 -9.31702102449756e-01
  5.32365815001758e+04 -2.67271991288579e+00 -8.18443745845530e-01  2.87568903283850e-01 -2.33398465849764e+00
  5.32403097506088e+04 -1.92481554628913e+00 -1.88128106946770e+00  2.48908930763423e-01 -5.73496174151917e-01
  5.32440380010682e+04 -2.93344139687432e+00 -7.54085549571808e-01  8.48643271808251e-01 -8.68530965118075e-01
  5.32477662517027e+04 -3.35314610844397e-02 -2.65944839087164e+00 -7.96353824079827e-01 -1.30763769111735e+00
  5.32514945024617e+04 -6.70954996356925e-01 -7.77260657691612e-01 -1.13619529398973e+00 -1.34601107455431e+00
  5.32552227537235e+04 -2.24624658704053e+00 -1.49954944197767e+00  1.20791878821519e+00 -2.70090035571517e+00
  5.32589510054641e+04  7.56807742769343e-01 -1.10867796629758e+00  4.21789037226229e-01 -1.53013315335746e+00
  5.32626792569897e+04 -1.37360248710495e+00 -7.69351786435139e-01 -8.74836744167145e-02 -2.48887906588404e+00
  5.32664075090480e+04 -7.12069906991956e-01 -2.56354000229495e+00  7.34002230697962e-01 -2.21502863462331e+00
  5.32701357613761e+04 -1.26798121486052e+00 -4.06415796854280e-01  2.49825491124748e-01 -1.30000768802900e+00
  5.32738640139167e+04 -1.46713607791956e+00 -8.59001019977967e-01  6.01490011335524e-01 -9.95240136083191e-01
  5.32775922665150e+04 -5.82007010306527e-01 -2.38129896393702e+00  6.62719451316583e-01 -2.49684967630589e+00
  5.32813205195242e+04 -2.70980707823916e+00 -7.15759873431069e-01 -4.68665100236129e-01 -1.13200294070678e+00
  5.32850487732105e+04  4.43704385092471e-01 -7.43681144943906e-01  6.06017262924613e-01 -5.94197916956403e-01
  5.32887770266712e+04 -2.83396822508448e-01  4.80235191575363e-01  9.17020669955576e-01 -1.61070519623403e+00
  5.32925052804318e+04 -3.61572545746691e-01 -2.26874244922976e+00 -6.53938177074212e-01 -1.78792774285315e+00
  5.32962335345718e+04 -1.09956768846641e+00 -1.10235324682212e+00  5.82871032875664e-01 -3.04748443672067e+00
  5.32999617889364e+04 -1.61997193967406e+00 -2.04593245226919e+00  6.37660406004281e-02 -1.22058661881377e+00
  5.33036900434559e+04 -2.48081813492380e+00 -1.52950298530138e+00  2.81156049430263e-01 -1.94869772419446e+00
  5.33074182985150e+04 -1.67182614887364e+00 -3.18450350828272e+00  1.82258373030971e+00 -2.96040607726720e+00
  5.33111465534446e+04 -1.70783988551047e+00 -2.17153551823374e+00  7.83938627318671e-01 -2.08367396903447e+00
  5.33148748087452e+04 -2.34771870955401e+00 -2.05800531651195e+00  1.18529884453853e+00 -1.62634506617146e+00
  5.33186030641238e+04 -5.09210165525540e-01 -1.52476655981221e+00  9.56974144283963e-01 -2.26006215483691e+00
  5.33223313200497e+04 -9.72294494250169e-01 -1.29385927855874e+00  1.41943459514023e+00 -8.69196732904380e-01
  5.33260595760338e+04 -4.96558681770833e-01 -9.11140733219210e-01  2.32320999028888e+00 -2.29725400405658e+00
  5.33297878323425e+04 -8.98583657466614e-01 -2.37302609179023e+00  1.55997134480338e+00 -2.55164564701386e+00
  5.33335160885869e+04 -2.47070836821594e+00 -2.04849428246486e+00  6.29679116010117e-01 -1.16604332066419e-01
  5.33372443450126e+04 -1.53053078088999e+00 -2.31885893606393e+00  9.52786063588550e-01 -3.44838985874594e+00
  5.33409726018645e+04 -1.76868890546179e+00 -1.81194366626728e+00  1.50156959317424e+00 -1.55270683734512e+00
  5.33447008610602e+04 -1.98243550350960e+00 -1.73102813418799e+00 -1.12076777551887e-01 -1.89204156663531e+00
  5.33484291157964e+04 -1.36600275577349e+00 -2.26388674125200e+00  1.36813989137877e+00 -2.93716620059406e+00
  5.33537361112801e+04  0.00000000000000e+00  0.00000000000000e+00  0.00000000000000e+00  0.00000000000000e+00
  5.33541875008611e+04 -1.24999734391749e+00 -7.52243063754529e-01  1.06595708769568e+00 -2.52459382184780e+00
  5.33579157581066e+04 -1.66840449782417e+00 -2.33664464983717e+00  1.28671764275765e+00 -1.83835863700441e+00
  5.33616440155917e+04 -1.46199045741978e+00 -2.98768730998217e+00 -1.37122127410991e-01 -9.86522935869216e-01
  5.33653722730522e+04 -1.51235299620705e+00 -2.36303721409684e+00  1.09607292915401e+00 -1.84225895203947e+00
  5.33691005307383e+04 -2.60338762674529e+00 -1.36006705225407e+00  3.22485450499320e-02 -2.47863280202760e+00
  5.33728287884026e+04 -2.36866857594996e+00 -2.32651425397921e+00  5.70497641071080e-01 -3.40681220448077e+00
  5.33765570458911e+04 -2.35601887896504e+00 -3.27422363238765e+00  2.68732094843228e+00 -1.74627235488845e+00
  5.33802853036271e+04 -2.32407080682795e+00 -2.03644858496341e+00  2.16692546213252e-01 -1.95184343992039e+00
  5.33840135613936e+04 -1.42023770115180e+00 -1.01983821613511e+00  2.11900907106316e+00 -2.18243155309858e+00
  5.33902500004677e+04  0.00000000000000e+00  0.00000000000000e+00  0.00000000000000e+00  0.00000000000000e+00
  5.33918333339862e+04 -1.85306892303726e+00 -1.19123383433406e+00  9.44096067240781e-01 -8.14281463353144e-01
  5.33955615912790e+04 -1.34063274810714e+00 -1.27398675863198e+00  5.15552922946484e-01 -1.92420428044729e+00
  5.33992898490624e+04 -2.24462712765332e+00 -4.68889089417687e-01  1.43449898356281e-01 -1.95929890216964e+00
  5.34030181064073e+04 -1.79693712583430e+00 -2.19407678559520e+00  1.30937348100094e+00  1.54324482295645e-01
  5.34067463639779e+04 -8.49048755217990e-01 -1.12892535597046e+00  5.94471946246252e-01 -7.23464555966970e-01
  5.34104746212986e+04 -6.81072830284225e-01 -1.42939266153664e+00  1.61721674941095e+00 -1.36215356460816e+00
  5.34142028783496e+04 -8.88754634152460e-01 -1.61435925252688e+00  4.53863130754491e-01 -1.46002069115989e+00
  5.34188750008530e+04  0.00000000000000e+00  0.00000000000000e+00  0.00000000000000e+00  0.00000000000000e+00
  5.34230000006620e+04  0.00000000000000e+00  0.00000000000000e+00  0.00000000000000e+00  0.00000000000000e+00
  5.34267282574816e+04 -8.54982484619509e-01 -1.00309711595452e+00  7.79314331745781e-01 -2.08755386267423e+00
  5.34304565139700e+04 -8.21965892817014e-01 -1.57702476611914e+00  7.27256259444479e-01 -9.27163640706194e-01
  5.34341847701841e+04 -1.10364502678501e+00  1.80049667346710e-02  1.37584247576033e+00 -4.63220979134940e-01
  5.34379130270432e+04 -2.01991723676031e+00 -1.75781639930345e+00  1.21821683618490e+00 -1.99396102910592e+00
  5.34416412829663e+04 -4.41433924996172e-02 -1.98182660857209e+00  3.13558490687510e-01 -1.38983126418251e+00
  5.34453695389238e+04 -2.10114015574143e+00 -3.15580164259517e+00 -5.54012898857517e-01  1.52368688824036e-01
  5.34490977949098e+04 -8.58218033510803e-01 -2.83065730945132e+00  3.88175946073172e-01 -1.57217351839270e+00
  5.34528260504605e+04 -1.05849317115767e+00 -9.92185333340482e-01 -2.77402312411033e-01 -1.63012346654674e+00
  5.34565543060394e+04 -8.16747396524624e-01 -2.53857959212372e+00 -4.73137512983963e-01 -1.04345900579809e+00
  5.34602825612835e+04  1.54449706870726e-01 -1.81097755916797e+00  6.20575347169460e-01 -3.30197529194239e+00
  5.34644375008820e+04  0.00000000000000e+00  0.00000000000000e+00  0.00000000000000e+00  0.00000000000000e+00
  5.34648958333970e+04 -1.80149302895097e+00  2.02755585752483e-01  2.40028407874213e+00 -2.67709792075758e+00
  5.34686240880811e+04 -2.58296634462481e-01 -9.65654204796950e-01 -7.43775490844623e-01 -8.47580755545270e-01
  5.34723523427363e+04 -2.96384130648960e-01 -1.92751505090804e+00 -1.58848652918649e-01 -2.31874696365433e+00
  5.34760805971214e+04 -1.27459110936221e+00 -4.51231060611006e-01  6.53505081090696e-01 -1.29087955131139e+00
  5.34798088513104e+04 -1.31864548503794e-01 -5.00413909329039e-01  9.52940361824323e-01 -1.58613060889894e+00
  5.34835371053010e+04 -1.32773591182326e+00 -5.71242433062287e-01  1.47209438523465e+00 -3.24777883808932e+00
  5.34872653592082e+04  2.14066362360548e-02 -1.57895794204721e+00 -6.78958764549434e-02 -9.67888190791522e-01
  5.34909936126818e+04 -1.50433246949211e+00 -1.26916399741912e+00 -3.41120903323127e-01 -1.97216646594682e+00
  5.34947218659167e+04 -3.13264646031848e+00 -2.47649430304197e+00  2.06437125216774e+00 -1.45748299686883e+00
  5.34984501191377e+04 -6.66061121650815e-01 -1.47421343397078e+00  1.32444669959939e-01 -1.45065755790870e+00
  5.35021783721261e+04  0.00000000000000e+00  0.00000000000000e+00  0.00000000000000e+00  0.00000000000000e+00
  5.35059066253402e+04 -9.91285944951005e-01 -1.96549366164692e+00  7.01743634243826e-01 -1.63501301768603e+00
  5.35096348783276e+04 -1.16629629066082e+00 -2.25629251701027e+00  1.48477659150899e+00 -1.71202159503496e+00
  5.35133631308783e+04 -1.86983524426298e+00 -1.02140493256326e+00  3.59587905442733e+00 -1.91719617158787e+00
  5.35170913834049e+04 -1.71682692365591e+00 -2.57212700546795e+00  1.29567943538268e+00 -2.22610174334538e+00
  5.35208196359110e+04 -6.40260101167007e-01 -2.84840653243911e+00  1.38598551339849e-01 -3.69390363614192e+00
  5.35256479170070e+04  0.00000000000000e+00  0.00000000000000e+00  0.00000000000000e+00  0.00000000000000e+00
  5.35257479173611e+04 -1.72286142866558e+00 -2.90929655563305e+00  1.39923142115423e+00 -1.85903325583832e+00
  5.35294761694901e+04 -1.27137580461509e+00 -1.74120658754621e+00  1.34519997362428e+00 -1.28651016873803e+00
  5.35332044216494e+04 -9.68454163699579e-01 -2.19990591458408e+00 -1.04018960169044e-01 -2.46066103069290e+00
  5.35369326736619e+04 -1.95140949911715e+00 -4.99795643272223e-01  2.74230238486404e-01 -2.27233262084509e+00
  5.35406609259143e+04 -7.12181922087817e-01 -2.35627435725322e+00  7.75953638310505e-01 -3.34588939587770e+00
  5.35443891779444e+04 -2.28369177513099e+00 -2.19191630483874e+00  9.46220263339756e-01 -2.47830088417021e+00
  5.35481174301690e+04 -2.50579967061393e+00 -5.88413025053525e-01  2.19053983115568e-01 -2.06920975609030e+00
  5.35518456822118e+04 -9.62855475125704e-01 -1.48534033210092e+00  2.37113142825561e-01 -2.32555971366780e+00
  5.35555739342672e+04 -1.96852703717847e+00 -1.15376575973130e+00  2.17298308105611e+00 -1.19873516510724e+00
  5.35593021863888e+04 -1.94884150268713e+00 -2.43898030447047e+00  1.29602908987874e+00 -3.01230545977481e+00
  5.35630304384307e+04 -2.01105399990172e+00 -6.43522431780097e-01 -4.26511165928048e-01 -1.74643957318917e+00
  5.35667586907119e+04 -1.80812628381509e+00 -3.35011196718701e+00  2.09624263526481e+00 -3.69530056543444e+00
  5.35704869427698e+04 -1.34298885334627e+00 -1.54218890803781e+00  2.49524634063094e+00 -2.92176749726258e+00
  5.35742151950416e+04 -1.26588525043077e+00 -2.65078430380798e+00  2.02339726675167e+00 -2.22911995641933e+00
  5.35785694449122e+04  0.00000000000000e+00  0.00000000000000e+00  0.00000000000000e+00  0.00000000000000e+00
  5.35790277779273e+04 -1.86049630188501e+00 -2.35678441059427e+00  1.12491080748536e+00 -1.81972498724700e+00
  5.35827560304305e+04 -1.17826180547309e+00 -1.25800570620222e+00 -1.32932672626387e+00 -2.17761889172908e+00
  5.35864842830346e+04 -1.03254032894881e+00 -1.69480422487982e+00  9.06031442832258e-01 -1.16754374544067e+00
  5.35902125356563e+04 -9.91137045615446e-01 -1.27336370855303e+00  3.97509109715055e-01 -1.76304358624266e+00
  5.35939407887487e+04  3.79654289650566e-01 -1.90145265437153e+00 -4.29840871685432e-01 -9.59778581937080e-01
  5.35976690418464e+04 -5.08045876780736e-01 -1.40254800459255e+00 -3.20811936426839e-01 -1.84847349634031e+00
  5.36013972947222e+04 -1.80989466771258e+00 -7.43999273254224e-01  1.89977082561709e+00 -3.97092459135086e-01
  5.36051255485359e+04 -4.46565383150508e-01 -2.19852083255888e+00  2.07240556644904e-01 -2.74385536241534e+00
  5.36088538018994e+04 -6.04509785783409e-01 -4.70722747295991e-01  1.58538665133759e+00 -3.47451582710193e-01
  5.36125820562151e+04 -9.31788540758380e-02 -5.87673475217064e-01  1.61104996150482e-01 -5.52140952515536e-01
  5.36163103101563e+04 -1.16811021867203e+00  1.34953970817793e-01  2.11135587805948e-01 -5.45808643815807e-01
  5.36200385643310e+04 -4.95618605970965e-01 -8.17617154789370e-01  5.86764758236269e-01 -5.48728150173862e-01
  5.36237668185161e+04 -9.73462848278799e-01 -1.12084620747523e+00  4.35183981386325e-01 -1.71639458377564e+00
  5.36274950736434e+04 -1.29100351863717e+00 -2.60912746330944e+00  6.79400419349836e-01 -1.40355725911394e+00
  5.36312233285592e+04 -2.03332697521921e+00 -2.11154387856565e+00 -2.87503498201143e-01 -1.64314345845845e+00
  5.36349515839292e+04 -7.79413811501640e-01 -5.85382345145247e-01 -4.63529437199892e-01 -1.29784139773882e+00
  5.36386798397858e+04 -4.39659315984857e-01 -1.54062828538069e+00  1.49194302791924e+00 -1.19992506908697e+00
  5.36424080952454e+04 -4.63929544563414e-01 -9.74120642005021e-01  2.03420573506586e-01 -8.80276923537512e-01
  5.36461363512015e+04 -1.38703309932947e+00 -8.42945080594156e-01  1.25670166131053e+00 -1.32222544756650e+00
  5.36498646074697e+04 -7.44955039982223e-01 -1.17624205707588e+00  3.67002195145613e-01 -6.25301543640621e-01
  5.36535928637174e+04 -2.51381802399808e-01 -1.76745906261032e+00  1.06277238345061e+00 -1.36010927774718e+00
  5.36573211204214e+04 -2.92135263955716e-01 -2.55593506296845e+00  6.78286299629869e-01 -1.95833578820101e+00
  5.36610493773321e+04 -1.31089159715353e+00 -1.28885080772893e+00 -2.52857197125900e-01 -2.53271162948955e+00
  5.36647776344584e+04 -1.07070691689405e+00 -9.70496212027475e-01 -6.87575736762638e-01 -9.54589576724745e-01
  5.36685058919872e+04 -1.43548433486070e+00 -1.61873467836706e+00  5.95167005741900e-01 -1.95928855760305e+00
  5.36722341494851e+04 -2.45488370466216e-01 -8.78156043170956e-01  9.60479929325283e-01 -3.27897653849323e+00
  5.36759624069502e+04 -2.77806213809424e-02 -9.75198335292837e-01  1.12221155882470e+00 -1.75602945019244e+00
  5.36796906652557e+04 -1.51963969838901e+00 -2.06947886845049e+00  2.30435646692863e+00 -1.00131170069327e+00
  5.36843854171435e+04  0.00000000000000e+00  0.00000000000000e+00  0.00000000000000e+00  0.00000000000000e+00
  5.36848750005071e+04 -2.77824196244554e+00 -3.05780517437723e+00  2.46307295184620e+00 -1.31849015488290e+00
  5.36886032588379e+04 -1.03219003608072e+00 -1.49990635289959e+00  1.66101371297373e+00 -2.33523864003598e+00
  5.36923315172464e+04 -5.79154637692830e-01 -1.61182492244990e+00 -5.32116179452371e-01 -7.46613876728173e-01
  5.36960597758461e+04 -1.31890032228055e+00 -3.65436448055132e+00  2.00274876856648e+00 -3.14639071675018e-01
  5.36997880347244e+04 -3.52697767755858e+00 -8.68336256624439e-01  2.10623694961489e+00 -2.14776863008748e+00
  5.37035162938900e+04 -7.65744317868892e-01 -2.17522243321931e+00 -2.79407380597827e-01 -1.85212539129721e+00
  5.37072445525219e+04 -1.49487113540743e+00 -8.27946670891389e-01  1.92888135803176e+00 -1.71908222734013e+00
  5.37109728122534e+04 -1.38099293666737e+00 -1.88018664012845e+00  9.75824574705867e-01 -1.71930423089250e+00
  5.37147010712177e+04 -1.38195051929426e+00 -1.92402111278821e+00 -1.11594110347202e+00 -3.12162995842533e+00
  5.37184293307013e+04 -6.29781417391308e-01 -1.66692326774180e+00  3.79973429795714e-01 -2.62292800096378e+00
  5.37221575901448e+04  7.21727166682297e-01 -1.35904184203806e+00  3.88765792570710e-01 -1.69110240456237e+00
  5.37258858493333e+04 -2.47905972628839e+00 -2.01686788813829e+00  2.07132239589529e+00 -1.18783718862353e+00
  5.37296141086726e+04 -1.21555801646424e+00 -2.01193749609038e-01  2.11730412772945e+00 -2.64749113595037e+00
  5.37333423680729e+04 -2.71447325924784e+00 -2.44470108562372e+00  2.54717229172321e+00 -2.59225237179385e+00
  5.37370706163126e+04 -1.30761593042804e+00 -1.27265159922517e+00 -3.53443719533130e-01 -2.69479379681659e-01
  5.37407988758809e+04 -3.71704578278333e-01 -2.21180775699149e+00  2.52137844752593e+00 -5.08614004350762e-01
  5.37445271354964e+04 -2.88680553158332e+00 -2.05177488666688e+00  1.63187883283346e+00 -1.07966954719879e+00
  5.37482553951342e+04  4.72176109646945e-02 -7.83871609015703e-01  4.36437739847075e-01 -2.51866896058742e+00
  5.37519836547929e+04 -3.34239468010047e+00 -2.42486998768804e+00  1.15071206488539e+00 -9.06105282119784e-01
  5.37557119144665e+04 -1.95073257789020e+00 -1.81774454579942e+00  9.18624971729810e-01 -6.26525916031394e-01
  5.37594401741712e+04 -1.31696870907007e+00 -6.63917795852844e-01  7.38320349398487e-01 -1.29747958860651e+00
  5.37631684335728e+04 -1.22730832879524e+00 -1.21594571531238e+00  1.41134754002453e+00 -2.27352262249423e+00
  5.37668966932569e+04 -3.90192858111977e-01 -1.95556069028421e+00  2.12344170336899e+00 -3.55634633636673e+00
  5.37706249526852e+04 -9.44128363042629e-01  2.91306189684078e-01  6.75753770237515e-01 -2.73028980048457e+00
  5.37743532118563e+04 -1.53630636230570e+00 -4.37553829048288e-01  7.88955686481567e-01 -9.43121106469839e-01
  5.37780814712723e+04  3.50546656970878e-01 -1.90631216666911e+00  1.51401927075951e+00 -2.82100672670148e+00
  5.37818097305139e+04 -1.07533791336965e+00 -5.19796022926825e-01  2.00990993533570e+00 -1.65062141367461e+00
  5.37855379897987e+04 -5.93603905654414e-01 -1.34064333180070e+00  3.15419281346063e-01 -6.43430087818339e-01
  5.37892662485392e+04 -2.67390883862167e+00 -9.12589707554029e-01  2.00312352660378e-02 -2.36265406467859e+00
  5.37929945074570e+04 -6.40777520241065e-01 -1.33251771772245e+00  7.37340311072595e-01 -2.06562459145302e+00
  5.37967227664098e+04 -9.10497262655027e-01 -1.10178712393288e+00  2.26322390218922e-01 -1.60910211910339e+00
  5.38015729173634e+04  0.00000000000000e+00  0.00000000000000e+00  0.00000000000000e+00  0.00000000000000e+00
  5.38021319451505e+04 -1.14140756431559e+00 -1.35549484354954e+00  2.09476535838004e+00 -4.24074726022996e-01
  5.38058602035672e+04 -8.13696894069145e-01 -8.34930951302170e-01 -1.78325868958023e-01 -6.83836539448779e-01
  5.38095884620487e+04 -1.35701888508463e+00 -1.03698606836097e+00  1.24834893215984e+00 -3.89200330919992e-01
  5.38133167200254e+04 -8.41867095666523e-01 -1.95908473822464e+00  2.87736688610599e-01 -1.31003709561776e+00
  5.38170449779862e+04  3.45650438884652e-01 -2.07038474834137e+00 -4.33440420347256e-01 -1.14905886444335e+00
  5.38207732356516e+04 -2.07997755079074e+00 -1.75302724727551e+00 -1.10547146219877e-01 -1.59272112491618e+00
  5.38245014933472e+04 -8.26690694442986e-01 -1.76606956915706e+00  4.49010570392592e-01  2.89593801432339e-01
  5.38282297508586e+04 -1.40062364552317e+00 -1.45255433730758e+00  4.60922370223986e-02 -1.44320108993758e+00
  5.38319580081712e+04 -9.05478879480144e-01 -1.40133194353585e+00  6.94967311437921e-01 -1.22413274439445e+00
  5.38356862654964e+04 -1.77650440605446e-01 -1.39101877214029e+00  7.33276561340975e-01 -1.38017141930760e+00
  5.38394145223923e+04 -1.11800846011246e+00 -1.00769809947079e+00  2.13035388639564e+00 -4.45498770536787e-01
  5.38431427793137e+04 -1.22833561917832e+00 -1.07219280100116e+00  1.03178921780959e+00 -1.46100175642428e+00
  5.38468710355116e+04 -2.22057515399037e+00 -2.44863446629644e+00  1.79254406850407e+00 -1.85096276345327e+00
  5.38505992919954e+04 -6.61320406639689e-01 -1.09083526183747e+00  1.69760085111911e+00 -2.02955100067001e+00
  5.38543275482570e+04 -2.59808717976446e+00 -5.22240964520247e-01  1.06122635340654e+00 -8.98683162840579e-01
  5.38580558042767e+04  4.11086428359523e-02 -2.22039578805395e+00  2.73912275948781e+00 -1.04804626911658e+00
  5.38617840603136e+04 -2.30330253805293e+00 -2.16989150945609e+00  1.47925092912928e-01 -1.48111811736770e+00
  5.38655123158856e+04 -2.46348393739422e+00 -1.28483659136257e+00  1.36551496533504e+00 -3.62815818498565e-01
  5.38692405714605e+04 -1.03637061382742e+00 -2.68975138474276e+00 -1.04266907451124e-02 -2.17193331339660e+00
  5.38729688270370e+04 -2.19469099525641e+00 -2.50852698685972e+00  2.89864305853129e+00 -3.38891090162200e-01
  5.38766970823900e+04 -8.51860729300094e-01 -3.18697625230184e+00  1.34605375058473e+00 -1.69723442112234e+00
  5.38804253375207e+04 -1.24864130802282e+00 -8.97020500391855e-01  3.74767988969404e-01 -4.62958686528112e-01
  5.38841535926387e+04 -9.77634653950680e-01 -2.05283101371349e+00  8.50941724191274e-01 -2.40051463549710e+00
  5.38878818477361e+04 -2.06859363544780e+00 -1.34422465424192e+00  1.58933740845939e+00 -1.71406186543024e+00
  5.38916101025614e+04 -2.02318992803751e+00 -4.51313529530009e-01  4.40434368478573e-01 -2.88688060670911e+00
  5.38953383571805e+04 -1.67904643599232e+00 -2.40930086660895e+00  1.45721005232549e+00 -2.43325315737281e+00
  5.39005868062604e+04  0.00000000000000e+00  0.00000000000000e+00  0.00000000000000e+00  0.00000000000000e+00
  5.39011875000566e+04 -1.75922320535423e+00 -2.05993101793940e+00  2.87990565964457e+00 -9.30007103172307e-01
  5.39049157546736e+04 -1.93305289922412e+00 -2.24352394333537e+00  1.83970551739730e-01 -3.15443473812161e+00
  5.39086440093022e+04 -2.00726537956183e+00 -1.56011315457886e+00  1.83959299561339e+00 -8.08333118597007e-01
  5.39123722639594e+04 -4.10576685836917e-01 -6.99944456912194e-01  1.57297466893352e+00 -2.39824892832039e+00
  5.39161005188021e+04 -1.34822206966803e+00 -4.07349226235337e-01  1.17547945761655e+00 -2.04433131179964e+00
  5.39198287727141e+04 -2.61405530119578e+00 -1.34748313790548e+00 -6.09635044685090e-01 -2.53149948031533e+00
  5.39235570270613e+04 -1.76889181547110e-01 -2.97454677075176e+00  1.81683680044982e+00 -1.51602469942413e+00
  5.39272852816678e+04  2.40407721815406e-02 -2.02154188584138e+00  1.90369861664532e+00 -2.81376777827628e+00
  5.39310135360487e+04 -2.98931760158400e-01 -1.16259655183777e+00  1.40123366107082e+00 -2.08763592617737e+00
  5.39347417906690e+04 -2.19362996830656e+00 -1.42927610004798e+00  6.67498042479256e-01 -2.44737716292571e+00
  5.39384700453022e+04 -6.41708709265587e-01 -1.50826004537427e+00  2.80178637943907e+00 -4.42765580265077e-01
  5.39421982999468e+04 -1.52889326555890e+00 -2.70677850631740e+00  1.20569681175004e+00 -5.24410440156858e-01
  5.39459265547696e+04 -1.40158912723917e+00 -1.52382279903737e+00  1.48610216752020e+00 -1.03306333114874e+00
  5.39496548098958e+04 -6.29946151365360e-01 -1.38865094896279e+00  1.45764669983241e+00 -1.90524725778864e+00
  5.39533830650253e+04 -1.78642161687924e+00 -3.34446119082295e+00  9.74422401880911e-01 -2.47729106479802e+00
  5.39571113199305e+04  1.47511032670680e-01 -9.03196530661534e-01  1.52488449583726e+00 -1.73629633781479e+00
  5.39608395752958e+04 -1.22993133014002e+00 -8.79870779224531e-01  4.39787271601273e-01 -6.51027601687838e-01
  5.39645678306562e+04  3.83237139534452e-01 -1.69818413831768e+00 -3.22696678291250e-01 -9.26625859891530e-01
  5.39682960862603e+04 -1.34283598606611e+00 -1.87013014156250e+00  6.39172688849112e-01 -1.05292906120652e+00
  5.39720243420959e+04 -2.95309737210622e-01 -8.57834454727849e-01  1.35067403844250e+00 -2.14257912339300e+00
  5.39757525981667e+04 -2.28154841715581e+00 -1.88150378149594e+00  2.88887706162168e-01 -1.33092737788367e+00
  5.39794808544660e+04 -2.69580194721312e-01 -2.16921726198128e+00  2.23549315865396e-01 -4.60705282451526e-01
  5.39832091110046e+04 -1.38766625301399e+00 -1.15768223312100e+00  1.32722796357823e+00 -1.69817864786788e+00
  5.39869373675172e+04 -6.69479543903276e-01 -1.17577074622985e+00  2.60400751282616e+00 -7.03743578263104e-01
  5.39906656245081e+04 -2.08901038153934e+00 -9.88481374398981e-01  7.13204074110828e-02 -1.64586124330422e+00
  5.39943938814860e+04 -4.40099829277333e-01 -1.92754737372294e+00  1.26142373147270e+00 -1.21176475938948e+00
  5.39981221389063e+04  2.25559472372653e-01 -2.07669846602562e+00 -2.55370944316864e-01 -1.45738258447692e+00
  5.40018503963010e+04  3.96266309407797e-01 -1.76401367106935e+00  6.82342934948210e-01 -3.14505644224831e-01
  5.40055786541400e+04 -1.62024637419655e+00 -2.53405594917414e+00  1.12779616982904e+00 -1.99501637567803e+00
  5.40093069119397e+04 -1.49989771471838e+00 -7.25504188381838e-01  1.09153387396585e+00  5.05236478410518e-01
  5.40130351700776e+04  4.74156495143553e-01 -2.49186579050171e+00  1.86730985581446e+00 -1.82717711015585e+00
  5.40167634285670e+04 -2.99797301901874e-01 -1.53952971360123e+00  8.19044102733600e-01 -7.26334982421611e-01
  5.40204916869826e+04 -4.89234627046615e-01 -1.04121800159934e+00  1.98687558881578e+00 -1.53428440888944e+00
  5.40242199460196e+04  6.67021014045256e-01 -8.95721883680099e-01  2.60517000887508e-01 -2.75631442939325e+00
  5.40279482047651e+04 -1.38041806553630e+00 -6.67318031361505e-01  2.04835494762903e+00 -1.62962003732722e+00
  5.40316764641574e+04 -1.08931034777853e+00 -1.15956146686313e+00 -8.87968955001757e-02 -1.61347049624504e+00
  5.40354047234976e+04 -3.36848115158685e+00 -1.84878930434791e+00  1.53309283153708e+00 -9.77757955825467e-01
  5.40391329829920e+04 -8.88847537674375e-01 -7.16514180580872e-01  9.56631506897614e-01 -2.41121548926492e+00
  5.40428612426447e+04 -7.52911442032053e-01 -2.38431589136304e+00  3.37684428679182e-01 -2.04335973705786e+00
  5.40486041669894e+04  0.00000000000000e+00  0.00000000000000e+00  0.00000000000000e+00  0.00000000000000e+00
  5.40492048613670e+04 -8.87350218147858e-01 -1.35464488973237e+00  8.58288668820564e-01 -1.21989700797535e+00
  5.40529331215533e+04 -7.73984278066372e-01 -1.17788762096899e+00  1.29176830484009e+00 -1.16484415236046e-01
  5.40566613816896e+04 -1.52398267039991e+00 -1.94786302759898e+00  2.01860414989958e+00  3.09003754097184e-01
  5.40603896417338e+04 -1.59181262852830e+00 -1.88510010637043e+00  2.27548474597009e+00 -1.25897898277766e+00
  5.40641179021645e+04 -1.62448461509072e+00 -1.08405584793105e+00  8.21652104957833e-01 -1.47478918190801e+00
  5.40678461627314e+04  2.74701565309193e-01 -1.89135874944000e+00  7.94310907163712e-01 -1.48719405885363e+00
  5.40715744232558e+04 -1.81366367909978e+00 -2.47376101940945e+00  3.01555614805806e+00 -1.66658447168001e+00
  5.40753026840949e+04 -1.62426785558069e+00 -2.39042833717496e+00  4.53598432892133e-01 -2.78237039220076e+00
  5.40790309446841e+04 -2.08094443825148e-01 -2.24077881909322e+00  2.93210489120051e+00 -8.84511853124351e-01
  5.40827592057290e+04 -9.34156169516292e-01 -1.73228198312513e+00  2.20154969328319e+00 -2.31442184130683e+00
  5.40864874664712e+04 -1.17752293889200e+00 -2.74266702449797e+00  3.59523984496108e+00 -9.22334144766423e-01
  5.40902157273902e+04 -2.27730262861477e+00 -7.99262857440451e-01  1.90659236209605e+00 -9.22914796879354e-01
  5.40939439882788e+04 -6.17098501614112e-01 -1.44988742119066e+00  1.16294770770097e+00 -1.21655976829884e+00
  5.40976722493032e+04 -1.24785727152715e+00 -1.45016160726104e+00 -2.44609961154168e-01 -1.33594493897719e+00
  5.41014005102592e+04 -1.49810218204340e+00 -2.16089064674726e+00  1.45328241181295e+00 -1.74316552631176e+00
  5.41051287713136e+04 -2.34236206172425e+00 -2.76667777202798e+00  7.55587260656369e-01  2.18366963640055e-01
  5.41088570323993e+04 -2.25530165497762e+00 -7.30435196010422e-01  2.04473452154863e+00 -1.50499873074921e+00
  5.41125852935936e+04 -5.79279617784730e-01 -1.50110559779525e+00  2.05398063060310e+00 -1.92614385896490e-01
  5.41163135545682e+04  9.88098086357458e-01 -1.53125280640302e+00  9.21557292257117e-01 -5.70786262991738e-01
  5.41200418154549e+04 -7.85870096103771e-01 -1.51732883906147e+00  2.74629841739114e+00 -9.15369125266692e-01
  5.41237700764955e+04 -9.14013513412284e-01  3.31949817389031e-01  1.98699146429724e+00  8.45155115506520e-03
  5.41274983375655e+04 -1.78469897261967e-01 -1.60943930713698e+00  3.69876888199535e-04 -2.50680360944457e-01
  5.41312265985740e+04  7.35474214564037e-01 -8.12035762272799e-01  1.96364642569055e-01 -1.05157062344012e+00
  5.41349548594085e+04 -3.76775644812547e-01 -8.50620798259461e-01  1.89152800865427e+00 -7.80903166050645e-01
  5.41386831204167e+04 -1.50266590157630e-01 -9.32830534358129e-01  2.12781415869039e+00 -7.33298530028238e-01
  5.41424113810995e+04  8.09477630439996e-01 -2.37370270211551e+00  1.79265972748655e+00 -1.59536991677250e+00
  5.41461396418541e+04 -9.37500376868716e-01 -1.92414208567443e+00  1.57535052056623e+00 -8.18852452771660e-02
  5.41498679026609e+04  5.92199802954259e-01  2.41818496776520e-01  7.21958667750703e-02 -1.80419083886913e+00
  5.41535961630801e+04 -2.01833244357772e+00 -1.03118191542531e+00 -2.44262040448186e-01 -1.22025901621358e+00
  5.41573244237976e+04 -2.01154192893609e+00 -2.21335738162900e-02 -1.35139463786450e+00 -1.18182089201320e+00
  5.41610526840104e+04 -9.10818650749631e-01 -9.71272506084332e-01  1.10178906596671e+00 -3.06374292039046e+00
  5.41675416668275e+04  0.00000000000000e+00  0.00000000000000e+00  0.00000000000000e+00  0.00000000000000e+00
  5.41681666669734e+04 -1.54729271808612e+00 -1.02171097717750e+00  1.22817093665500e+00 -4.31223834347586e-01
  5.41718949270972e+04 -1.15389839410487e+00 -4.93391310128660e-01  1.89494822783966e+00  2.89721820144521e-01
  5.41756231869756e+04 -1.51006457197298e+00 -1.56367731561830e+00  2.78170265186446e+00 -2.12034700566894e+00
  5.41793514467165e+04 -6.96727164879215e-01 -6.98265460484807e-01  8.76286588233409e-01 -1.08309708214935e+00
  5.41830797065233e+04 -1.16069249469883e+00 -1.43092611371681e+00  3.48207117700479e-01 -1.83003193036948e-01
  5.41868079659571e+04 -1.27475936106058e+00 -8.54855667845191e-01  2.29068705703448e+00 -1.16485315622060e+00
  5.41905362253959e+04 -7.24597192070047e-01 -2.03368897735528e+00  1.18871580038041e+00 -9.74181362228008e-01
  5.41942644846990e+04 -8.00958536917788e-01 -1.42892544096326e+00  9.50148867046383e-01 -1.94053929420114e-02
  5.41979927437395e+04 -1.63685482563408e+00 -2.07514477575955e+00  8.20652372792674e-01 -1.88886189516608e+00
  5.42017210031387e+04 -6.18826734409621e-01 -1.95447381220227e-01  1.47709818630851e+00 -7.54596916839328e-01
  5.42054492616216e+04 -1.54277766161467e-01 -1.80009906127093e-01  1.35547036779930e+00 -6.57756091880172e-01
  5.42091775203843e+04 -9.75239537421173e-01 -1.81234955336250e+00  1.19264223370414e+00 -1.95023100585800e-01
  5.42129057788969e+04 -1.56384992970907e+00 -2.03123838762139e+00  1.58044340875905e+00 -1.16211538463710e+00
  5.42166340373716e+04 -1.42718198325649e+00 -1.15377673929271e+00  2.64741402981533e-01 -1.34939312474938e+00
  5.42203622953298e+04 -2.19203759232745e+00 -1.35257060514853e+00  1.99163110875508e+00 -5.39044660032352e-01
  5.42240905532697e+04 -2.17664667570130e-02 -1.93057416993829e+00  7.32486718912279e-01 -2.53425340325414e+00
  5.42278188112395e+04 -1.61939916920884e+00 -9.67447879116045e-01  5.74304658841891e-01 -1.30373150071539e+00
  5.42315470688079e+04 -1.73302375680425e+00 -2.51725978522215e+00 -2.98420593586293e-01 -1.66620030737950e+00
  5.42352753263576e+04 -1.77221563125652e+00 -1.18729333449916e+00  2.24507465642875e+00 -7.73735581175736e-01
  5.42390035839283e+04  1.55813081401988e-01 -1.67638090157541e+00  6.25401845849620e-01 -2.36733748351772e+00
  5.42427318410520e+04 -1.62920010569029e+00 -1.41586108755185e+00  2.04541159908718e+00 -1.03739354128598e+00
  5.42464600981840e+04 -1.23275695040313e-02 -1.69721884358575e+00  8.55164081240118e-01 -1.91997089228607e-01
  5.42501883556262e+04 -1.63579277481774e+00 -8.48851824420651e-01  1.38098348986496e+00 -3.20903309011819e+00
  5.42539166123183e+04 -1.74862801646225e+00 -1.91029588887776e+00  1.37648748752612e+00 -2.51230137854218e+00
  5.42576448692338e+04 -1.36759878494158e+00 -1.45044721914009e+00  2.88718911006920e+00 -2.04241580752395e+00
  5.42613731259168e+04 -9.93229654652679e-01 -2.41278050232825e+00  5.72458231869478e-01 -2.09371290949480e+00
  5.42651013826967e+04 -2.33667753818608e+00 -1.17283633193975e+00  3.03084402067135e+00 -3.17248660266593e-01
  5.42688296394375e+04 -1.68618912438978e+00 -2.85853596074077e-02  2.20075375358302e+00 -2.34060770515530e+00
  5.42725578958703e+04 -2.08503775290768e+00 -6.65343829508530e-01  4.30219937106669e-01 -1.48863685132465e+00
  5.42764583333740e+04  0.00000000000000e+00  0.00000000000000e+00  0.00000000000000e+00  0.00000000000000e+00
  5.42768333335613e+04  0.00000000000000e+00  0.00000000000000e+00  0.00000000000000e+00  0.00000000000000e+00
  5.42779166672962e+04  0.00000000000000e+00  0.00000000000000e+00  0.00000000000000e+00  0.00000000000000e+00
  5.42785416671355e+04 -1.03461729675778e+00 -2.61669250237926e+00  7.49647528176400e-01 -9.26842978028469e-02
  5.42822699235914e+04 -6.69380333118762e-01 -1.07761910906373e+00  1.60774394482601e+00 -2.27127340594896e+00
  5.42859981795926e+04 -8.31732230423070e-01 -1.42820516853283e+00  2.09403932609588e+00 -2.15475265883502e+00
  5.42897264359318e+04 -7.75950683802277e-01 -1.69432107244643e+00  5.35994587923240e-01 -2.51705683209330e+00
  5.42934546922965e+04 -1.28112537782977e+00 -6.59726766173717e-01  1.68969849352081e+00 -2.61945458006372e+00
  5.42971829488785e+04 -3.33736450744186e-01 -2.21690038368824e+00  2.38864455890181e+00 -1.43916210159668e+00
  5.43009112052315e+04 -1.27929147243508e+00 -3.33641767705310e+00  1.59570835101774e+00 -2.55614454768624e+00
  5.43046394618160e+04 -4.86746184245536e-01 -2.99471098659409e+00  3.39853761387042e-01 -2.17330410465686e+00
  5.43083677183992e+04 -2.14455146334656e+00 -1.45924738578533e+00  1.41490672530314e+00 -1.23385967250388e+00
  5.43120959751911e+04  4.32203643367573e-01 -9.77269338394474e-01  1.80159309382160e+00 -5.83604053810720e-01
  5.43158242319688e+04 -1.89422445988122e+00 -2.62889653205969e+00  1.22752231845677e+00 -2.25521875488649e+00
  5.43195524889978e+04 -9.03531161439047e-01 -3.28245842560249e+00  3.11343073161536e-01 -2.46620659203083e+00
  5.43232807460242e+04  6.98910416945101e-01 -1.10987094516631e+00 -1.87998151797021e-02 -7.69697977516556e-01
  5.43270090030613e+04  5.60295017152595e-01 -4.64387963809356e-01  6.93716525637253e-01 -1.67397167342231e+00
  5.43307372603355e+04 -6.41419491492864e-01 -3.23162266148816e-01  9.75542285560411e-01 -4.77163135222256e-01
  5.43344655178553e+04 -1.31795092027370e+00 -1.40252114081998e+00  1.12763509422878e+00 -1.14747319036593e-01
  5.43381937755614e+04 -5.71854505689318e-01 -1.11226229432814e+00  2.09365803793257e+00 -1.93082285083977e+00
  5.43419220333393e+04 -2.21433383752368e+00 -1.79679665606274e+00  1.52748665421159e+00 -2.08573621494455e+00
  5.43485208339271e+04  0.00000000000000e+00  0.00000000000000e+00  0.00000000000000e+00  0.00000000000000e+00
  5.43495625008381e+04  0.00000000000000e+00  0.00000000000000e+00  0.00000000000000e+00  0.00000000000000e+00
  5.43532907596144e+04 -2.82076795816717e-01 -3.13154581587716e+00  1.44352732697760e+00 -4.77763135988665e-01
  5.43570190178878e+04  9.99215785133633e-02 -1.55285732645849e+00 -2.45417731551673e-01 -1.41189906139584e+00
  5.43607472768276e+04 -1.05922490042930e+00 -5.14766577289954e-01  6.19201659690418e-01 -1.41939073783588e+00
  5.43644755357189e+04 -6.07395432132487e-01 -1.07553505358576e-01  5.26777977816934e-02 -2.29742257487053e+00
  5.43695000000509e+04  0.00000000000000e+00  0.00000000000000e+00  0.00000000000000e+00  0.00000000000000e+00
  5.43701250000716e+04  1.37236543657418e-01 -4.16671126418147e-01  1.34896189071625e+00 -1.83604391320970e-01
  5.43738532595094e+04  3.77542916191804e-02 -8.27593074943254e-01  2.19720109016808e+00 -2.68945068603340e+00
  5.43775815191308e+04 -9.36145057295750e-01 -1.52177535035264e+00  2.02423072096992e+00 -3.54660141714393e-01
  5.43813097791274e+04 -9.88121938507638e-01 -1.40550389050425e+00 -5.79387077895350e-01  4.65588787431992e-01
  5.43850380391009e+04 -1.21967795981111e+00 -2.42948930954840e+00  2.92106685609520e+00  2.26906496616286e-01
  5.43887662992499e+04 -5.87621453248658e-01 -1.66093295118599e+00  1.00329725869236e+00 -1.70452085289933e+00
  5.43924945599131e+04 -4.51587916122504e-01 -1.22186994806993e-01  2.96750037759846e+00 -2.12213108180581e+00
  5.43962228202859e+04 -2.41864360132662e+00 -2.37123646476327e+00  2.00906144386984e+00 -1.05462233249861e+00
  5.43999510810545e+04 -6.84207506762839e-01 -2.20059895100954e+00 -9.54634920644976e-02 -1.34414856969742e+00
  5.44036793417452e+04 -1.20652173284679e+00 -2.41699186794677e+00  1.71589861101265e+00 -2.07000829425211e+00
  5.44074076029735e+04 -1.74890516605084e+00 -3.23578003748217e+00  2.20966430111696e+00 -1.08326908910451e+00
  5.44145833337731e+04  0.00000000000000e+00  0.00000000000000e+00  0.00000000000000e+00  0.00000000000000e+00
  5.44200000003309e+04 -1.35841120916331e+00 -2.02270398252896e+00  1.99179655601357e+00 -4.39958779547432e-01
  5.44237282617361e+04 -8.74733316603557e-01 -1.89938024208692e+00  1.66279165587802e+00 -1.20093248472989e+00
  5.44274565232744e+04 -1.49713402029238e-01 -6.86801413803631e-01  3.25339615377432e+00 -7.65897537664239e-01
  5.44311847849535e+04  2.16273352674245e+00 -2.53416419262190e-01  2.53716510824174e+00 -7.43680536475211e-02
  5.44349130465369e+04 -9.10604981859826e-01 -2.28197217756992e+00  1.73352892351812e+00 -2.01848471505340e+00
  5.44386413082686e+04 -1.59377616955699e+00 -2.21551177900203e+00  1.50358142036093e+00 -1.28945307038388e+00
  5.44423695701424e+04 -2.28328097377453e+00 -2.03806233467901e+00  1.92610405411096e+00 -1.84474990335318e+00
  5.44460978321042e+04 -2.26894100386952e+00 -1.01306018479146e+00  1.31047810922518e+00 -1.89183459607102e+00
  5.44498260938090e+04 -1.37125722693170e+00 -1.05991173886923e+00  2.31037502226773e+00 -2.22773082706746e+00
  5.44535543559165e+04 -2.05933156743017e+00 -3.00854370328552e+00  2.71413341901233e+00 -1.81079686904507e+00
  5.44572826179664e+04 -1.49337061315304e+00 -2.81515039424061e+00  1.57883799236633e+00 -1.58752790341890e+00
  5.44610108799790e+04 -6.19102365053264e-01 -4.59185088661532e-01  1.75334630399404e+00 -9.07800665398204e-01
  5.44647391421910e+04 -3.05076194461614e-01 -7.58250579277488e-01  7.54936048867258e-01 -1.29568582407827e+00
  5.44684674039271e+04  3.60217251138956e-01  2.63642197495660e-01  3.45758502083524e-01 -1.73559199790135e+00
  5.44721956661264e+04 -1.79507578928072e-01 -7.48252440716109e-01  1.44970209634112e+00 -2.83751491197873e-01
  5.44759239283173e+04 -1.11603180452754e+00 -4.59437580325672e-01  1.87690121899274e+00  3.86987981217781e-01
  5.44796521904166e+04 -7.64217677756221e-01 -2.24317555181208e+00  1.79853159678796e+00 -2.99788095358646e+00
  5.44833804527883e+04 -5.27142103707634e-01 -1.98029874687306e+00  1.50669194256715e+00 -2.03445989949605e+00
  5.44885243060476e+04  0.00000000000000e+00  0.00000000000000e+00  0.00000000000000e+00  0.00000000000000e+00
  5.44889409727453e+04  1.09173521156738e-01 -1.08783243533177e+00  2.12284384039598e+00  1.35900978983082e-01
  5.44926692348148e+04 -9.52889355721907e-01 -1.56667113685411e+00  2.07033901464021e+00 -6.79134255217059e-01
  5.44963974964987e+04 -5.22251964484807e-01  1.34392739617796e-01  1.25922796398483e+00 -8.92701949400623e-01
  5.45001257582188e+04 -1.98714859459505e+00 -8.04656788991022e-02  2.26238789559725e+00  1.53989813485666e-01
  5.45038540200834e+04 -1.40817060503493e+00 -1.00107078639529e+00  7.42093445907868e-01 -1.29640111201453e+00
  5.45075822821693e+04 -1.73799338515474e+00  3.11042989589569e-01  2.19658350127846e+00 -2.39355167768399e-01
  5.45113105437362e+04 -1.77526038141964e+00 -6.34304195310511e-01  1.19566936035862e+00 -1.14297355429937e-01
  5.45150388053819e+04 -1.72239282630993e+00 -4.14061396847232e-01  1.56257044392651e+00 -3.73792697257281e-01
  5.45187670666829e+04 -2.69018198166534e+00 -9.27027577533659e-01  2.21573258466999e+00 -5.14774818431148e-02
  5.45224953283068e+04 -6.72852537000598e-01 -1.80698155329244e+00  1.20228536095654e+00 -9.01360738216014e-02
  5.45262235900186e+04 -2.56358412265999e-01 -2.39611076277943e+00  1.31128995872369e-01 -1.47089794220997e+00
  5.45299518510869e+04  4.66629577005451e-02 -5.90769682211957e-01  2.06013203513443e+00 -4.01303620087205e-01
  5.45336801124676e+04  2.61261274004703e-01 -3.95261971122054e-01  9.62754834480112e-02 -8.24552810356030e-01
  5.45374083737059e+04 -2.27435314090327e+00 -2.22115638517003e-01  1.30914854279826e+00 -1.54437086030293e+00
  5.45411366347083e+04 -5.96118795048640e-01 -2.07179297194266e+00  1.09461883292081e+00 -1.37327691950945e+00
  5.45448648956759e+04 -7.84949892112588e-01 -1.28391524690984e+00  9.54030884634314e-01 -1.11471218092051e+00
  5.45485931564976e+04 -6.29420359585485e-01 -3.46279855700313e-01  1.06272514865447e+00 -1.49190847257698e+00
  5.45523214172972e+04  2.89818729839950e-01 -2.88658892938863e+00 -7.45514327429124e-02 -2.04110378151172e+00
  5.45560496778299e+04 -1.07815392328151e+00 -8.09515365410525e-01  8.64925712493969e-02 -5.45013335348959e-01
  5.45597779382350e+04 -3.61166444065494e-01 -2.68455191552585e+00  5.46476868999177e-01 -6.49313395436101e-01
  5.45635061984110e+04 -1.80553330718437e+00 -9.93382869530062e-01  2.05692412616782e+00 -1.46307167163768e+00
  5.45672344588552e+04  4.44242270354025e-01 -2.54634288876583e+00  2.17924242174011e+00 -3.00303650089975e+00
  5.45709627186796e+04 -1.94537779267007e+00 -2.69103087033959e+00 -4.67066806618759e-02 -1.79819394616321e-01
  5.45746909786042e+04 -7.62751657280808e-01 -2.63882010093150e-01  2.13472111783537e+00 -1.07794192840968e+00
  5.45784192381018e+04 -5.90714276220551e-01 -2.20097201829123e+00  7.29783469230302e-01 -1.92802836179188e+00
  5.45821474978751e+04  6.49595967705500e-01 -2.03146477051969e+00  9.97298286837213e-01 -7.74952775416434e-01
  5.45858757572292e+04 -1.19156151679483e+00  4.05287338105771e-01 -2.75219778320159e-01 -2.71856176596007e+00
  5.45896040163981e+04 -4.29438553211104e-01 -1.07210648620463e+00  7.59711857478675e-01 -1.09049447355707e+00
  5.45933322754225e+04 -2.27857666040359e+00 -2.61124370104044e+00  1.99934805588530e+00 -2.17996310586718e+00
  5.45970605345139e+04 -9.89650911480574e-01 -1.99285837884986e+00  2.06614474787746e+00 -4.68086827121032e-01
  5.46007887931504e+04 -1.53219075273489e-01 -9.10572070139820e-01  1.57277217395552e+00 -2.25180131825756e+00
  5.46045170517813e+04 -2.70160522938924e+00 -1.43372102028168e+00  2.94626391174660e+00 -1.29413945345879e+00
  5.46082453104178e+04 -7.27880478917303e-01 -2.26561022835169e-01  3.98032736059130e+00 -9.98441798753307e-01
  5.46119735688379e+04 -1.19682093925456e+00 -7.84412381710107e-01  2.19112923890519e+00 -1.70346558793424e+00
  5.46157018272743e+04 -5.77768760925403e-02 -1.59103780705098e+00  1.30253708583789e+00 -2.02509816923149e+00
  5.46216131948033e+04  0.00000000000000e+00  0.00000000000000e+00  0.00000000000000e+00  0.00000000000000e+00
  5.46222083341052e+04 -1.37855329817167e+00 -1.19897942418276e+00  1.22685837703939e+00 -1.92814272540754e+00
  5.46259365921204e+04 -2.60589482652749e-01 -1.21254095406755e+00  5.15433220876796e-01 -6.63799256982254e-01
  5.46296648501167e+04 -6.93836602503505e-01 -2.22735300429335e+00  2.28997422877512e+00 -8.21762030438211e-01
  5.46333931079063e+04 -8.44069919017540e-01 -9.51820493322845e-01  1.57779394192207e+00 -6.66424345555794e-01
  5.46371213659081e+04 -1.44674652183571e+00 -1.73070438546791e+00  3.20489626218081e+00 -6.98820013683403e-01
  5.46408496236760e+04 -3.55854273152955e-01 -1.31431215645928e+00  2.57058194568901e+00 -5.84339211438242e-01
  5.46445778812386e+04 -1.57170476186927e+00 -1.72561287846493e+00  1.85776270723025e+00 -1.71190275880659e+00
  5.46483061390244e+04 -1.57467180571416e+00 -2.94304899609363e+00  1.15945390931646e-01  1.91496041533260e-01
  5.46520343968055e+04 -1.80673580076573e+00 -2.07763500006537e+00  2.24649740119437e+00 -1.17220489380734e+00
  5.46557626545927e+04 -1.84805772058688e+00 -1.24267222177028e+00  2.14142525242848e+00 -9.24195022204129e-01
  5.46594909123807e+04 -7.20221278771996e-01 -1.32508877131923e+00  2.51444110704368e+00 -1.93472868645034e+00
  5.46633402781089e+04  0.00000000000000e+00  0.00000000000000e+00  0.00000000000000e+00  0.00000000000000e+00
  5.46634402778483e+04 -1.43047740125508e+00 -9.15979056316167e-01  1.27416400791454e+00 -1.33680154390396e+00
  5.46671685356169e+04 -1.45803400070907e+00 -1.03648125914697e+00  1.71890782390957e+00 -1.30922406082640e+00
  5.46708967935023e+04 -1.22362175645754e+00 -2.11675349892996e-01  2.03273312249663e+00 -1.45129753917116e+00
  5.46746250516422e+04 -5.69480456356935e-01 -1.15422296449471e+00  2.36526633675848e+00 -1.67238817884428e+00
  5.46797083335996e+04  0.00000000000000e+00  0.00000000000000e+00  0.00000000000000e+00  0.00000000000000e+00
  5.46811666667836e+04  1.14710040558422e-01 -4.95564349142366e-01  3.03274640933570e+00 -2.96414316258062e-01
  5.46848949247673e+04  2.16349722369756e-02 -5.84867213688599e-01  6.66889208690733e-01 -1.49231557466106e+00
  5.46886231829895e+04  2.54431280210299e-01  2.40211220207924e-01  1.39480321485075e-01 -9.33395381722096e-01
  5.46923514416517e+04 -1.33489868963213e+00 -9.27195274599535e-01  2.97073802144458e-01 -1.01200090769210e+00
  5.46960797061018e+04 -1.94310400634499e+00 -1.61105541434557e+00  8.22260792477618e-01 -1.24773608284009e+00
  5.46998079751737e+04 -7.73230325097806e-01 -1.75119099546392e+00  1.75048054821421e+00 -1.38160906394976e+00
  5.47035362442201e+04 -7.48056114764862e-01 -1.22498093234834e+00  3.87109609331229e-01 -8.07922069062863e-01
  5.47072645132558e+04 -1.44557329456988e+00 -2.32757005027503e-01  1.38250320550618e+00 -8.54237085651733e-01
  5.47109927362999e+04 -1.49274818445369e+00 -1.71439124068980e+00  2.75557117968005e+00 -1.10376376644694e+00
  5.47147209958443e+04 -1.33057645657975e-01 -3.47824262250168e-01 -6.46134508721919e-02 -7.58690286622544e-01
  5.47184492553727e+04 -4.70875752987827e-01 -1.58900353184900e-01 -2.31887512378104e-01  4.09935562426020e-01
  5.47221775152893e+04 -2.05291981983009e-01 -1.82158165475991e+00  8.73526120751265e-01 -4.27977654583501e-01
  5.47259057754039e+04 -9.05376207647837e-01 -1.99980361878155e+00  1.76101780344851e+00 -1.83038054660826e+00
  5.47296340354932e+04 -3.93366769363748e-01 -1.73526891939587e-01  8.78406092807956e-01 -1.03311216963649e+00
  5.47333622957141e+04  2.09402408949136e-01 -1.00550912519502e+00  8.61892731255576e-01 -1.63791470435665e+00
  5.47370905563391e+04 -1.54712301005706e+00 -1.14728401783713e+00 -3.80988439986757e-01 -2.43901346384965e+00
  5.47408188168714e+04 -7.15171644342770e-01 -5.57974516398510e-01  1.07061252507154e+00 -1.52409265496626e+00
  5.47475138892720e+04  0.00000000000000e+00  0.00000000000000e+00  0.00000000000000e+00  0.00000000000000e+00
  5.47479930561144e+04 -1.58432778758701e+00 -5.03560146875560e-01  1.27725375567586e+00 -1.64784154316596e+00
  5.47517213173553e+04 -2.32508351971173e-01 -1.51429227447789e+00  1.00008407467997e+00 -1.10769453355781e+00
  5.47554495786829e+04 -1.05709122765850e+00 -2.39609839266954e+00  2.71973414634966e+00  6.87390612548066e-01
  5.47591778399352e+04 -1.65625628569522e+00  5.81854699972983e-02  1.47616074493473e+00 -2.58954412452477e+00
  5.47629061015126e+04 -3.58915455496259e-01 -1.33679083878646e+00  1.52169574270223e+00 -5.76656184191417e-01
  5.47674166671620e+04  0.00000000000000e+00  0.00000000000000e+00  0.00000000000000e+00  0.00000000000000e+00
  5.47679444450673e+04  2.25362553159037e-01 -1.49968559586803e+00  1.28183243243888e-01 -1.92388898913895e+00
  5.47716727068299e+04 -5.60566771690732e-01 -1.17570328796934e+00  9.41637658570187e-01 -1.40298110124855e+00
  5.47754009686540e+04 -1.29752159834525e+00 -2.31813770717563e+00  2.17821536726803e+00 -6.73788807605722e-01
  5.47791292307095e+04 -1.28278258323393e+00 -1.51693934765882e+00  2.75336342785592e+00 -8.86425053362375e-01
  5.47828574928902e+04 -1.74251356086135e-01 -5.51470076109907e-02  3.31535741144769e+00 -1.00703603588601e+00
  5.47865857551933e+04  1.52417718871295e+00 -1.61957380940773e+00  1.14312979268069e+00 -1.38376457963016e+00
  5.47903140176199e+04 -2.27904715620081e+00 -3.11799506413814e+00  2.14288597026440e+00 -9.02571116574692e-01
  5.47940422801980e+04 -1.14551097771419e+00 -1.34527289992025e+00  1.53761561677606e+00  3.29700664044206e-01
  5.47977705426782e+04 -1.29123814576752e+00 -2.23981183089958e+00  1.02607097877036e+00 -1.01590560988626e+00
  5.48014988052766e+04  1.59740119089523e-01 -1.90898389456273e+00  1.38098821006749e+00 -9.83298806093260e-01
  5.48052270677512e+04 -1.36955468583988e+00 -2.34369578173066e+00  2.33712702552221e+00 -1.16915784879233e+00
  5.48089553307038e+04 -1.11614071064257e+00 -1.22834794752692e+00  2.60453548824350e+00 -1.48940997341209e+00
  5.48126835932731e+04 -1.08954323203698e+00 -2.21781669300035e+00  2.38707876631353e+00 -2.32988202590207e+00
  5.48164118561644e+04 -2.29709823567117e-01 -8.24264627795773e-01  2.85132724719008e+00  2.82014451023978e-01
  5.48201401188495e+04 -1.16627321704788e+00 -5.96564234016009e-01  1.03309026640678e+00 -9.17777850646091e-01
  5.48238683817095e+04 -3.32475583505445e-01 -2.71919528544867e+00  8.39256582202080e-01 -8.34608757928299e-01
  5.48275966447709e+04 -1.14453122861507e+00 -1.52680353078722e+00  4.26852695194094e+00 -8.00366141519660e-01
  5.48313249078229e+04 -5.62901775249656e-01  9.57052254885376e-02  2.53420505667535e+00 -1.29476693271869e+00
  5.48350531589167e+04 -6.08456366020439e-01 -2.41813017903757e-01  2.01390338762033e+00 -4.76004710638287e-01
  5.48394305558299e+04  0.00000000000000e+00  0.00000000000000e+00  0.00000000000000e+00  0.00000000000000e+00
  5.48405208336054e+04  1.19936231271138e+00 -5.42245291351336e-01  3.74301535586433e+00 -8.08590400399791e-01
  5.48442490953520e+04 -1.50019754438916e+00 -3.42105847892827e-01  1.64809879942763e+00 -2.06670082583722e+00
  5.48479773583217e+04 -3.06014262686236e-01 -7.06019050700260e-02  2.56242352452902e+00 -1.78252911437888e+00
  5.48517056213160e+04 -3.14034728829092e-01 -1.03726592289448e+00  1.28910352637789e+00 -4.03978488448116e-01
  5.48554338841538e+04 -9.11236795535184e-01 -1.04253702549273e+00  1.14267342994174e+00 -6.55061534617953e-01
  5.48591621470162e+04 -1.03898745151541e+00 -1.00343059271907e+00  1.31741444604240e+00 -2.59020928191711e+00
  5.48628904097212e+04 -1.88070668039039e+00 -2.72774471390650e-01  1.33281265884296e+00 -1.42447725162734e+00
  5.48666186724999e+04 -8.48672764468058e-01 -2.29981139229839e+00  1.53051401367735e+00 -1.97501803852259e+00
  5.48738194447107e+04  0.00000000000000e+00  0.00000000000000e+00  0.00000000000000e+00  0.00000000000000e+00
  5.48744166673831e+04 -3.78549803098327e-01 -1.94908730082455e+00  1.14659519559465e+00 -4.94525577662063e-01
  5.48781449303090e+04 -9.80460076392065e-01  4.83524732351509e-01 -3.73243682397711e-01 -3.16407992672611e+00
  5.48818731929144e+04 -5.17808955464306e-01 -1.79919215339458e-02  1.17643832484326e+00 -4.60916365495907e-01
  5.48856014556794e+04 -1.64927001299562e+00 -1.31002142710044e+00 -1.30946515583195e-01 -1.43702910786996e+00
  5.48893297178624e+04 -6.03694814235535e-01 -2.23406270402614e+00  6.18218865099582e-01 -2.21865113059597e-01
  5.48930579801390e+04  2.99847947685390e-01 -1.50883198571620e+00  9.54837122754592e-01 -1.01458985133873e+00
  5.48967862425776e+04 -9.84721156529565e-01 -1.63421574787565e-01  1.06259538393926e+00 -4.79786106282208e-01
  5.49005145048472e+04 -9.59831467583054e-01 -1.77226926179967e-01  1.17448684334779e+00 -1.48309888912683e+00
  5.49042427671205e+04 -1.74298668739541e+00 -2.41868538126677e+00  1.46557251158429e+00  4.46708591777565e-01
  5.49079710291239e+04 -6.73298149191271e-01 -9.55973207162060e-01  5.81513690046028e-01 -1.15462474087792e+00
  5.49116992910220e+04 -1.83386456724356e+00 -2.47826120143390e+00  9.44372309924475e-01 -1.83871648957468e+00
  5.49154275529062e+04 -1.39053502901871e+00 -1.51457479834650e+00  1.12373369215788e+00 -1.24501890901711e+00
  5.49191558144871e+04 -7.16779496491449e-02 -1.39100141620195e+00  5.57073573871975e-01 -1.44996701719954e+00
  5.49228840761989e+04 -3.56016366303074e-01 -2.85760609301617e-01  5.00929151588959e-01 -1.06512711655172e+00
  5.49266123377766e+04  1.04100169257667e-01 -2.43680538436755e-01  1.73280359103817e+00 -1.52670451155942e+00
  5.49303405993946e+04 -1.70121472918243e+00 -1.40813413552736e+00  1.92242568564669e+00 -6.26187366026856e-01
  5.49340688605660e+04  7.69319883303423e-01 -3.77216283855992e-01  8.41553939343111e-01 -1.31722419987456e+00
  5.49377971215868e+04 -1.25893524630517e+00 -1.51566614362246e-01  1.65012032708984e+00 -1.70886547656217e+00
  5.49415253826089e+04 -1.41501226478403e+00 -1.46318952027581e+00  9.08640523821089e-01 -1.52542436936135e+00
  5.49452536434675e+04 -4.15620320629578e-01 -9.01343233000687e-01  2.36880586966282e+00 -1.80986898234387e+00
  5.49489819041562e+04 -1.21207721298017e+00 -1.62794058867928e+00  1.49176119276448e+00  2.06273561155941e-01
  5.49527101646642e+04 -1.08950565215213e+00 -7.04921711410074e-01  2.96733841811458e+00  5.16350826394999e-01
  5.49564384250395e+04 -4.65817220793573e-01 -1.07319566559111e+00 -7.99426553319468e-01 -1.12930909665543e+00
  5.49601666854050e+04 -2.39948808330967e-01 -1.14312470627505e+00  1.95215358807145e+00 -1.26153158130414e+00
  5.49638949456030e+04 -7.73111028437325e-01 -9.20311771327165e-01  1.59051415039704e+00 -2.60071352485758e-01
  5.49676232056100e+04 -1.28931116683309e+00 -7.69800653939350e-01  2.69871155221823e+00 -5.50532788569162e-01
  5.49713514656529e+04  6.64518497312155e-01 -1.17414526757302e+00  2.33194138083405e+00 -1.05896698122907e+00
  5.49750797252637e+04 -2.97370095677249e-01 -1.01345077820083e-01  2.39506110436289e+00 -2.45558859061301e+00
  5.49788079849015e+04  4.83405578418261e-01 -6.48007596802323e-01  3.05413479476055e+00 -6.76720287832181e-01
  5.49825362446007e+04 -9.40669505070030e-01 -2.06170396563913e+00  2.33136149549700e+00 -1.20498850781598e-01
  5.49862645040533e+04 -1.75504161618086e+00 -2.58125909307665e+00  3.11128791922922e+00 -2.37449098456066e+00
  5.49899927637464e+04 -5.25355768694205e-01 -2.86267951140283e+00  3.20938561224170e+00 -2.14857383899893e-01
  5.49937210228993e+04 -8.19435396870842e-01 -1.59068879923384e+00  2.80412117321950e+00 -1.69602145835505e+00
  5.49974492823378e+04 -3.76816640626598e-02 -2.57301312137277e+00  1.78219672823475e+00 -1.58510619213257e+00
  5.50011775413460e+04  4.77277347053252e-01 -6.77330219310981e-01  2.05004354639725e+00  1.86042413928485e-01
  5.50049058005474e+04 -7.50797057924644e-01 -1.93503842463666e+00  8.73669291839418e-01 -2.53210556040034e+00
  5.50086340597210e+04 -1.18684889056487e+00 -1.54501995236199e+00  2.30963011606175e+00 -2.97487239468765e-01
  5.50123623188032e+04 -1.41187262039595e+00 -4.66719158666163e-01  1.05944314716463e+00 -1.39064445537148e+00
  5.50160905778867e+04 -4.89136575858070e-01 -1.64158276937035e+00  1.29016418729291e+00 -6.94685814000699e-01
  5.50198188369872e+04 -4.05140025758056e-01  2.86692101082409e-01  4.05263422213877e-01 -1.42028973631376e+00
  5.50235470963218e+04 -5.63307590312633e-01 -2.41080006814980e-01  9.70065340702377e-01 -2.61620797096233e-01
  5.50285986111410e+04  0.00000000000000e+00  0.00000000000000e+00  0.00000000000000e+00  0.00000000000000e+00
  5.50290972229562e+04 -1.13454791747924e+00 -2.47763693406066e+00  1.32860606526440e+00 -6.60188905564234e-01
  5.50328254822777e+04 -5.38096132708396e-01 -5.90736129876857e-01  2.73169001897579e+00 -1.33344813055592e+00
  5.50365537413750e+04 -8.24627486624446e-02 -3.04617256689706e+00  1.72568181344778e+00 -2.99377223892027e-01
  5.50402820006980e+04 -6.13386440735342e-01 -1.55997884220050e+00  1.97684106638934e+00 -2.74533944386257e+00
  5.50440102602305e+04 -5.79642406553249e-01 -1.98965789166280e-02  1.17959748076958e+00 -1.29200769407635e+00
  5.50477385197327e+04 -1.14635616082931e+00 -1.15825969825651e+00  1.52208746105191e+00 -1.19883152311961e+00
  5.50514667792187e+04 -1.69636628339500e+00  5.49499996975998e-02  1.27750243679066e+00 -1.40778630404324e+00
  5.50551950389156e+04  3.21196290145361e-01 -5.02093195994871e-01  1.46537140529356e+00 -4.97307115791961e-01
  5.50589232988276e+04 -1.40091873773354e+00 -4.49937701879028e-01  1.05422602616233e+00 -6.38575077157003e-01
  5.50626515587523e+04  3.00880864946441e-01 -2.75687964828973e+00  1.25387920763572e+00 -1.70111619401256e+00
  5.50663798176920e+04 -6.46874900797185e-01 -1.08761675687890e+00  5.86267073090129e-01 -1.28715122905642e+00
  5.50701080766470e+04 -5.43699318591021e-01 -7.40573513182492e-01  1.36129511245326e+00 -2.50130716467219e+00
  5.50738363355950e+04 -9.70969900921919e-01 -2.14753969890569e+00  5.05722044085250e-01 -8.29088281193928e-01
  5.50775645948959e+04 -5.77384308519993e-01 -1.92300965707243e+00  1.39551369672926e+00 -1.65761277982731e+00
  5.50812928540508e+04 -8.98371920271962e-01 -1.44813322358017e+00  1.89439671345532e+00 -1.69102972138367e+00
  5.50850211138817e+04 -8.50581167988095e-01  4.78581489885884e-02  1.62815498699761e+00 -8.85058702578931e-01
  5.50887493735035e+04  9.01747647935740e-02 -6.50889676269680e-01  9.69889988304599e-01 -1.10806107795080e+00
  5.50924776337638e+04  1.78894516904689e-01 -3.15918362943487e-01  5.24700057455387e-01 -5.01399388425436e-01
  5.50962058933032e+04 -1.54538356701491e-01 -1.81448421497513e+00  1.12487991542128e-01 -2.70299531174876e-01
  5.50999341528705e+04 -4.97443014972349e-01 -2.76085120877221e-01  1.59583714973792e+00 -2.31386855074105e-01
  5.51036624126145e+04  6.48976596082978e-02 -2.00179449027089e+00 -3.64477950945852e-01 -1.74609602980547e-01
  5.51073906731272e+04  2.28011664918179e-01 -3.82560167997994e-02  1.52318890813859e+00 -8.83542462058512e-01
  5.51111189331238e+04  3.93343888548124e-01 -1.11676352554662e+00  8.47139542442523e-01 -5.24099782635761e-01
  5.51148471931736e+04 -3.88533931890037e-01 -1.42272673173568e+00 -1.12883382369217e+00 -4.06125950213656e-01
  5.51185754533532e+04 -9.55033266558065e-02  5.17988144826971e-01  1.29592144970724e+00 -9.72622031399984e-01
  5.51223037136285e+04 -6.30661306030641e-01 -2.69121056087708e+00  3.27353524397060e+00 -4.10987045488781e-01
  5.51260319739028e+04 -1.45907817535478e+00 -1.30706438892241e+00  3.91522267608261e-01 -2.99292613388921e+00
  5.51297602341643e+04 -7.03094921419296e-01 -1.56940508535038e+00  1.16682912832565e+00 -1.66120031441680e+00
  5.51334884955901e+04 -3.56571207137761e-02 -2.96645283573070e+00  1.40253304005603e-02 -1.41506020279764e+00
  5.51372167579747e+04 -1.48591593381471e+00 -1.64150076501257e+00  2.05991124588000e+00 -1.07159389007323e+00
  5.51409450204432e+04  6.60502486169927e-01 -7.33206913108305e-01  1.93575961621273e+00 -1.18794619028117e+00
  5.51446732828184e+04 -1.49395746591673e+00 -1.71560209042009e+00  1.74220525431613e+00 -1.63194291485255e+00
  5.51484015456887e+04 -8.48894996581662e-01 -1.52261183884423e+00  1.85026151549640e+00 -1.97957114125536e+00
  5.51521298083947e+04 -2.26467888491650e+00 -7.08510775458521e-02  1.42112942067228e+00 -1.52517181521289e+00
  5.51558580714838e+04 -4.74817714733245e-01 -4.58762993432249e-01  1.35155888568160e+00 -1.47559315845723e+00
  5.51595863342512e+04  8.46155688041283e-02 -6.92317118894006e-01  8.19016113437605e-01 -1.54281189520252e+00
  5.51633145972776e+04 -3.76511149783247e-01 -1.08320707926319e+00  3.43961213148854e+00  9.73175229189982e-03
  5.51670428604861e+04 -9.75759608702270e-01 -2.28742420481822e+00  3.06382633537666e+00 -1.76328716716831e+00
  5.51707711238310e+04 -2.82022056619860e-01 -8.81453307311495e-01  1.88304511716176e+00 -1.71827292423470e+00
  5.51744993868541e+04 -2.19730000561331e+00 -9.05448852728301e-01  2.14178446530473e+00 -8.23968132847668e-01
  5.51782276498889e+04 -6.35962699183661e-01 -2.19144382454187e+00  1.06434350165494e+00 -5.09670836616214e-01
  5.51819559130916e+04 -1.07807803149888e+00 -2.38962960593824e+00  2.53643791893607e-01 -1.59543213629733e+00
  5.51856841759097e+04 -1.14353736123067e+00  6.27469620229381e-02  2.31590700692059e+00 -4.67865846084984e-01
  5.51894124385429e+04 -1.82041594769399e+00 -2.30737438320404e+00  1.96778541880412e+00 -7.88192090730967e-01
  5.51931407018217e+04  1.55991301429004e-01 -1.06666160665312e+00  1.34176047301104e+00 -9.49924553589623e-01
  5.51968689648517e+04  7.83422794999874e-02 -9.04402345830809e-01  3.23122401803037e+00 -9.45593386851482e-01
  5.52005972278437e+04  1.62494507037420e-02 -1.64589466319754e+00  9.28210257605868e-01 -6.14718212728255e-01
  5.52043254902847e+04 -1.16978261879401e+00 -1.44177057247068e+00  3.17307740156209e+00 -1.52130514817609e-01
  5.52080537529029e+04 -2.25592342842133e+00 -3.71923614357516e-01  1.22145198953097e+00 -1.05228937394698e+00
  5.52117820162513e+04 -1.97321392709788e+00 -5.09505843131413e-01  2.56564785439471e+00 -2.17845943222324e-01
  5.52165520841458e+04  0.00000000000000e+00  0.00000000000000e+00  0.00000000000000e+00  0.00000000000000e+00
  5.52173854169745e+04 -1.18901552347173e+00 -1.85195960433673e+00  3.37694443605865e-01 -1.82405943490537e+00
  5.52211136802780e+04 -8.02885302062527e-02 -1.86874552062160e+00  2.09394053748606e+00  7.93707389560379e-02
  5.52248419443530e+04 -1.21344145078160e+00 -2.43646849260404e+00  1.40504900576989e+00 -2.13956150153646e-02
  5.52285702079489e+04  6.56612545149183e-01 -1.32260868639494e-01  1.45480554564785e+00 -7.75258261454706e-01
  5.52322984714722e+04 -9.84717980459932e-01  4.70400814726998e-01  1.58644191981955e+00 -9.59385990380808e-01
  5.52360267350359e+04 -1.52930525267467e+00 -3.61516652990761e-01  1.98723162506749e+00 -6.75524087711409e-01
  5.52397549987753e+04  4.94315566448146e-01 -1.68130853296213e+00  1.66062141241132e+00 -2.93168291102447e+00
  5.52434832622663e+04 -1.04842492933632e+00 -2.32971946923669e-01  4.05290054988629e-01 -1.18469458991591e+00
  5.52472115257014e+04 -7.61947760566235e-01 -2.27464511195810e-01  1.98874850245639e+00 -3.39924153247814e-01
  5.52509397893554e+04 -3.77236770604177e-01 -3.23328731743594e-01  1.98775220330928e+00 -6.64490322320001e-01
  5.52546680526262e+04 -6.79617292451397e-01  8.23483582809793e-01  2.09966422685677e+00  7.81385283157117e-01
  5.52583963156390e+04 -1.41548101846505e+00 -6.13661798263088e-01  1.01037889998283e+00 -1.53540881155150e+00
  5.52621245789735e+04  7.41112401068122e-01 -7.40195381463077e-01  3.75155555026491e-01 -1.98364430758693e-01
  5.52658528421239e+04 -8.92028088499341e-01 -3.41365987385439e-01  3.45669678594299e+00 -1.05864761748689e+00
  5.52695811051053e+04 -1.03432433794171e+00 -8.30308087652385e-01  2.04424905134117e+00  6.51476046163691e-01
  5.52733093683970e+04 -9.39054935289544e-01 -1.81383662010424e+00  1.59878190126479e+00 -1.42988397478526e+00
  5.52770376311783e+04  2.36329849546978e-01 -1.15079560484584e-01  1.65908707821606e+00 -8.46800023040519e-03
  5.52807658942233e+04 -9.95457309102597e-02 -1.66699067254081e+00  7.16482924678456e-01 -1.39698890232576e+00
  5.52844941567778e+04 -6.01705359438811e-01 -1.57967560772179e+00  4.68483411279995e-01 -5.30086774374478e-02
  5.52882224194721e+04 -1.48464826950716e+00 -1.52891287154587e+00  6.03881069191039e-01 -7.69945022406940e-01
  5.52919506822883e+04 -1.47387408325826e+00  1.78555979633346e-01  1.69206401666016e+00 -1.36825089050948e+00
  5.52956789449477e+04 -1.10374577102206e+00 -4.94929094832469e-01  4.62142688232533e-01 -3.57742396422690e-01
  5.52994072082292e+04 -4.79156588690411e-01 -1.15116117221384e+00  5.42136060694239e-01 -1.42729747401223e+00
  5.53031354689351e+04 -4.24404307713283e-01 -4.69800878781592e-01  4.16654412320077e-01 -1.53432275412244e+00
  5.53068637307153e+04  1.25258967124713e+00 -1.72268127443454e+00  1.89857021662840e+00 -6.41289185577183e-01
  5.53105919921295e+04 -4.37195614952818e-01 -2.38291123182571e+00  5.18376547790260e-01 -7.37047833811764e-01
  5.53143202539166e+04 -1.08187051154471e-01 -1.74775225070820e+00  1.33041813176966e+00 -2.86151329669795e+00
  5.53180485151423e+04 -7.71942895175269e-01 -1.30041456700132e+00  1.22686370125879e+00 -1.88443088903765e+00
  5.53217767755938e+04 -2.23617517820398e-01 -1.19240824003134e+00  1.44201525936147e+00 -1.23660609347644e+00
  5.53255050355323e+04 -3.10428415653024e-01 -8.75050056201283e-01  1.76513334830420e+00 -2.04209335058371e+00
  5.53296666673832e+04  0.00000000000000e+00  0.00000000000000e+00  0.00000000000000e+00  0.00000000000000e+00
  5.53303541667384e+04 -6.27790977318583e-01 -2.98860393871209e-01  1.00009126884298e+00 -5.52877277433212e-01
  5.53340824270844e+04 -1.30043983331454e+00 -1.24631068350744e+00  8.86057054639329e-01 -2.22019205543158e+00
  5.53378106864109e+04  7.81428076319155e-02 -1.55250745196631e+00  1.61369075590030e+00 -4.17789621371846e-01
  5.53415389454630e+04 -9.03699408778940e-01 -4.81432586433260e-01  4.39967538300722e+00 -1.14723588667384e+00
  5.53452672048843e+04 -8.63684609369901e-01 -2.12075904679057e+00  2.84047225939028e+00 -1.71780332139405e+00
  5.53490416671389e+04  0.00000000000000e+00  0.00000000000000e+00  0.00000000000000e+00  0.00000000000000e+00
  5.53505625001794e+04  3.27366404688795e-01 -1.07934652155540e+00  3.34894666054532e+00 -8.00741033208018e-01
  5.53543750006228e+04  0.00000000000000e+00  0.00000000000000e+00  0.00000000000000e+00  0.00000000000000e+00
  5.53557500005092e+04 -5.53979245206358e-01 -1.51653841834963e+00  3.80508197383735e+00 -2.16670235015950e+00
  5.53594782584873e+04  5.80772231173254e-02 -9.86940100245532e-01  1.60708283806535e+00 -6.26022232549508e-01
  5.53632065162419e+04 -9.24301624366979e-01 -1.34059724294548e+00  1.68127439333079e+00 -5.92630692929137e-01
  5.53669347743219e+04 -9.81197813146643e-01 -4.99458707423252e-01  2.77151761996973e+00 -2.46908621565633e+00
  5.53706630308182e+04 -8.88748981894226e-01  1.94028035705510e-01  2.89876964708065e+00 -1.05456181618479e+00
  5.53743912874547e+04 -1.01432191424377e+00 -2.09867785786379e+00  3.06851418864516e+00 -1.03757745552496e+00
  5.53781195438597e+04 -4.68941374065572e-01 -1.39768631807181e+00  1.76918553108995e+00  2.67643565716541e-01
  5.53818478005637e+04 -1.79685565746207e-01 -1.48523687946950e+00  2.06576205098353e+00 -2.44238259599054e+00
  5.53855760570277e+04 -3.24543995769748e-01 -8.80475258549665e-01  2.03458377135900e+00  8.16240135879800e-02
  5.53893043136504e+04 -7.97367774830904e-01 -1.74669319060444e-01  1.34130694082885e+00 -1.10419407641389e+00
  5.53930325701100e+04 -1.03501066482984e+00 -2.24596506706639e+00  1.61124807599410e+00 -1.00065185126150e+00
  5.53967608272834e+04 -1.75812757466091e-02 -1.17601039228555e+00  2.80873325252011e+00 -5.86184296642117e-01
  5.54004890837303e+04 -2.24636938639041e+00 -1.19639545245765e+00 -2.44390514207178e-01 -5.98046064447943e-01
  5.54042173407055e+04 -1.27148119368544e+00 -1.13199744734436e-01  3.62975362736157e+00  2.05421629177015e-01
  5.54116738545463e+04  0.00000000000000e+00  0.00000000000000e+00  0.00000000000000e+00  0.00000000000000e+00
