  5.21309998712442e+04  5.64402305207829e-01  8.98173104264297e-01  2.45174181471348e+00  2.47814555967969e+00
  5.21347281046878e+04  1.91808978522235e+00  1.79112574983702e+00  1.43661091076340e+00  1.87822331366611e+00
  5.21384563382441e+04  1.77252796435252e+00  3.13810816959874e+00  1.91648311222714e+00  8.28931013664207e-01
  5.21421845719525e+04  7.88520298470359e-01  1.03237092581091e+00  1.68037513648828e+00  3.61081063592875e+00
  5.21459128054655e+04  2.75882901421779e-01  3.94150104694141e-01  1.20119136014646e+00  1.77028303183468e+00
  5.21496410384886e+04  0.00000000000000e+00  0.00000000000000e+00  0.00000000000000e+00  0.00000000000000e+00
  5.21533692710499e+04  1.74082111101640e+00  2.01870852600558e+00  2.52630400309182e+00  2.53312250593627e+00
  5.21570975034480e+04 -2.25311132975790e-01  1.65558364931181e+00  2.59028673601412e+00  2.39922073856556e+00
  5.21608257388101e+04  1.15910961863375e+00  2.23181448684605e+00  3.96994690893712e+00  2.70169189326768e+00
  5.21666250005311e+04  0.00000000000000e+00  0.00000000000000e+00  0.00000000000000e+00  0.00000000000000e+00
  5.21673750004977e+04  9.20914375464126e-01  8.60923887475378e-01  1.77539518963611e+00  1.64514905966657e+00
  5.21711032361123e+04  2.11476985989475e+00  2.42615035213629e-01 -1.01332746467206e-02  1.35489557859759e+00
  5.21748314705902e+04  0.00000000000000e+00  0.00000000000000e+00  0.00000000000000e+00  0.00000000000000e+00
  5.21785597052801e+04  6.89242119246871e-01  1.93281317260951e+00  3.32434467007682e+00  1.92229719554075e+00
  5.21822879417800e+04  5.06895292929722e-01  2.51406810905751e+00  3.03800573347847e+00  3.15159483799673e+00
  5.21860161770762e+04  9.57689210545923e-01  2.21357414421749e+00  1.15102685616786e+00  2.44985770875705e+00
  5.21897444126146e+04  2.39989796602822e+00  1.31457266749637e+00  2.47637139363757e+00  2.64305118477196e+00
  5.21934726508287e+04  1.49698227406952e-01  2.49637732702702e+00  1.89660452883500e+00  1.49842089719850e+00
  5.21972008871654e+04 -7.63859706401826e-01  1.27709194383869e+00  3.11192276721854e+00  3.29236786515011e+00
  5.22009291248667e+04  4.51359806830307e-01  2.20755615186005e+00  2.74046417801971e+00  3.38824521659680e+00
  5.22046573620418e+04  1.89926843334355e+00  2.96673337041244e+00  2.88731865044550e+00  1.90032597761132e+00
  5.22083856009492e+04 -4.39045748509756e-01  3.33200722409950e+00  2.71281795021424e+00  3.08654428642538e+00
  5.22121138397650e+04  2.72207400317120e+00  2.33088449391403e+00  2.55011242551978e+00  3.45678042157740e+00
  5.22186875000291e+04  0.00000000000000e+00  0.00000000000000e+00  0.00000000000000e+00  0.00000000000000e+00
  5.22200000003866e+04  0.00000000000000e+00  0.00000000000000e+00  0.00000000000000e+00  0.00000000000000e+00
  5.22237282384665e+04  2.53764286324039e+00  1.78730451988530e+00  2.79899046336143e+00  4.00924334219712e+00
  5.22274564790914e+04  5.18753173471980e-01  2.78083261750391e+00  2.40800422274760e+00  3.00606841831204e+00
  5.22311847183681e+04  1.28532671462474e+00  3.24273822162170e+00  3.80789088485247e+00  4.61053696297526e+00
  5.22349129592338e+04  0.00000000000000e+00  0.00000000000000e+00  0.00000000000000e+00  0.00000000000000e+00
  5.22386411994585e+04 -7.11420554948717e-01  1.85874193032895e+00  3.39966807125592e+00  3.69176266168158e+00
  5.22423694396595e+04  3.42697769007734e-01  2.15617742194069e+00  2.74817076531249e+00  3.21357690715944e+00
  5.22460976815904e+04  1.73609396332655e+00  2.81102130157442e+00  2.42669941557473e+00  3.73765600449216e+00
  5.22498259227721e+04  2.50592124284761e+00  2.77192273318662e+00  2.61999780393902e+00  4.68591310110473e+00
  5.22535541654237e+04  8.35751582551021e-01  2.46749906141085e+00  2.71416439261864e+00  2.52924395632172e+00
  5.22572824069863e+04  2.60516294652418e+00  2.47968577124977e+00  2.75714409476055e+00  3.51141172148207e+00
  5.22610106485685e+04  6.95756994605878e-01  1.58403297972543e+00  2.88090001600213e+00  3.38314410635223e+00
  5.22647388921238e+04  1.96885833675565e+00  3.26337516408901e+00  4.09001896542317e+00  3.46770460303104e+00
  5.22684671344480e+04  9.72347022197523e-01  2.93733144661593e+00  4.03174203148810e+00  3.14699289114876e+00
  5.22721953767513e+04 -1.13917609032700e+00  1.97160787776146e+00  2.54205912794631e+00  3.28902209221743e+00
  5.22759236210716e+04  3.56493805196173e-01  1.19564345779867e+00  3.28613077675266e+00  3.16893007908931e+00
  5.22796518640708e+04  9.09097325247437e-02  3.13303969465459e+00  3.72476331131821e+00  4.04839086353132e+00
  5.22833801074191e+04  2.63460770278315e+00  1.70842581984555e+00  6.06045304398434e+00  5.33873688328962e+00
  5.22906250006377e+04  0.00000000000000e+00  0.00000000000000e+00  0.00000000000000e+00  0.00000000000000e+00
  5.22909791668705e+04  1.52063489212342e+00  2.26238037640622e+00  2.90080893107152e+00  2.87594216028845e+00
  5.22947074099965e+04  1.10155331182048e+00  1.42353743196479e+00  2.31701131067233e+00  3.39507402275474e+00
  5.22984356532778e+04  1.37091072862265e+00  2.59906648050119e+00  1.95097643749883e+00  2.97874699901700e+00
  5.23021638964097e+04 -4.34810633302803e-01  1.63693565898757e+00  1.40136473964362e+00  3.08958663982827e+00
  5.23058921412292e+04  1.97626220169402e+00  2.68272589797157e+00  2.54738845040206e+00  2.51631819904837e+00
  5.23096203838263e+04  7.35175716802768e-01  1.24066269474933e+00  2.28166263851357e+00  2.42714248692074e+00
  5.23133486272152e+04  2.12750544386180e+00  3.36830130998985e+00  1.52358217718023e+00  1.41032554041621e+00
  5.23170768706330e+04  5.70816375548939e-01  1.18075998085789e+00  2.65029440189520e+00  2.58980872418218e+00
  5.23208051139422e+04  3.75858274005419e-01  6.72732016099449e-01  1.27733787966604e+00  2.68113306624043e+00
  5.23245333573670e+04  7.33444096434389e-01  3.63087471007401e+00  2.08286531697082e+00  2.36792082655530e+00
  5.23310833333993e+04  0.00000000000000e+00  0.00000000000000e+00  0.00000000000000e+00  0.00000000000000e+00
  5.23314319452801e+04  0.00000000000000e+00  0.00000000000000e+00  0.00000000000000e+00  0.00000000000000e+00
  5.23351601865557e+04 -4.66714449106760e-01  2.13756063768688e-02  3.22137759689857e+00  2.57359032565108e+00
  5.23388884279237e+04  7.55968777045512e-01  1.76066836948797e-01  2.61831523390072e+00  3.95000252243572e+00
  5.23426166692837e+04  1.00478499712148e+00  9.88357911257839e-01  3.52920231930822e+00  1.95192938493215e-01
  5.23463454437963e+04  9.13600300683520e-01  1.43401404222908e+00  9.03706626259316e-01  2.81756644577841e+00
  5.23500736851830e+04  1.98630131874831e+00  1.43290106439807e+00  2.18433446393612e+00  1.83032013053222e+00
  5.23538019251796e+04  2.21697306386301e+00  2.32496272199630e+00  1.63782017598456e+00  3.62725302103568e+00
  5.23575301658831e+04  9.98076376067939e-01  2.08733208418136e+00  2.47921662465500e+00  2.56782492046257e+00
  5.23612584067327e+04 -9.13224462883643e-02  1.20753467795990e+00  1.78056523530987e+00  1.99116479819589e+00
  5.23649866475621e+04  1.24598575144586e+00  3.22439907949873e-01  1.94977311162389e+00  7.37947787599320e-01
  5.23687148867256e+04  2.82200709037493e-01  2.17410196463780e+00  1.33807919342447e+00  2.80940619585202e+00
  5.23724431268555e+04 -6.20542040671075e-02  2.03545330425475e+00  2.29942019550095e+00  1.97091716130001e+00
  5.23761713670463e+04  7.49178950699345e-01  1.91134002240020e+00  2.74192833031445e+00  2.74634957888603e+00
  5.23798996071354e+04 -7.11760620885973e-01  1.56790602285168e+00  2.74893083206650e+00  1.40517948164705e+00
  5.23836278454978e+04  2.34031766425403e+00  1.24309210632739e+00  5.55311536337048e-01  2.78516645833026e+00
  5.23873560850139e+04  1.27082355114624e+00  1.88090120633561e+00  8.79536931381151e-01  2.15177999147317e+00
  5.23910843245219e+04  5.23723074425157e-01  1.21272438572068e+00  2.28618985117006e+00  2.15438145714347e+00
  5.23948125638634e+04  1.29640140925568e+00  1.45184136607700e+00  2.63237774064973e+00  2.54673531983787e+00
  5.23985408019004e+04  2.42369107746304e+00  3.06779184420307e+00  2.07336569857770e+00  4.12770077927372e+00
  5.24025833334432e+04  0.00000000000000e+00  0.00000000000000e+00  0.00000000000000e+00  0.00000000000000e+00
  5.24030000000625e+04  2.48380643559336e+00  3.33554367354026e+00  1.51330242191777e+00  3.13931537232809e+00
  5.24067282394317e+04  1.06008977773692e+00  3.90626316806537e+00  2.57682623924901e+00  3.89784166986400e+00
  5.24104564765857e+04  2.14344275338610e+00  8.83953242767184e-01  5.02699792508689e+00  4.34153670684905e+00
  5.24141847149456e+04  1.14922980793348e+00  3.03440835789938e+00  2.94058687067488e+00  2.53986504247846e+00
  5.24179129531945e+04  1.77640092611760e+00  3.45795404155487e+00  2.64930139972045e+00  3.77640429064333e+00
  5.24216411914606e+04  2.59940856882130e+00  1.86344213226297e+00  2.57179649965795e+00  3.22410579759490e+00
  5.24253694287349e+04  1.10035688561180e+00  2.10427309134983e+00  3.04739200928496e+00  3.96519210083449e+00
  5.24290976669918e+04  1.44738952424168e+00  1.83231580950394e+00  3.19770824379067e+00  1.79231084757383e+00
  5.24328259041668e+04  2.06688048545141e+00  4.43524309816107e+00  2.86781706601467e+00  3.87842908791412e+00
  5.24365541420325e+04  1.20537962021791e+00  3.99363553734739e+00  2.20556857161450e+00  3.57719657278012e+00
  5.24402823800278e+04  1.17838747529255e+00  3.63467181549243e+00  2.24931766728181e+00  3.08158647163090e+00
  5.24440106186989e+04  2.85061154901876e+00  2.86412040555978e+00  3.44409939928236e+00  3.57030329045028e+00
  5.24477388564212e+04  2.23877330889513e+00  2.79496660811304e+00  2.84969756572293e+00  4.76733712355544e+00
  5.24514670942081e+04  1.37197729302995e+00  4.04984544520730e+00  2.57913254956899e+00  3.48260422609776e+00
  5.24551953321051e+04  1.24386606067276e+00  3.98407461266807e+00  2.65425445378174e+00  3.04078461621596e+00
  5.24589235701482e+04  1.76354215855599e+00  3.95008806847674e+00  2.97829060297773e+00  3.14881040814474e+00
  5.24626518080290e+04  2.64952654561909e+00  2.21276955094248e+00  4.63914114046695e+00  3.47244422812283e+00
  5.24663800463357e+04  7.41681236704322e-01  2.31197693343479e+00  1.99101440159463e+00  2.26389514099565e+00
  5.24701082845033e+04  2.87706523729787e+00  3.98997465356415e+00  2.89587136755873e+00  4.84056315767465e+00
  5.24738365227226e+04  1.94408424445109e+00  1.64763008812756e+00  4.30195597434614e+00  2.46971675567929e+00
  5.24775647610486e+04  1.92733245692527e+00  2.28720002361499e+00  2.21386355232757e+00  3.86548491793717e+00
  5.24812929993751e+04  3.57585725911709e-01  1.98688018740526e+00  2.77218741788742e+00  2.14254640001742e+00
  5.24856222230941e+04  0.00000000000000e+00  0.00000000000000e+00  0.00000000000000e+00  0.00000000000000e+00
  5.24860416675244e+04  9.86761510512057e-01  3.16301839120337e+00  2.71404234752953e+00  3.08976188292728e+00
  5.24897699064444e+04  1.45670323646038e+00  1.63253190869192e+00  3.10228282591619e+00  1.24616121624967e+00
  5.24934981452383e+04  9.37766138270500e-01  3.15365834503871e+00  2.05119952287484e+00  3.36011304993172e+00
  5.24972263845592e+04  2.03255169722817e+00  2.86262817198598e+00  4.07748089623273e+00  2.50693800902855e+00
  5.25009546240938e+04  1.32124999877493e+00  3.05064366302677e+00  1.19121890875864e+00  2.21288990532315e+00
  5.25046828637420e+04  1.74273072473174e+00  3.78020063516246e+00  2.14584683697173e+00  2.53874080101932e+00
  5.25084111030511e+04 -7.90720035922080e-01  6.28277048831594e-01  3.03335753475550e+00  2.72315200353714e+00
  5.25121393429733e+04  1.27370794548930e+00  2.85700276403842e+00  1.40469683843190e+00  2.40102265763736e+00
  5.25158675834341e+04  2.33440777704505e+00  1.49721178421875e+00  6.57838710332758e-01  3.76038096863149e+00
  5.25195958241482e+04  1.16681386385931e+00  1.96067374980760e+00  8.75989929099509e-01  2.34244325686360e+00
  5.25233240649617e+04 -8.96779216627413e-01  3.31515965788023e+00  7.10503027813320e-01  4.09228351150896e+00
  5.25270523062860e+04  1.29327278102097e+00  2.39605142642817e+00  1.21611602666408e+00  2.64591902934561e+00
  5.25307805478415e+04  1.98756512825606e+00  2.26377096870611e+00  2.48258612578889e+00  3.09927505899998e+00
  5.25345087894956e+04  2.62560391286238e-01  2.31142333629500e+00  1.30853105246066e+00  1.00661782599020e+00
  5.25382370321655e+04  9.23641247845783e-01  1.90853506986467e+00  1.71454111325176e+00  2.11589459129321e+00
  5.25419652742176e+04  7.89699840445265e-01  5.08834080402374e-01  1.74637310616093e+00  2.10062647944962e+00
  5.25456935170960e+04  1.17114531413160e+00  1.69100814082660e+00  2.39066414488666e+00  1.80090036462251e+00
  5.25494217600163e+04  4.10488055924865e-01  2.55796233538460e+00  2.08842294476713e+00  3.08946629331351e+00
  5.25531500037061e+04  2.11212885459927e+00  2.67494394003419e+00  2.57781560926484e+00  2.82266130065537e+00
  5.25568782474317e+04  1.14370710521466e+00  1.48749853717374e+00  1.85441182714623e+00  3.04961946345237e+00
  5.25606064916724e+04  1.95906950912701e+00  1.35806150606197e+00  1.22048981708183e+00  2.59571357449269e+00
  5.25643347360701e+04  6.96769531254247e-01  1.69746534905766e+00  2.67510435070611e+00  2.51984865629970e+00
  5.25680629809515e+04  7.87371493079012e-01  1.02273241518083e+00  3.26904672891611e+00  3.12215718580315e+00
  5.25717912263321e+04  7.19088172985338e-01  7.25469242678668e-01  1.97309392925077e+00  2.90694164660750e+00
  5.25755194716573e+04 -3.43849936116063e-01  2.54835281075450e+00  3.38697713472105e+00  3.77106570906850e+00
  5.25792477174966e+04  1.51116926668679e+00  2.27791038780406e+00  3.76333150542341e+00  4.51531031164797e+00
  5.25837534723345e+04  0.00000000000000e+00  0.00000000000000e+00  0.00000000000000e+00  0.00000000000000e+00
  5.25841701397489e+04  0.00000000000000e+00  0.00000000000000e+00  0.00000000000000e+00  0.00000000000000e+00
  5.25878983861064e+04  1.70113660729727e+00  2.01307370787725e+00  1.74434289714415e+00  3.81399539149183e+00
  5.25916266333611e+04  1.87637177678599e-02  5.63877074023591e-01  4.18593388287196e+00  1.08956788422186e+00
  5.25953548807548e+04  2.05796294609608e+00  3.55063116741090e+00  1.38752484803808e+00  3.76205544667483e+00
  5.25990831280567e+04  1.23301647257985e+00  1.77980716228028e+00  1.62026805527825e+00  3.65906755809640e+00
  5.26028113759826e+04  2.16787887782946e+00  1.54966840524275e+00  2.55693737333538e+00  5.19607200957130e+00
  5.26065396240590e+04  1.50920628344960e+00  2.89908168336965e+00  3.76551814888255e+00  4.47295683610498e+00
  5.26102678727603e+04  9.46621663163527e-01  2.22859168606684e+00  4.06436608212917e+00  4.51214102880451e+00
  5.26139961216850e+04  1.46068417108237e+00  1.80050070876501e+00  3.59619604202267e+00  3.34406224622119e+00
  5.26177243702362e+04  1.02558518465503e+00  3.23026712441713e+00  3.04419871993118e+00  3.24423329437202e+00
  5.26214526189282e+04  8.29092028050831e-01  3.21689707266257e+00  3.95018941114608e+00  3.72254415940600e+00
  5.26251808682280e+04  2.16156953976936e+00  3.34790648461916e+00  3.13283733613046e+00  3.18659315579295e+00
  5.26289091173854e+04  5.51156580377457e-01  3.80093602705554e+00  3.32430446718033e+00  4.38494446364548e+00
  5.26326373670115e+04  1.63414774041267e+00  3.54624600295516e+00  2.87557761378357e+00  2.47490387448442e+00
  5.26363656168773e+04  2.36984582844085e+00  2.86544848931904e+00  2.37033358576232e+00  4.46515308519335e+00
  5.26400938668259e+04  1.43695002451193e+00  2.39502303819586e+00  3.93645544523281e+00  3.18341038104682e+00
  5.26438221163124e+04  6.66168176720858e-01  2.97837959730970e+00  4.20039737911380e+00  3.93610739141745e+00
  5.26475503659920e+04  7.31149664718400e-01  2.32324028987355e+00  2.42373367956608e+00  4.28560963958081e+00
  5.26512786158798e+04  1.63346311429358e+00  3.47260477450708e+00  2.58944326341648e+00  3.87118373005377e+00
  5.26550068659445e+04  1.57984386353062e+00  3.07632304172720e+00  2.00067498264298e+00  3.34763696796257e+00
  5.26587351156539e+04  2.83507823392308e-01  3.38050577741786e+00  2.72071417880550e+00  3.70333624293737e+00
  5.26624633655925e+04 -3.91652953617261e-01  3.04123549934376e+00  3.06715463307050e+00  1.41443288971805e+00
  5.26661916156413e+04  1.04557380818496e+00  2.34796712379493e+00  2.41317372911350e+00  4.07582378959555e+00
  5.26699198654307e+04  1.23904122734061e+00  2.78403242494512e+00  3.24392880993372e+00  2.11808527295261e+00
  5.26736481151680e+04  6.46517080460945e-02  1.83977815607842e+00  1.56353019617867e+00  3.44707028544139e+00
  5.26773763648982e+04  7.66817806647993e-01  2.23289193719003e+00  1.06410596675234e+00  1.83540896640515e+00
  5.26811046147626e+04  1.36556111549917e+00  1.04811923320939e+00  2.65597775202137e+00  2.56948924949654e+00
  5.26848328644617e+04  2.95595666193568e-01  1.24521428238865e+00  1.71628383507591e+00  2.66248290549265e+00
  5.26885611139423e+04  1.12687490695607e+00  1.08483929985213e+00  2.45561690046640e-01  1.12815183482316e+00
  5.26922893634259e+04  8.70352297682680e-01  1.17550684086250e+00  2.67628176645042e+00  3.22418627715821e+00
  5.26960176121805e+04 -5.33566491421555e-02  2.46579388182282e+00  1.32814816514070e+00  1.19860476829943e+00
  5.26997458612754e+04  1.10398609982296e+00  1.65046234838591e+00  2.44159723351519e+00  3.36296914793538e+00
  5.27034741103102e+04  2.17660495090204e+00  1.96813281361782e+00  3.88854876831503e+00  4.72858852581892e+00
  5.27105243062604e+04  0.00000000000000e+00  0.00000000000000e+00  0.00000000000000e+00  0.00000000000000e+00
  5.27109687506251e+04  5.08295991502356e-01  9.39334294462838e-01  8.49173958164098e-01  2.45185695735530e+00
  5.27146969988937e+04  1.31282536747331e+00  1.33394380044841e+00  2.17406324127170e+00  2.13516858237734e+00
  5.27184252469372e+04  1.06820777828130e+00 -4.83190536958676e-01  3.58751161616025e+00  3.15074073816214e+00
  5.27221534948681e+04  1.26163120459831e+00  1.69015233900487e+00  1.80030981725219e+00  3.68464830833594e+00
  5.27258817421399e+04  6.26060007463562e-01  1.27866078044877e+00  1.47678157485122e+00  2.78817462877938e+00
  5.27296099896597e+04  1.80907831761418e+00  2.87682628662549e+00  2.55498442399188e+00  1.97141916890931e+00
  5.27333382370183e+04  1.11117419600268e+00  2.80530190220565e+00  3.60054978233236e+00  2.57840957260513e+00
  5.27370664842964e+04  1.35664142848963e+00  9.57822808373443e-01  2.07895962989532e+00  2.85544857617282e+00
  5.27407947308785e+04  1.18965839253335e+00  1.92608417867862e+00  3.72268260384738e+00  2.23898291029200e+00
  5.27445229778971e+04  1.29219001916115e-01  1.54330565939201e+00  1.68594685299699e+00  4.15917710392789e+00
  5.27482512241632e+04  1.79401230557137e+00  2.24588076294390e+00  2.81168241418287e+00  2.11269353636864e+00
  5.27519794701100e+04  2.78936789816578e+00  1.70616361777612e+00  1.43489155925808e+00  1.85406791388600e+00
  5.27557077160625e+04  1.64757699402009e+00  2.75573632368045e+00  3.14510393333104e+00  4.09410761232955e+00
  5.27594359619791e+04  8.77300394513056e-01  2.72463198445818e+00  3.00753635890323e+00  3.73685974434510e+00
  5.27631642074339e+04  1.74556957841271e+00  3.52983392559822e+00  3.46738276593363e+00  2.69194523621504e+00
  5.27668924532698e+04  2.08396138902373e+00  2.24468827774050e+00  1.49127214041391e+00  3.64132748279943e+00
  5.27706206984282e+04  1.85954904326582e+00  2.41050365598320e+00  3.44462754147800e+00  3.80518395204763e+00
  5.27743489435764e+04  2.64324922707043e+00  3.04912879612216e+00  3.26593905634190e+00  2.80830251175738e+00
  5.27780771884849e+04  1.86531669988593e+00  2.80720326926947e+00  4.88179787957091e+00  4.86453223334257e+00
  5.27842805563626e+04  0.00000000000000e+00  0.00000000000000e+00  0.00000000000000e+00  0.00000000000000e+00
  5.27844027786088e+04  1.53514965978239e+00  5.01124816082354e+00  2.86812888896296e+00  2.60544480824809e+00
  5.27881310232478e+04  2.12475038066290e+00  3.10260184341584e+00  2.41069564529751e+00  3.00275380845954e+00
  5.27918592680822e+04  3.03007162613628e-01  2.88233858332215e+00  1.42473994256667e+00  2.55995331148429e+00
  5.27955875126842e+04  3.15604706466273e+00  2.95944933868388e+00  2.61626002470515e+00  2.49058399348053e+00
  5.27993157572732e+04  2.65840295033053e+00  4.04559559495468e+00  3.96598627560147e+00  2.64638420352419e+00
  5.28030440014165e+04  2.19585707639553e+00  3.51987875369219e+00  2.53146936918544e+00  3.05428746078201e+00
  5.28067722459874e+04  1.98719917382973e+00  2.05210600560614e+00  4.62069597149218e+00  3.97529655944882e+00
  5.28105004902533e+04  3.03771396187540e+00  3.04737146909391e+00  4.25607768094000e+00  3.65334585190260e+00
  5.28142287348231e+04  1.44789398812950e+00  3.40495609519212e+00  3.69765878321414e+00  4.71963635214826e+00
  5.28179569794535e+04  1.64980644047290e+00  4.04121458847621e+00  3.21280317565236e+00  4.02473801919270e+00
  5.28216852238264e+04  1.53322021857316e+00  3.52685690049396e+00  2.85839812716040e+00  3.86391367410437e+00
  5.28254134681968e+04  1.75332745756373e+00  2.77987852085945e+00  3.20835411663888e+00  4.13232728153311e+00
  5.28291417126077e+04  1.82461961727583e+00  1.73155403930145e+00  3.75592428107130e+00  3.94257186889192e+00
  5.28328699572778e+04  1.83302835936139e+00  3.33908919554506e+00  4.16697243819984e+00  3.16045187535419e+00
  5.28365982017326e+04  6.24133357144124e-01  2.49764186140987e+00  4.17769603973478e+00  3.64649299652831e+00
  5.28403264464155e+04  1.47887239995416e+00  2.20905564244058e+00  3.84169141033364e+00  2.97105262197423e+00
  5.28440546913483e+04  4.40822030476233e-01  3.23275588614833e+00  2.42520220516474e+00  3.14856584662867e+00
  5.28477829362940e+04  1.03607694805107e+00  2.09234125132673e+00  4.20560169918337e+00  3.13081634502425e+00
  5.28515111814664e+04  2.20503340901945e+00  2.77640057054679e+00  9.42593056535072e-01  2.12596984766480e+00
  5.28552394266678e+04  8.85432779366210e-01  4.44905664987346e+00  1.71394074329309e+00  2.68123986965881e+00
  5.28616458338831e+04  0.00000000000000e+00  0.00000000000000e+00  0.00000000000000e+00  0.00000000000000e+00
  5.28640500002661e+04  0.00000000000000e+00  0.00000000000000e+00  0.00000000000000e+00  0.00000000000000e+00
  5.28677782463252e+04  2.02077477427183e+00  2.42122412470804e+00  2.67256440321787e+00  2.52115814595200e+00
  5.28715064921828e+04  3.24396372936310e+00  1.95222109832370e+00  9.41459942128821e-01  2.92396199440756e+00
  5.28752347380728e+04 -1.77127939659970e-01  1.09062297957755e+00  2.17919801982013e+00  2.71077025690082e+00
  5.28789629845798e+04  2.26178081648591e-01  3.42859453162485e+00  2.72559370431166e+00  1.99983629421809e+00
  5.28826912314675e+04  1.70018362796646e+00  2.02201548500073e+00  1.87520489990122e+00  3.30528204402826e+00
  5.28864194783946e+04  7.47390465281583e-01  2.98572277588780e+00  1.60496377776932e+00  1.62092276369507e+00
  5.28901477258496e+04  1.85171750785412e+00  6.75529520390564e-01  2.16101632214302e+00  2.07724187356399e+00
  5.28938759731133e+04  1.31147339444754e+00  2.27768673771025e+00  3.82518799482550e+00  2.96694755701545e+00
  5.28976042206586e+04  1.95286016553232e+00  2.04174043118409e+00  3.82279234688417e+00  4.24013249736912e+00
  5.29013324691480e+04  2.29996898773828e+00  2.94687343516571e+00  2.31385487354118e+00  1.76983273785558e+00
  5.29050607172223e+04  1.87916106495840e+00  2.57891029542924e+00  3.16533007850545e+00  3.51669540180836e+00
  5.29087889662813e+04  2.66625068112893e-01  1.39573181395542e+00  1.45307936947799e+00  3.31721780158981e+00
  5.29125172149849e+04 -3.81313518738077e-01  5.65811549956339e-01  1.83921413554261e+00  1.17264251010356e+00
  5.29162454641355e+04  5.43142468623962e-01  2.31461611195161e+00  2.25026418933498e+00  2.07382444156624e+00
  5.29199737135832e+04  3.80869820258410e-01  3.93131459378698e-01  3.28195208351411e+00  2.07656765561799e+00
  5.29237019635197e+04  6.37824684272468e-01  2.45970191871262e+00  1.18364328520025e+00  1.99406734531687e+00
  5.29274302138241e+04  1.58006370622213e+00  1.68080179844326e+00  1.27155788233828e+00  2.18758057372134e+00
  5.29311584640753e+04  5.77503179144220e-01  1.43054211189894e+00  1.77265902048824e+00  3.75104039439902e+00
  5.29348867147976e+04  2.00065874493313e+00  3.40355445096691e+00  3.29989846303442e+00  3.64925288963290e+00
  5.29409479171836e+04  0.00000000000000e+00  0.00000000000000e+00  0.00000000000000e+00  0.00000000000000e+00
  5.29411805560647e+04  0.00000000000000e+00  0.00000000000000e+00  0.00000000000000e+00  0.00000000000000e+00
  5.29449088066563e+04  1.37253143926839e+00  2.60116169552545e+00  1.73723343941523e+00  2.67857543765247e+00
  5.29486370585787e+04  6.46565173993108e-01  5.20798546782903e+00  3.87151217802799e+00  4.79859201231453e+00
  5.29555659730705e+04  0.00000000000000e+00  0.00000000000000e+00  0.00000000000000e+00  0.00000000000000e+00
  5.29560000001954e+04 -3.75731383481924e-01  1.98566766670055e+00  2.81616693373686e+00  4.29383226155169e+00
  5.29597282524491e+04  1.55128965876152e+00  2.31160319230164e+00  3.35100350167758e+00  2.23913133810358e+00
  5.29634565048934e+04  1.57197084351592e+00  2.16321379021157e+00  3.52488664702773e+00  4.97295102455345e+00
  5.29671847584781e+04  1.00831212278760e+00  2.98418872803554e+00  4.63379301941662e+00  4.66455367098411e+00
  5.29709130114583e+04  1.01796794867952e+00  2.75545966773132e+00  2.40976706550114e+00  5.54869472874564e+00
  5.29746412646610e+04  6.46703430329139e-01  3.85661868539129e+00  3.51481697062982e+00  4.49214724191969e+00
  5.29783695185116e+04  1.94266659299131e+00  4.10984043225431e+00  1.92142226649556e+00  3.41605581061880e+00
  5.29820977723612e+04  3.25789838050837e+00  2.32372856902948e+00  5.10884756237256e+00  5.03179270409811e+00
  5.29858260261875e+04  3.04651122443931e+00  3.90708258446901e+00  5.49606424837762e+00  4.17905417933414e+00
  5.29895542800278e+04  1.26990709504968e+00  2.32344487669576e+00  2.60807036877538e+00  4.14922746312255e+00
  5.29932825340949e+04  2.44866232055813e+00  3.39598618188665e+00  3.01719547151736e+00  5.11411980440399e+00
  5.29970107881642e+04  1.58769576306617e+00  3.40329715756380e+00  3.74075876795970e+00  3.48843460275776e+00
  5.30007390422385e+04  1.85523715295149e+00  3.64129963773079e+00  3.16611455279891e+00  2.98029533864668e+00
  5.30044672972860e+04  1.19847414955265e+00  4.35623030409923e+00  3.52800142104811e+00  4.12860182368093e+00
  5.30081955519584e+04  1.34919135920051e+00  3.56975493733453e+00  3.28769723712240e+00  5.46690234606375e-01
  5.30119238060950e+04  1.51086922479004e+00  2.58039617723428e+00  3.65442687021996e+00  3.78761112958017e+00
  5.30156520601888e+04 -4.62726889946665e-01  2.62439749037175e+00  2.77475537799099e+00  2.14301101202143e+00
  5.30193803158125e+04  1.84076497105816e+00  1.94715369802585e+00  3.61981407560200e+00  3.16742351970937e+00
  5.30231085701992e+04  2.17855416143129e+00  3.90756857452394e+00  3.68558286490667e+00  3.71772721062972e+00
  5.30268368250626e+04  1.05054286809735e+00  9.86373898376563e-01  2.06357617618292e+00  3.77324341731463e+00
  5.30305650798239e+04  1.39555469412312e+00  3.12399751086265e+00  2.52293983807290e+00  2.83518621668648e+00
  5.30342933339490e+04  1.00842062068804e+00  3.26820593559691e+00  1.59934190548360e+00  4.07026229639680e+00
  5.30380215883969e+04  9.96073365621708e-01  3.33562862283620e+00  3.70960064691186e+00  2.53886678506956e+00
  5.30417498428670e+04  9.55792643957136e-01  1.93012560630421e+00  1.08974505800202e+00  2.16783572057372e+00
  5.30454780969527e+04  2.00910100021049e+00  2.48930471894630e+00  2.05568600810830e+00  2.04257048602536e+00
  5.30492063511874e+04  1.22542661595136e+00  2.91877150272757e+00  2.54760332776329e+00  2.87757953976845e+00
  5.30529346052096e+04  8.03144735161610e-01  7.03354567097985e-01  2.93529921298492e+00  1.72682868432097e+00
  5.30566628592582e+04  5.54784197846115e-01  1.01610729595149e+00  2.50633454601792e+00  3.04088752345028e+00
  5.30603911132177e+04  2.22143025181821e+00  2.35170115256236e+00  2.18256335752261e+00  4.31734952936772e+00
  5.30641193666887e+04  1.83951544849300e+00  7.15289858749926e-01  9.50049829247070e-01  2.66445308936957e+00
  5.30678476201424e+04  1.29261357359881e+00  1.72850823711277e+00  2.88093648123763e+00  2.59940582795055e+00
  5.30735833336862e+04  0.00000000000000e+00  0.00000000000000e+00  0.00000000000000e+00  0.00000000000000e+00
  5.30740416674825e+04  0.00000000000000e+00  0.00000000000000e+00  0.00000000000000e+00  0.00000000000000e+00
  5.30777699204342e+04 -8.56046870655728e-01  1.38232174492176e+00  1.75948923809698e+00  2.12382966693252e+00
  5.30814981732038e+04  3.42015293509063e+00  2.27180253118955e+00  1.89877267450991e+00  2.54355387671863e+00
  5.30852264257881e+04  1.07078362637697e+00  2.47053712600828e+00  1.59757423113141e+00  3.47545518092446e+00
  5.30889546781944e+04  5.47153050249353e-01  2.96032543255442e+00  2.48872313752445e+00  1.99139195828657e+00
  5.30926829303149e+04  2.64091994670284e-01  1.47069605154751e+00  8.78274632143922e-01  3.41491177432166e+00
  5.30964111821632e+04  5.28885950579651e-01  6.82885507698993e-01  3.10582839569048e+00  3.46712416476397e+00
  5.31001394339606e+04  3.17525523999774e+00  2.45606293061707e+00  4.48091931853466e-01  4.35437723946113e+00
  5.31038676855476e+04  1.31449495980393e+00  2.21569548516778e+00  2.46219154822975e+00  3.40725480777434e+00
  5.31075959368911e+04 -7.41743645512269e-01  2.22897644027252e+00  2.12950995001936e+00  2.85056746529711e+00
  5.31113241879792e+04  1.01941230786442e+00  1.99753992803912e+00  3.01408426427321e+00  4.34010224995095e+00
  5.31150524390521e+04  1.71370696807758e+00  2.02233232483352e+00  1.43415167194874e+00  2.96659188944445e+00
  5.31187806896215e+04  1.23349484342161e+00  2.37424163442177e+00  3.07474923493949e+00  3.02717012307504e+00
  5.31225089401666e+04  1.78157762507037e+00  3.21744172849291e+00  1.43428634827950e+00  4.63625655217138e+00
  5.31262371905185e+04  8.68166247411233e-01  2.58162090701461e+00  2.81850211901444e+00  3.78985102794502e+00
  5.31299654406287e+04  1.17867095844256e+00  2.21962387399149e+00  2.41625187247889e+00  3.40522334883734e+00
  5.31336936906748e+04  4.56841195399086e-01  3.49769453742587e+00  3.93529432660765e+00  3.10230968497866e+00
  5.31374219404953e+04  8.36279996489181e-01  2.34790078338394e+00  4.85216930029223e+00  2.81747092073191e+00
  5.31411501902940e+04  1.29738523904712e+00  3.63377439753464e+00  3.63533131922335e+00  2.97587087668118e+00
  5.31448784398067e+04  9.94927416768895e-01  1.76042262791153e+00  2.99133707032479e+00  4.60946305218317e+00
  5.31486066891490e+04  2.21890533441417e+00  3.40574132311770e+00  3.70111480302615e+00  3.62725442878438e+00
  5.31523349383370e+04  9.99608689171464e-01  1.93514181843108e+00  3.50437305840869e+00  2.25454574333070e+00
  5.31560631873703e+04  2.51331206369919e+00  2.62826780204202e+00  2.90888132354352e+00  3.07009943922126e+00
  5.31597914366550e+04  1.54093741149969e+00  3.42248347399634e+00  3.62614675990546e+00  3.89358741563124e+00
  5.31635196856539e+04  2.32413288237745e+00  3.25663664314512e+00  4.65708193548127e+00  3.38175813588597e+00
  5.31672479344388e+04  2.83293739955505e+00  2.92012559710486e+00  2.62843769560646e+00  3.82691036470363e+00
  5.31709761834558e+04  1.80093798970946e+00  3.21227221417952e+00  4.13398156565087e+00  3.40952493531807e+00
  5.31747044321760e+04  2.19773890444304e+00  4.79784407117032e+00  2.77613427090388e+00  3.61996558458463e+00
  5.31784326807640e+04  9.28993204831709e-01  2.94863284349815e+00  3.28488622663173e+00  3.08229333416801e+00
  5.31821609295498e+04  3.89212039890709e+00  3.38755106928014e+00  3.53327344574441e+00  3.49349942146662e+00
  5.31858891783391e+04  3.47549878051910e-01  3.48186361624951e+00  2.51099370491363e+00  4.50189422351984e+00
  5.31896174271562e+04  1.99389499529560e+00  3.78377084009766e+00  3.48912038090906e+00  5.08713634060027e+00
  5.31933456757698e+04  2.24836317228369e+00  4.72515470960192e+00  2.90715769778595e+00  4.43145967883748e+00
  5.31970739246239e+04  1.81274405851806e+00  4.08640168655803e+00  3.49161466329678e+00  2.98463863937112e+00
  5.32008021734918e+04 -1.09784021977044e+00  2.38251279523955e+00  3.78577532419604e+00  4.06274556141837e+00
  5.32045304223505e+04  8.17425799591616e-01  2.07902961838125e+00  3.28284882339849e+00  4.47367659993010e+00
  5.32082586714005e+04  1.90906850850284e+00  1.89155164152425e+00  3.14453060758075e+00  3.04696972732411e+00
  5.32119869204560e+04  1.24954475435516e+00  3.26864750001693e+00  3.27281223831538e+00  3.57782239066697e+00
  5.32157151695902e+04  8.94632932175534e-01  3.34593453532282e+00  4.03756295189161e+00  4.09228366934053e+00
  5.32194434188716e+04  1.26680779829159e+00  3.14170542705648e+00  1.69412870821221e+00  4.29134479950053e+00
  5.32231716684723e+04 -2.58573623754083e-02  3.87078607985248e+00  2.86879146933654e+00  2.57978757053630e+00
  5.32286736116699e+04  0.00000000000000e+00  0.00000000000000e+00  0.00000000000000e+00  0.00000000000000e+00
  5.32291250003379e+04  1.06230841839103e+00  3.68490298661549e+00  1.79545441241135e+00  3.17720709199748e+00
  5.32328532502396e+04  1.01285076152163e+00  1.90698707612487e+00  1.24943650227072e+00  2.02678036017609e+00
  5.32365815001758e+04  7.38841824893403e-01  2.95009481447922e+00  3.07185275817498e+00  3.33442243025515e+00
  5.32403097506088e+04  2.45325110442895e-01  1.61964732116013e+00  2.49544013014654e+00  2.39451005486493e+00
  5.32440380010682e+04  2.24440484142405e+00  9.63781997770104e-01  1.61357950016636e+00  2.65789426718430e+00
  5.32477662517027e+04  1.49919616310097e+00  2.15595086546398e+00  2.61453090729311e+00  5.09813880926182e-01
  5.32514945024617e+04  9.40375770149206e-01  1.89678937911624e+00  2.50903870132166e+00  1.19664777398797e+00
  5.32552227537235e+04  1.22691797749520e+00  3.66386795517283e+00  2.51879970762538e+00  2.88332797629194e+00
  5.32589510054641e+04  2.25547369897755e+00  2.85321293486952e+00  7.12537483742965e-01  2.68011815156910e+00
  5.32626792569897e+04  1.29844772815170e+00  1.39256077768733e+00  2.43371656078145e+00  4.07254416033603e+00
  5.32664075090480e+04 -2.69030701991423e-01  2.94854512286062e+00  2.88432770287455e+00  3.59002678303727e+00
  5.32701357613761e+04  6.61109437087268e-01  1.41233437784144e+00  1.07296003690310e+00  2.28389123055136e+00
  5.32738640139167e+04  1.79975588433030e-01  2.93779030713936e+00  1.59087924180197e+00  3.02825139060655e+00
  5.32775922665150e+04  2.15982454335191e+00  1.56671947268989e+00  1.97380538849867e+00  2.05659805024782e+00
  5.32813205195242e+04 -1.90632229158129e-01  1.17371484299631e+00  1.35715303701124e+00  4.06432348420515e+00
  5.32850487732105e+04  1.60527921191998e+00  3.94869729512084e+00  1.92209647453921e+00  1.85815242294038e+00
  5.32887770266712e+04  1.57762167972684e+00  2.29065368301410e+00  3.06726979237952e+00  2.68142415525069e+00
  5.32925052804318e+04  6.62762724031701e-01  5.11658364783496e-01  2.07708795312574e+00  3.25688183668957e+00
  5.32962335345718e+04  6.91360543923231e-01  1.74976492818653e+00  2.36099189660664e+00  3.31384175010506e+00
  5.32999617889364e+04  1.67267856113403e+00  3.26491914166354e+00  2.51032822138392e+00  2.39392372324001e+00
  5.33036900434559e+04  1.03277584100560e+00  1.32927153311235e+00  2.70623381118641e+00  2.85981711632188e+00
  5.33074182985150e+04  8.20158036323220e-01  8.84498880941341e-01  2.79011036388944e+00  1.75668755254414e+00
  5.33111465534446e+04  7.68692056152152e-01  1.21781993040139e+00  2.50527264407844e+00  2.79918628394146e+00
  5.33148748087452e+04  1.47525362551179e+00  2.48600484827933e+00  3.46629505573617e+00  3.17328576582993e+00
  5.33186030641238e+04  1.74685741663696e+00  3.43359345810027e+00  2.79468850412320e+00  5.45409543980320e+00
  5.33223313200497e+04  1.52982376754243e+00  3.28301285314225e+00  3.10440103363612e+00  4.23688583954350e+00
  5.33260595760338e+04  1.18753238815172e+00  3.24449047291520e+00  4.03147906052466e+00  2.83584618702840e+00
  5.33297878323425e+04  1.65429926188616e+00  3.39098099591884e+00  2.74879710521269e+00  3.64366113119240e+00
  5.33335160885869e+04  1.12112190668596e+00  4.52043584126827e+00  4.15640448849363e+00  3.92415003696797e+00
  5.33372443450126e+04  1.30570949102441e+00  1.71479050245291e+00  4.02929855856310e+00  2.96196879203801e+00
  5.33409726018645e+04 -7.88420608726615e-02  2.15133968722152e+00  4.81476238358387e+00  5.03005679333710e+00
  5.33447008610602e+04  1.36143779394171e+00  3.00121331074986e+00  2.96383481951394e+00  4.33605500877505e+00
  5.33484291157964e+04  3.11234906521009e+00  3.97042646054703e+00  3.21618617811666e+00  3.88107041073108e+00
  5.33537361112801e+04  0.00000000000000e+00  0.00000000000000e+00  0.00000000000000e+00  0.00000000000000e+00
  5.33541875008611e+04  9.92134087424887e-01  2.21137993699906e+00  3.69287854615826e+00  3.40735870398820e+00
  5.33579157581066e+04  2.52765625697135e+00  3.97873435283278e+00  4.13290750985637e+00  4.78211116919606e+00
  5.33616440155917e+04  2.70476287195385e+00  3.42977954746699e+00  1.71515255533617e+00  3.80201789488291e+00
  5.33653722730522e+04  1.30645005924012e+00  4.62177857042381e+00  4.06131113196338e+00  4.47423542094155e+00
  5.33691005307383e+04  2.84298977905360e+00  2.35273352816100e+00  3.75833815997735e+00  3.92926862246664e+00
  5.33728287884026e+04  1.18064612540592e+00  2.84331129911851e+00  4.69507861655994e+00  3.48298596158693e+00
  5.33765570458911e+04  4.47612437778603e-01  2.05032676709192e+00  3.10933171668975e+00  4.28674527717351e+00
  5.33802853036271e+04  2.84061731938429e+00  3.24407455046297e+00  2.18254010703722e+00  1.78555437477676e+00
  5.33840135613936e+04  2.00801760144611e+00  4.30948235661443e+00  5.24746859492689e+00  4.21939064309617e+00
  5.33902500004677e+04  0.00000000000000e+00  0.00000000000000e+00  0.00000000000000e+00  0.00000000000000e+00
  5.33918333339862e+04  2.46546368372504e+00  2.53673780945598e+00  3.02799335963018e+00  2.93222164631587e+00
  5.33955615912790e+04  1.81685474864205e+00  1.31696721012715e+00  2.14272782855450e+00  3.23135269304151e+00
  5.33992898490624e+04  2.20665202921050e+00  2.61064095169243e+00  2.74744936422703e+00  2.90253967628373e+00
  5.34030181064073e+04 -5.13449653641722e-02  3.94272270319801e+00  2.99703267556804e+00  1.70735911711155e+00
  5.34067463639779e+04  2.02234867013716e+00  2.51370279972460e+00  2.56796292673755e+00  2.09792464250592e+00
  5.34104746212986e+04  1.08792822523903e+00  2.10704652034227e+00  1.65448867927908e+00  1.73923586810010e+00
  5.34142028783496e+04  6.78564288762583e-01  2.48364339123692e+00  2.55127085588153e+00  4.96979787788515e+00
  5.34188750008530e+04  0.00000000000000e+00  0.00000000000000e+00  0.00000000000000e+00  0.00000000000000e+00
  5.34230000006620e+04  0.00000000000000e+00  0.00000000000000e+00  0.00000000000000e+00  0.00000000000000e+00
  5.34267282574816e+04 -5.67801462330154e-02  1.81281316712239e+00  2.66618147286874e+00  2.30435274685354e+00
  5.34304565139700e+04  1.74825753059594e+00  1.28945569763463e+00  3.38530472534269e+00  2.58582733503104e+00
  5.34341847701841e+04  2.12682676431519e+00  1.75018383536983e+00  2.32045094105207e+00  1.27311763840098e+00
  5.34379130270432e+04 -2.51333520242467e-01  2.27279780285079e+00  2.64787646155911e+00  2.29082272093822e+00
  5.34416412829663e+04  4.37608312748143e-02  2.37766321124749e+00  1.44923108162345e+00  1.52524763043419e+00
  5.34453695389238e+04  1.24942186149164e+00  1.56961779928612e+00  3.47934901776175e+00  3.73565687657381e+00
  5.34490977949098e+04  1.02611502893206e+00  2.43231054435696e+00  2.82294157262232e+00  2.99656728162636e+00
  5.34528260504605e+04  1.62473971994053e+00  3.04229243700342e+00  2.46725584478158e+00  1.92734558224046e+00
  5.34565543060394e+04  1.11386006802005e+00  2.90173034726076e+00  2.84533548034695e+00  4.62361530833576e+00
  5.34602825612835e+04  1.08079915571702e+00  9.84072840761581e-01  4.29616150337190e+00  3.05407894842080e+00
  5.34644375008820e+04  0.00000000000000e+00  0.00000000000000e+00  0.00000000000000e+00  0.00000000000000e+00
  5.34648958333970e+04  2.97341965368447e-01  2.80464122768963e+00  2.40601359427236e+00  1.18105549438497e+00
  5.34686240880811e+04  1.47697346565457e+00  2.69225225418419e+00  2.20529756995515e+00  3.26919262862457e+00
  5.34723523427363e+04  2.21474288265562e+00  3.47472093881507e+00  2.59980254410555e+00  3.01734941550504e+00
  5.34760805971214e+04  2.93284956361475e+00  1.65131460094614e+00  3.68373869004893e+00  3.05156368059832e+00
  5.34798088513104e+04  3.09287543087802e+00  3.77023270702212e+00  3.20123740253069e+00  2.96041648906119e+00
  5.34835371053010e+04  1.20288951010707e+00  2.15838993840463e+00  1.67869240671337e+00  3.02696191114644e+00
  5.34872653592082e+04  2.55606623649557e+00  2.57679485543103e+00  1.83942055048158e+00  3.08956339455493e+00
  5.34909936126818e+04  1.83811342597742e+00  2.82206273527763e+00  9.73482399166340e-01  2.87241236283800e+00
  5.34947218659167e+04  1.68390425409107e+00  2.10387994928130e+00  1.91418124636064e+00  3.89620217757108e+00
  5.34984501191377e+04  1.29942387456893e+00  4.59094896939673e+00  2.16924291485259e+00  2.72277448321675e+00
  5.35021783721261e+04  0.00000000000000e+00  0.00000000000000e+00  0.00000000000000e+00  0.00000000000000e+00
  5.35059066253402e+04  2.40352640956811e+00  2.01141976421211e+00  4.02074439687508e+00  4.53908947134190e+00
  5.35096348783276e+04  1.34481802092784e+00  4.37741605276677e+00  3.11308485382623e+00  4.97604383640675e+00
  5.35133631308783e+04  2.14413236903704e+00  2.25167656526764e+00  4.86392290747550e+00  3.54599268258409e+00
  5.35170913834049e+04  1.59154798613153e+00  3.14162705576219e+00  3.42540854968041e+00  3.29289429122346e+00
  5.35208196359110e+04  2.39170934357836e+00  2.55124851249619e+00  4.32775548895567e+00  4.93594505698526e+00
  5.35256479170070e+04  0.00000000000000e+00  0.00000000000000e+00  0.00000000000000e+00  0.00000000000000e+00
  5.35257479173611e+04  1.68947703902802e+00  3.32169550795577e+00  4.75128332337376e+00  4.25374087204774e+00
  5.35294761694901e+04  1.83666179323632e+00  3.95640506762238e+00  4.96974405950164e+00  2.38255784467867e+00
  5.35332044216494e+04  2.05710311065510e+00  3.55636558666639e+00  4.85848861262870e+00  4.65963352756285e+00
  5.35369326736619e+04  9.40627097828121e-01  4.18362898078623e+00  3.45318886855033e+00  3.60076945797564e+00
  5.35406609259143e+04  3.59142548579526e+00  3.58384406908870e+00  1.61709070791612e+00  2.18576441774064e+00
  5.35443891779444e+04  3.70175091960137e+00  3.45826242625545e+00  3.38448223672602e+00  3.28685724495975e+00
  5.35481174301690e+04  2.80307158600007e+00  4.44545033744825e+00  3.63085077973236e+00  5.64399673815234e+00
  5.35518456822118e+04  2.28010157751909e+00  2.45792927496844e+00  2.93229543596219e+00  3.89130523493738e+00
  5.35555739342672e+04  2.37314889372060e+00  2.88831689788657e+00  3.17894735690945e+00  4.43322366371441e+00
  5.35593021863888e+04  3.22120910222603e+00  3.42185117042224e+00  4.71874121210441e+00  4.01134291161616e+00
  5.35630304384307e+04  1.04979966262338e+00  2.80343015450198e+00  2.80560336130017e+00  4.55677772503410e+00
  5.35667586907119e+04  1.77021240856293e+00  1.53917905766931e+00  1.71519915594919e+00  2.90953513936119e+00
  5.35704869427698e+04  1.18150081291106e+00  4.29643574813179e+00  4.36522173582387e+00  3.54471763693300e+00
  5.35742151950416e+04  1.53032953390834e+00  2.56156048059009e+00  2.49951356849930e+00  4.31402996701172e+00
  5.35785694449122e+04  0.00000000000000e+00  0.00000000000000e+00  0.00000000000000e+00  0.00000000000000e+00
  5.35790277779273e+04  1.84094600923309e+00  4.33483389413501e+00  4.43415183138815e+00  3.61697633624199e+00
  5.35827560304305e+04  1.67256146796583e+00  3.63127099121348e+00  3.35888780902220e+00  4.47577571204772e+00
  5.35864842830346e+04  1.65069543076048e+00  2.78631465625455e+00  3.15947020820978e+00  1.61445542057899e+00
  5.35902125356563e+04  1.27299972180120e+00  2.28683875402078e+00  2.73851961813313e-01  2.44573126226196e+00
  5.35939407887487e+04  1.25795819624933e+00  3.42249883685246e+00  3.93398842848647e+00  2.33414417365618e+00
  5.35976690418464e+04  2.71545654786387e+00  2.74242455981909e+00  3.99940921319904e+00  2.02962039735969e+00
  5.36013972947222e+04  1.82548850038760e+00  3.11647917546887e+00  2.06465327623552e+00  9.43246447597060e-01
  5.36051255485359e+04  2.31630335721444e+00  3.57920152444753e+00  3.27151913140022e+00  3.15883752868873e+00
  5.36088538018994e+04  2.98414662447720e+00  1.79450435386472e+00  2.43039800111756e+00  1.59795899742618e+00
  5.36125820562151e+04  1.35390811125548e+00  3.47268148070948e+00  2.43467216017395e+00  2.14441418369359e+00
  5.36163103101563e+04  2.65236812028247e+00  2.24507772067337e+00  2.36126999504287e+00  2.78174468544945e+00
  5.36200385643310e+04  1.22074580014792e+00  7.45277645359022e-01  2.18540729529127e+00  1.43590354281917e+00
  5.36237668185161e+04  1.32914327248683e+00  2.12099175010396e+00  1.94362311449182e+00  3.78717243600492e+00
  5.36274950736434e+04  1.67265014281538e+00  1.06743686788423e+00  2.80824712558850e+00  2.75365700081225e+00
  5.36312233285592e+04  1.76851915873229e-01  1.78457951723999e+00  2.91025660673796e+00  1.38048393707920e+00
  5.36349515839292e+04  1.24723063185760e+00  2.53084115982482e+00  1.98297127065765e+00  2.34177574354908e+00
  5.36386798397858e+04  1.56427725042576e+00  1.77481960686909e+00  2.00013918297054e+00  2.85097291969019e+00
  5.36424080952454e+04  1.50910436423640e+00  1.65662419689346e+00  2.44796744173208e+00  3.73353393578534e+00
  5.36461363512015e+04  1.54790717330030e-01  1.14601267747442e+00  2.52178856422119e+00  2.65445442054839e+00
  5.36498646074697e+04  1.15936648888583e+00  1.57171679027919e+00  8.95079749810792e-01  2.47753353156514e+00
  5.36535928637174e+04  4.35871279515622e-01  2.43101603548824e+00  2.87786536989181e+00  1.99812793791745e+00
  5.36573211204214e+04  4.83725575745054e-01  5.87920299995605e-01  2.73653473029686e+00  2.42369449198556e+00
  5.36610493773321e+04  1.05770243749636e+00  3.10342342790455e+00  3.34724262665364e+00  1.51908276035992e+00
  5.36647776344584e+04  1.71228861566284e+00  1.81162574037345e+00  2.47077658700933e+00  3.34903331615650e+00
  5.36685058919872e+04  2.01154157268499e+00  3.06797890657020e+00  2.33027175440359e+00  2.37797787186014e+00
  5.36722341494851e+04  1.79725990129504e+00  3.30838193785488e+00  2.46252719752649e+00  4.28384866543498e+00
  5.36759624069502e+04  2.62418275926426e+00  2.78808364894609e+00  2.62804714048184e+00  3.44129966849135e+00
  5.36796906652557e+04  1.31107896095931e+00  1.27610874221597e+00  3.96934043461002e+00  3.89627212060993e+00
  5.36843854171435e+04  0.00000000000000e+00  0.00000000000000e+00  0.00000000000000e+00  0.00000000000000e+00
  5.36848750005071e+04  1.22464197466527e+00  1.58888820557757e+00  3.89275760735420e+00  3.25297125219366e+00
  5.36886032588379e+04  6.57634420597455e-01  2.95140888845449e+00  1.29494559190626e+00  3.29502020586615e+00
  5.36923315172464e+04  9.27815441678892e-01  1.74932413587927e+00  3.88461707707321e-01  3.95404168677421e+00
  5.36960597758461e+04  9.07300075892786e-01  2.31456496994716e+00  3.10533117163639e+00  5.18837441897439e+00
  5.36997880347244e+04  2.00091086301059e+00  3.96471340330834e+00  2.66751871190820e+00  4.43008462840329e+00
  5.37035162938900e+04  2.32503643545557e+00  2.88885603604352e+00  3.59021233044804e+00  2.14954755552713e+00
  5.37072445525219e+04  4.98341945568650e-01  3.76609186731050e+00  3.38868650683854e+00  4.72157878810473e+00
  5.37109728122534e+04  3.78391326516452e+00  3.15110340562550e+00  3.64557812507603e+00  4.58819228756251e+00
  5.37147010712177e+04  2.54784452124972e+00  1.39719193836896e+00  3.97250830849798e+00  3.48410559499218e+00
  5.37184293307013e+04  1.81967417464946e+00  3.42115939896931e+00  3.12418119220927e+00  4.44402528450670e+00
  5.37221575901448e+04  1.17880431740325e+00  2.60536276152710e+00  3.18262722844744e+00  4.66837368474681e+00
  5.37258858493333e+04  2.68035719826877e+00  2.94331462882518e+00  3.07712228957630e+00  3.84942856129945e+00
  5.37296141086726e+04  2.55296627089267e+00  3.68434144040923e+00  1.44776359396707e+00  3.67738446121024e+00
  5.37333423680729e+04  1.92788659484252e+00  1.39269160598120e+00  3.17537583580975e+00  3.09449615552500e+00
  5.37370706163126e+04  1.10262371455084e+00  2.34558585312521e+00  3.34596837350587e+00  4.68205904060005e+00
  5.37407988758809e+04  2.78328497441394e+00  3.43184647112232e+00  4.51534434992830e+00  1.66445490539231e+00
  5.37445271354964e+04  1.28961590367334e+00  2.62586599797610e+00  3.94830290456619e+00  3.08017524847728e+00
  5.37482553951342e+04  2.24389008352805e+00  3.10721145943665e+00  3.05553594863739e+00  3.19401088677109e+00
  5.37519836547929e+04  2.22857801310609e+00  2.84778407108000e+00  4.04955129730885e+00  5.15603367331307e+00
  5.37557119144665e+04  2.06706577351697e+00  1.87190688776769e+00  4.01526486961370e+00  3.35828222551203e+00
  5.37594401741712e+04  1.34683167147139e+00  2.58297307102863e+00  3.51129370191479e+00  3.77803166583440e+00
  5.37631684335728e+04  1.05361714784418e+00  3.14407646053142e+00  2.85322826902945e+00  3.78941720170096e+00
  5.37668966932569e+04  2.02317411657054e+00  1.69854668961064e+00  3.50618436325444e+00  3.77490885001187e+00
  5.37706249526852e+04  6.98552587495329e-01  2.84033326410513e+00  3.04789578786093e+00  1.25461714494093e-01
  5.37743532118563e+04  1.05671916065442e+00  1.84730271181942e+00  9.35910499305760e-01  2.82828977005019e+00
  5.37780814712723e+04  1.92905737529538e+00  1.92475336476336e+00  3.49940374169587e+00  2.55465002216635e+00
  5.37818097305139e+04 -4.74590747139809e-01  1.17747221093220e+00  2.18223377949991e+00  2.58639772904468e+00
  5.37855379897987e+04  4.52465003168698e-01  2.97312492285973e+00  1.94592739096919e+00  2.97490063762307e+00
  5.37892662485392e+04  1.38134217065142e+00  2.07446769734597e+00  2.34172458411235e+00  2.31917237214743e+00
  5.37929945074570e+04  1.26002366494537e+00  2.14604978366216e+00  1.31259827344494e+00  2.06996352137445e+00
  5.37967227664098e+04  2.20247765080124e+00  2.27581852886031e+00  3.76652024882221e+00  2.58317179077987e+00
  5.38015729173634e+04  0.00000000000000e+00  0.00000000000000e+00  0.00000000000000e+00  0.00000000000000e+00
  5.38021319451505e+04  8.91323523328739e-01  2.17602324650595e+00  2.64174469072152e+00  1.56265542413535e+00
  5.38058602035672e+04  1.31547720686683e+00  2.79963191879826e+00  2.81489179514781e+00  2.59713133087565e+00
  5.38095884620487e+04  1.56346010311233e+00  9.76186036936435e-01  2.72493003150804e+00  2.26901375093750e+00
  5.38133167200254e+04  7.54206541640214e-01  1.59312303653096e+00  1.89142696340356e+00  2.27992003175753e+00
  5.38170449779862e+04  1.65562534225453e+00  2.78767405792168e+00  3.03294701131526e+00  3.17235526454939e+00
  5.38207732356516e+04  1.72443209269674e+00  2.08380512887195e+00  2.87110299828970e+00  1.92484104631376e+00
  5.38245014933472e+04  3.47635725175548e-01  1.40097131455300e+00  1.79198788759519e+00  1.62691884196717e+00
  5.38282297508586e+04  2.08371721812288e-02  9.59779753216183e-01  3.45330676716369e+00  2.33381771742395e+00
  5.38319580081712e+04  1.92284864345442e+00  3.99949081243425e+00  1.98682868689011e+00  3.09205491051588e+00
  5.38356862654964e+04  2.50731645537606e+00  2.39549068080501e+00  2.48202477395069e+00  2.20080118508375e+00
  5.38394145223923e+04  1.30997066265362e+00  1.78603420154996e+00  1.44976432510770e+00  3.84567998281538e+00
  5.38431427793137e+04  1.19721026191432e+00  2.90967694842941e+00  3.39522900858695e+00  3.36892911262107e+00
  5.38468710355116e+04  2.34823564174006e+00  2.19310950732288e+00  3.65364418243678e+00  4.52366169149670e+00
  5.38505992919954e+04  1.20093704375847e+00  3.11174483059597e+00  3.63433497982647e+00  4.14221728275540e+00
  5.38543275482570e+04  1.73232007477876e+00  3.04614541796552e+00  2.08905182666482e+00  2.56779621747049e+00
  5.38580558042767e+04  3.20681634997813e+00  2.92386159534278e+00  2.99406628097009e+00  4.39334961081832e+00
  5.38617840603136e+04  1.15089540822129e+00  3.32665411574924e+00  1.99706088218815e+00  3.66357289481086e+00
  5.38655123158856e+04  2.42338597429751e+00  2.87396273659848e+00  3.55728100751800e+00  1.57498655351597e+00
  5.38692405714605e+04  1.81643462808667e+00  4.65592474917966e+00  3.28609147696217e+00  5.17766037923445e+00
  5.38729688270370e+04  2.02591415775544e+00  3.70284145773634e+00  3.83949302415768e+00  3.21995618760651e+00
  5.38766970823900e+04  1.38265824588580e+00  4.15747029971990e+00  2.72039995800246e+00  3.34778392267907e+00
  5.38804253375207e+04  3.66878329346487e+00  3.24741740908503e+00  2.34257538701563e+00  4.65049234320759e+00
  5.38841535926387e+04  3.45845337282645e+00  4.40853746810066e+00  3.46268650890361e+00  4.16335434438624e+00
  5.38878818477361e+04  1.82586936249486e+00  3.20747710836357e+00  5.63667934777950e+00  3.30899867276179e+00
  5.38916101025614e+04  2.25761085220208e+00  2.98080104505384e+00  4.95593498772596e+00  2.98071555157269e+00
  5.38953383571805e+04  2.63234203392432e+00  5.13448315382872e+00  4.80329851660208e+00  4.49394050892927e+00
  5.39005868062604e+04  0.00000000000000e+00  0.00000000000000e+00  0.00000000000000e+00  0.00000000000000e+00
  5.39011875000566e+04  3.57904803589339e+00  4.83208079462968e+00  3.00230573041103e+00  4.07129574519151e+00
  5.39049157546736e+04  2.32461530001593e+00  3.99329013661779e+00  4.63789245465313e+00  3.59562512351359e+00
  5.39086440093022e+04  3.40744291643143e+00  2.37121441241650e+00  4.61668707166712e+00  5.19454797619914e+00
  5.39123722639594e+04  9.26269420311319e-01  4.65171591767167e+00  4.33777949341936e+00  4.76448436706088e+00
  5.39161005188021e+04  1.38016399830354e+00  3.22457593319299e+00  4.27238722446725e+00  3.04552874430014e+00
  5.39198287727141e+04  2.73181607297434e+00  3.67752961377886e+00  4.22527630910479e+00  4.73686018257568e+00
  5.39235570270613e+04  2.53750046050730e+00  4.67776924802315e+00  4.56454849092212e+00  4.38981705316126e+00
  5.39272852816678e+04  1.28456326189213e+00  3.92336854490567e+00  4.29748490451216e+00  2.88093246156567e+00
  5.39310135360487e+04  1.55270254154402e+00  2.42961688942718e+00  1.63928376325346e+00  1.93854558052857e+00
  5.39347417906690e+04  1.17652036555965e+00  2.35537308235146e+00  3.73091643805355e+00  2.53008469059435e+00
  5.39384700453022e+04  3.03226909525524e+00  3.34517097759442e+00  3.71295102480070e+00  3.12687102824499e+00
  5.39421982999468e+04  3.09712122006322e+00  2.14413489902359e+00  2.03780267787896e+00  4.05816435846697e+00
  5.39459265547696e+04  1.25912852459166e+00  4.08222630408710e+00  1.51840237893105e+00  3.70049209508894e+00
  5.39496548098958e+04  1.62933963099663e+00  2.92535428921847e+00  2.86830608013736e+00  4.53596609080995e+00
  5.39533830650253e+04  1.32563617305102e+00  2.95733293315088e+00  1.12981354763389e+00  2.81411547198519e+00
  5.39571113199305e+04  7.51655514049631e-01  1.87696359895942e+00  1.69408342417927e+00  1.90992248036305e+00
  5.39608395752958e+04  2.78348014974422e+00  2.51963481132458e+00  5.88599191299448e-01  2.35057214544913e+00
  5.39645678306562e+04  1.39187848329503e+00  1.45459495162607e+00  2.54288688072919e+00  4.23710283849260e+00
  5.39682960862603e+04  1.05332321502313e+00  2.69683133636387e+00  1.96736082052082e+00  2.31053575046641e+00
  5.39720243420959e+04 -5.82794007029995e-01  2.37911171135008e+00  3.22553861889771e+00  2.23494612024440e+00
  5.39757525981667e+04  1.20252351733432e+00  9.50498330560467e-01  3.00172989186396e+00  3.65234909108017e+00
  5.39794808544660e+04  4.10609480391858e-02  2.29513798667229e+00  1.96320741076227e+00  3.59100531361120e+00
  5.39832091110046e+04  1.75141415735414e+00  3.30664056042522e+00  1.60741766233643e+00  2.43911462536632e+00
  5.39869373675172e+04  2.71676483685450e+00  1.83821360851586e+00  3.05179329644845e+00  2.08664286962041e+00
  5.39906656245081e+04  2.05077953763200e+00  1.49852487827113e+00  1.07448205034319e+00  2.41034577132241e+00
  5.39943938814860e+04  1.09435795271422e+00  3.02382310305757e+00  3.29444061273541e+00  3.98785503542688e+00
  5.39981221389063e+04  1.86003860749407e+00  3.15888257426107e+00  1.73642867569534e+00  2.32252276162070e+00
  5.40018503963010e+04  2.76409562970832e+00  2.73894203788301e+00  2.32834293300543e+00  1.99374752706309e+00
  5.40055786541400e+04  2.19264083358904e+00  2.57523066437436e+00  2.78839871653126e+00  3.50987946881077e+00
  5.40093069119397e+04  4.02204903039516e-01  1.89660811499727e+00  3.18856987941999e+00  3.88849857468172e+00
  5.40130351700776e+04  1.46844896146050e+00  2.01770555931167e+00  2.04099281544774e+00  2.33312053640582e+00
  5.40167634285670e+04  1.34108138019371e+00  9.93197977100783e-01  2.31586499032060e+00  2.64474196906558e+00
  5.40204916869826e+04  2.68466271588730e+00  4.00343126393008e+00  4.41507627030526e+00  1.62738780321491e+00
  5.40242199460196e+04  2.44178656403084e+00  2.90505665954955e+00  1.49339017387660e+00  2.42511508534223e+00
  5.40279482047651e+04  1.13573602983794e+00  4.11115606441089e+00  2.62716106899357e+00  3.91530333208566e+00
  5.40316764641574e+04  1.75649354321766e+00  2.43849162344101e+00  4.18099647220450e+00  3.20960479735371e+00
  5.40354047234976e+04  2.43308835654710e+00  3.52147864092118e+00  2.32227045482203e+00  3.70601534163328e+00
  5.40391329829920e+04  1.07654111959510e+00  2.40495680985352e+00  3.34240328554305e+00  3.12311435496891e+00
  5.40428612426447e+04  2.44213178825739e+00  4.75023728106180e+00  2.78231671216358e+00  4.06980083776899e+00
  5.40486041669894e+04  0.00000000000000e+00  0.00000000000000e+00  0.00000000000000e+00  0.00000000000000e+00
  5.40492048613670e+04  2.45658937337784e+00  2.60734831377516e+00  2.93234472720203e+00  2.49399568186467e+00
  5.40529331215533e+04  1.33763480304715e+00  4.27619013459381e+00  2.37338576583936e+00  3.53078550992611e+00
  5.40566613816896e+04  6.72783486194712e-01  3.14681680700819e+00  3.70993613401539e+00  4.64104823439160e+00
  5.40603896417338e+04  1.30119922244427e+00  3.19436328428118e+00  4.40942127432536e+00  4.19937467964460e+00
  5.40641179021645e+04  1.21741768807409e+00  3.08339793573933e+00  3.79122488541900e+00  3.94294335784879e+00
  5.40678461627314e+04  2.03214030210170e+00  2.82708902157915e+00  2.82182732124623e+00  4.41365098976233e+00
  5.40715744232558e+04  2.62969112919333e+00  3.51940778972459e+00  3.40274368687648e+00  5.89840585536189e+00
  5.40753026840949e+04  1.26526353786260e+00  3.21177679148191e+00  4.90266723339202e+00  4.13212910949613e+00
  5.40790309446841e+04  2.50068851795701e+00  2.17352441691988e+00  3.00390563035940e+00  4.06983615578133e+00
  5.40827592057290e+04  2.91617442437107e+00  2.88711838555457e+00  3.74600456721242e+00  2.94165218578840e+00
  5.40864874664712e+04  2.38571894756556e+00  3.71757585894977e+00  4.33166179731168e+00  3.70005373961410e+00
  5.40902157273902e+04  1.14603200919274e+00  3.47738472630767e+00  2.83385403051804e+00  4.29275315890920e+00
  5.40939439882788e+04  2.15843349228597e+00  3.94307884226677e+00  3.62005799659801e+00  5.97627154332722e+00
  5.40976722493032e+04  1.11158171734065e+00  2.18337621738657e+00  3.47761666256936e+00  5.06382109120568e+00
  5.41014005102592e+04  2.41615412180309e+00  3.33962944429889e+00  3.74680684833627e+00  3.45641221505122e+00
  5.41051287713136e+04  2.04458240797803e+00  3.70292372774642e+00  3.64437872439594e+00  2.85611136498557e+00
  5.41088570323993e+04  1.68406363320973e+00  4.41446784516229e+00  4.49164963958738e+00  3.40880425673594e+00
  5.41125852935936e+04  2.81081843133125e+00  3.79581404364656e+00  3.94136835888719e+00  3.45774105947399e+00
  5.41163135545682e+04  2.95487817044050e+00  2.99726663411584e+00  5.10550699008676e+00  3.19803067385547e+00
  5.41200418154549e+04  2.90073634650538e+00  8.94609346921756e-01  1.78011195555987e+00  2.08046190304309e+00
  5.41237700764955e+04  9.18010479522960e-01  1.97805315796326e+00  4.40014808491501e+00  4.16568197027286e+00
  5.41274983375655e+04  2.18799374668043e+00  3.21362487092304e+00  1.98809522295983e+00  2.86168563562202e+00
  5.41312265985740e+04  1.25933062685781e+00  2.22077030493280e+00  3.06430711693287e+00  2.86762595829374e+00
  5.41349548594085e+04  1.17477124103134e+00  2.91484763571409e+00  2.30377951240977e+00  3.70879811562363e+00
  5.41386831204167e+04  3.01357151975715e-01  2.99884468787238e+00  2.15915949557684e+00  3.16434053826751e+00
  5.41424113810995e+04  8.02203507160489e-01  3.45077223465432e+00  2.82021543486361e+00  2.54983884469574e+00
  5.41461396418541e+04  2.04018124737677e+00  1.36859772122495e+00  3.23021692423755e+00  2.42649636557974e+00
  5.41498679026609e+04  7.23008071858367e-01  2.89949384659532e+00  1.93882221686159e+00  2.43218693423544e+00
  5.41535961630801e+04  1.42390422538754e+00  1.49366808866223e+00  2.93084054095559e+00  1.53988380581615e+00
  5.41573244237976e+04  3.21548291932047e-01  3.59036926752364e+00  2.82844251292662e+00  2.72311341267380e+00
  5.41610526840104e+04  1.82485089126940e+00  1.53711975700733e+00  1.36164646537427e+00  2.84414406359067e+00
  5.41675416668275e+04  0.00000000000000e+00  0.00000000000000e+00  0.00000000000000e+00  0.00000000000000e+00
  5.41681666669734e+04  1.81886463562782e+00  9.50488893085456e-01  3.05411123250928e+00  1.98289290950956e+00
  5.41718949270972e+04  8.91816946716258e-01  3.16252199971197e+00  2.87233841628575e+00  1.94106836502619e+00
  5.41756231869756e+04  1.20508124039439e+00  1.38830114956544e+00  1.74829417039880e+00  1.60477283692474e+00
  5.41793514467165e+04  4.49619103494276e-01  2.17879574442796e+00  1.38054716183969e+00  2.53834023199324e+00
  5.41830797065233e+04  1.58594956862399e+00  2.36951953770910e+00  1.91888132945619e+00  2.62114791978191e+00
  5.41868079659571e+04  1.89916185098190e+00  2.99624059596450e+00  2.32892278951935e+00  2.41056035863627e+00
  5.41905362253959e+04  1.02557392672839e+00  3.41543383360213e+00  2.32482874783871e+00  3.18169323256261e+00
  5.41942644846990e+04  2.07525214405249e+00  2.54505523895637e+00  1.72526296007293e+00  2.99969852509424e+00
  5.41979927437395e+04  2.73211434669507e+00  2.91360333102810e+00  2.62758556134101e+00  3.60399647524675e+00
  5.42017210031387e+04  1.74893499995982e+00  1.73530930880855e+00  3.41599849072820e+00  3.23575525786381e+00
  5.42054492616216e+04  2.63513411886267e+00  3.44532145406545e+00  4.21822887464649e+00  9.84427278346906e-01
  5.42091775203843e+04  1.72870110520559e+00  2.06069748518929e+00  2.43577408949848e+00  2.22367719725417e+00
  5.42129057788969e+04  2.53646758412071e+00  2.15024920255543e+00  2.25681766296599e+00  2.64747116661048e+00
  5.42166340373716e+04  1.97345452425067e+00  4.65553904196969e+00  2.17004631199152e+00  2.98635451091672e+00
  5.42203622953298e+04  1.42127738777855e+00  2.56796740999431e+00  2.80405624936999e+00  4.12231161090203e+00
  5.42240905532697e+04  2.00039244148879e+00  3.40378408516430e+00  3.34779920211712e+00  2.62612368064326e+00
  5.42278188112395e+04  1.81942269071545e+00  4.80938628094226e+00  4.44141052629238e+00  3.32529031088006e+00
  5.42315470688079e+04  2.88268637195186e+00  3.07620144822310e+00  3.87205689247579e+00  3.12675273496794e+00
  5.42352753263576e+04  2.07744174599303e+00  2.78655320267267e+00  4.34187548272186e+00  4.61037116642983e+00
  5.42390035839283e+04  2.32161458708985e+00  4.18398953814956e+00  3.07163033296635e+00  3.40460091742587e+00
  5.42427318410520e+04  1.99656074488143e+00  2.66304753260047e+00  4.20630704529062e+00  4.72835267964405e+00
  5.42464600981840e+04  5.32248765439501e-01  3.46772329051500e+00  3.13698687091349e+00  3.26659276822888e+00
  5.42501883556262e+04  2.00737705021308e+00  3.66211609457575e+00  4.20294118486804e+00  3.78222490245674e+00
  5.42539166123183e+04  2.82556939771981e+00  4.41056463342929e+00  3.70658059081489e+00  4.79210056893510e+00
  5.42576448692338e+04  2.89158779383725e+00  3.04174185475711e+00  3.39907656050695e+00  3.51977695492474e+00
  5.42613731259168e+04  3.54029825562622e+00  2.42381479927372e+00  2.89182115363119e+00  3.33025246824843e+00
  5.42651013826967e+04  5.81732137039623e-01  3.17255839622850e+00  2.86746855442518e+00  4.12280603883061e+00
  5.42688296394375e+04  2.73453726947200e+00  3.20677058011674e+00  3.88077774601849e+00  4.38295044550582e+00
  5.42725578958703e+04  4.37971367169353e-01  5.29841595556667e+00  3.99015925575205e+00  3.90969515698667e+00
  5.42764583333740e+04  0.00000000000000e+00  0.00000000000000e+00  0.00000000000000e+00  0.00000000000000e+00
  5.42768333335613e+04  0.00000000000000e+00  0.00000000000000e+00  0.00000000000000e+00  0.00000000000000e+00
  5.42779166672962e+04  0.00000000000000e+00  0.00000000000000e+00  0.00000000000000e+00  0.00000000000000e+00
  5.42785416671355e+04  3.35285466335302e+00  2.81477280092343e+00  2.32235167763380e+00  3.51333536652250e+00
  5.42822699235914e+04  2.98133042876027e+00  4.13372391223461e+00  4.12261656769084e+00  3.82800930080965e+00
  5.42859981795926e+04  2.31581966869104e+00  4.31817336343027e+00  2.70741762993757e+00  4.32875132449782e+00
  5.42897264359318e+04  2.77296975773305e+00  4.48823293466814e+00  4.71043619958258e+00  4.37493488402942e+00
  5.42934546922965e+04  2.64257982663232e+00  5.42397913091181e+00  4.26505473714344e+00  4.57279868583277e+00
  5.42971829488785e+04  1.90776466324925e+00  3.71017810837264e+00  2.93373369226103e+00  3.99338138755506e+00
  5.43009112052315e+04  2.31197609397056e+00  3.84250265193159e+00  2.51981483997980e+00  2.97533252323627e+00
  5.43046394618160e+04  2.42749273597161e+00  3.92786939828807e+00  2.93895340356329e+00  4.18246795461742e+00
  5.43083677183992e+04  7.85188417010825e-01  2.30108297381699e+00  2.45167565917463e+00  2.81387822398127e+00
  5.43120959751911e+04  1.28248435592676e+00  1.81279864974884e+00  3.72508201277818e+00  3.71281427273207e+00
  5.43158242319688e+04  1.40717465430170e+00  3.44900681380874e+00  2.34401697465662e+00  3.98722891363821e+00
  5.43195524889978e+04  8.33733826023921e-01  2.83788743502159e+00  3.59093626910183e+00  3.25650836701271e+00
  5.43232807460242e+04  1.43287168231414e+00  2.30923617071538e+00  1.97008912016647e+00  2.71030900588697e+00
  5.43270090030613e+04  9.33137210904799e-01  2.32311034237044e+00  3.05982499522264e+00  3.85995350871198e+00
  5.43307372603355e+04  1.79703079554804e+00  1.63503687208592e+00  2.26047470121729e+00  1.97212988372711e+00
  5.43344655178553e+04  1.11375749363432e+00  1.51089911145921e+00  9.23832212768109e-01  3.48762153573287e+00
  5.43381937755614e+04  6.23451087141648e-01  1.87069038908887e+00  1.66617991013684e+00  2.41190893076381e+00
  5.43419220333393e+04  2.83229365564268e+00  2.90897135560254e+00  3.17763069740872e+00  2.67745593135101e+00
  5.43485208339271e+04  0.00000000000000e+00  0.00000000000000e+00  0.00000000000000e+00  0.00000000000000e+00
  5.43495625008381e+04  0.00000000000000e+00  0.00000000000000e+00  0.00000000000000e+00  0.00000000000000e+00
  5.43532907596144e+04  2.10542490625575e+00  2.07230959650597e+00  1.34314144164730e+00  2.40161334257100e+00
  5.43570190178878e+04 -7.15830753769772e-01  2.69959091856342e+00  3.60505556638826e+00  3.24381137002309e+00
  5.43607472768276e+04  1.65889151846233e+00  2.73891020320019e+00  8.35773509684909e-01  2.77968094239797e+00
  5.43644755357189e+04  1.95817282810176e+00  2.82258789875479e+00  1.72189183547996e+00  3.38962182164144e+00
  5.43695000000509e+04  0.00000000000000e+00  0.00000000000000e+00  0.00000000000000e+00  0.00000000000000e+00
  5.43701250000716e+04  1.45489720104976e+00  1.64234907695270e+00  2.24341200097468e+00  1.67732817697174e+00
  5.43738532595094e+04  1.49107791068898e+00  1.87134830738644e+00  2.36929673349783e+00  3.42307611417828e+00
  5.43775815191308e+04  1.92258817228422e+00  3.36490581477113e-01  4.38044042535333e+00  2.69822256058839e+00
  5.43813097791274e+04  1.35425833972133e+00  2.72474588082994e+00  3.20869722293396e+00  2.90000000177247e+00
  5.43850380391009e+04  1.75768582832600e+00  1.37561574337597e+00  2.87100236032460e+00  3.12235571556679e+00
  5.43887662992499e+04  3.65820220936467e-01  2.81469572786392e+00  3.09449289427762e+00  2.32659991677281e+00
  5.43924945599131e+04  2.41690253157027e+00  2.31789313822362e+00  2.22959961454704e+00  3.21385314445979e+00
  5.43962228202859e+04  1.45813415376508e+00  2.34004420086053e+00  2.86355851514421e+00  1.76371266915258e+00
  5.43999510810545e+04  2.16272465891893e+00  1.74684404454733e+00  3.14668982887895e+00  1.42181483486502e+00
  5.44036793417452e+04  1.47889638073795e+00  2.37843401658271e+00  2.90911699154684e+00  2.35732536956464e+00
  5.44074076029735e+04  2.42848089636250e+00  3.19986039470965e+00  3.18543820195636e+00  4.03729876301498e+00
  5.44145833337731e+04  0.00000000000000e+00  0.00000000000000e+00  0.00000000000000e+00  0.00000000000000e+00
  5.44200000003309e+04  9.70914527731058e-01  2.77763083161507e+00  4.50958075002264e+00  4.73712686232087e+00
  5.44237282617361e+04  1.97067210139887e+00  3.36597375927279e+00  3.45097517730565e+00  5.24172000122440e+00
  5.44274565232744e+04  2.53972148278142e+00  3.45630960542518e+00  3.32001913037448e+00  4.67830791218096e+00
  5.44311847849535e+04  3.95457490771956e+00  3.20937455014171e+00  5.05035188670574e+00  5.38055096058358e+00
  5.44349130465369e+04  2.75089386816747e+00  4.18394439536880e+00  3.04570544259059e+00  4.15210315157955e+00
  5.44386413082686e+04  2.34627589218619e+00  4.31818100743971e+00  3.17437332182247e+00  3.16856987712997e+00
  5.44423695701424e+04  3.53127955182333e+00  4.18439289219574e+00  4.11784177521377e+00  5.53570696521635e+00
  5.44460978321042e+04  2.86371302209588e+00  5.81346797123805e+00  2.21314726654678e+00  3.96524041427738e+00
  5.44498260938090e+04  4.29739714810814e+00  4.92775183368130e+00  4.10235926929471e+00  3.15909242945357e+00
  5.44535543559165e+04  3.50535403705328e+00  2.22580000293094e+00  3.60039567808644e+00  4.33714416564186e+00
  5.44572826179664e+04  2.87964701257680e+00  2.69994568250419e+00  4.68130927082304e+00  3.75912513466960e+00
  5.44610108799790e+04  1.91684262136241e+00  3.54671027746623e+00  2.71507684088548e+00  3.81350303358104e+00
  5.44647391421910e+04  1.59826015675493e+00  3.62427746427192e+00  3.42571373075608e+00  5.71108993414661e+00
  5.44684674039271e+04  2.92662598130447e+00  2.45317996949464e+00  5.16369652409279e+00  4.19036057361679e+00
  5.44721956661264e+04  2.21706179028123e+00  2.30952581932618e+00  3.83601319346314e+00  2.98275648166909e+00
  5.44759239283173e+04  2.55343151520297e+00  3.24044973220803e+00  3.54553615038413e+00  4.91274131225080e+00
  5.44796521904166e+04  3.99253120139775e+00  2.54071667315686e+00  3.35753030925220e+00  4.23463919580379e+00
  5.44833804527883e+04  2.89506198910796e+00  4.40125099705337e+00  3.89848157531828e+00  5.03324466184612e+00
  5.44885243060476e+04  0.00000000000000e+00  0.00000000000000e+00  0.00000000000000e+00  0.00000000000000e+00
  5.44889409727453e+04  2.28422105204922e+00  2.31865568776399e+00  3.11547904552372e+00  2.63439811395111e+00
  5.44926692348148e+04  1.19989900368993e+00  3.21721298767427e+00  1.67356521640622e+00  2.71439997809205e+00
  5.44963974964987e+04  1.09061975126200e+00  1.89086012064271e+00  3.16901030142855e+00  3.12390914930521e+00
  5.45001257582188e+04  1.95416867050649e+00  1.76336900510927e+00  1.94623569599322e+00  2.80413340379980e+00
  5.45038540200834e+04  6.62324399007573e-01  2.67309326198781e+00  3.57577391406550e+00  4.00019705437701e+00
  5.45075822821693e+04  1.21773842902752e+00  1.82539443341174e+00  3.29154540755049e+00  3.69716832949961e+00
  5.45113105437362e+04  1.41179459886965e+00  2.38203340481819e+00  1.72999547315612e+00  2.64381735750690e+00
  5.45150388053819e+04 -1.31341580018055e-01  1.82988046815023e+00  1.69448105244841e+00  2.61153307659246e+00
  5.45187670666829e+04  4.32864054898639e-01  1.36703494079412e+00  2.45255468524586e+00  3.76500857252299e+00
  5.45224953283068e+04  1.50770654752226e+00  2.44421585318328e+00  9.38812746658469e-01  4.19078240055970e+00
  5.45262235900186e+04  2.39948288925948e+00  2.09103611578025e+00  2.89191408476088e+00  2.13965762102805e+00
  5.45299518510869e+04  2.94527949249144e-01  2.06764107744711e+00  1.88960831149844e+00  2.82746641762854e+00
  5.45336801124676e+04  1.05895785187915e+00  1.77819312466961e+00  2.80244628103299e+00  3.48352038606575e+00
  5.45374083737059e+04  2.56337343815574e+00  2.08902256954892e+00  1.85767377741318e+00  2.39135391175950e+00
  5.45411366347083e+04  1.89067746356878e+00  1.89125802912033e+00  3.24595501501750e+00  3.45624846564781e+00
  5.45448648956759e+04  1.16529201795441e+00  4.96426116034799e-01  2.08333577538974e+00  2.78252720327451e+00
  5.45485931564976e+04  2.34375731527702e+00  1.40839145702818e+00  2.06397882003288e+00  1.38814320008327e+00
  5.45523214172972e+04  2.32013653950106e+00  7.03743369721146e-01  2.80220938508129e+00  3.11503017752383e+00
  5.45560496778299e+04  1.02616044182435e+00  2.80419667179075e+00  2.51231108888311e+00  2.71968377154864e+00
  5.45597779382350e+04  2.53858327067302e+00  3.57988959905875e+00  3.62288219046586e+00  2.65837529263685e+00
  5.45635061984110e+04  3.07339870820383e+00  2.51704071068961e+00  2.32767058915120e+00  2.42600168852433e+00
  5.45672344588552e+04  1.14603381030263e+00  1.50412244150460e+00  1.36224462378192e+00  3.58809670797231e+00
  5.45709627186796e+04  2.24035999294372e+00  3.53427687137796e+00  3.05606796359826e+00  3.53020330496149e+00
  5.45746909786042e+04  1.92423270088320e+00  2.91830684900212e+00  3.45748142401817e+00  3.76996218458365e+00
  5.45784192381018e+04  2.13218465357970e+00  3.19242892923283e+00  3.22378137800789e+00  2.51886189470806e+00
  5.45821474978751e+04  9.09171454858860e-01  1.89092301130897e+00  2.48337172449654e+00  2.03736632467438e+00
  5.45858757572292e+04  1.20415056425016e+00  3.14818909004286e+00  2.08283186554191e+00  1.60105135366043e+00
  5.45896040163981e+04  3.55382826717084e+00  3.59284478712588e+00  4.08806603565609e+00  4.08973152447458e+00
  5.45933322754225e+04  1.71973015769136e+00  2.66215023665975e+00  2.64114852600491e+00  3.24578238464391e+00
  5.45970605345139e+04  2.76655474327219e+00  3.89359677054653e+00  2.58708562683711e+00  2.94720584061601e+00
  5.46007887931504e+04  2.76111281519248e+00  3.71797355211029e+00  4.34523417505678e+00  3.47395835464367e+00
  5.46045170517813e+04  2.34705542795298e+00  4.39807534255082e+00  2.84917752034614e+00  3.50227992616610e+00
  5.46082453104178e+04  1.80423765298758e+00  3.73151537118784e+00  2.34043794576164e+00  3.68354356759829e+00
  5.46119735688379e+04  4.41633107194596e+00  4.99638460255717e+00  3.01740178069369e+00  3.82134467993270e+00
  5.46157018272743e+04  1.85029175973088e+00  4.88928563440100e+00  4.32072464818665e+00  5.27736320789699e+00
  5.46216131948033e+04  0.00000000000000e+00  0.00000000000000e+00  0.00000000000000e+00  0.00000000000000e+00
  5.46222083341052e+04  2.20891486797119e+00  3.51326575365271e+00  3.22785409617569e+00  6.51934865306830e+00
  5.46259365921204e+04  2.46634865711127e+00  4.33597103324741e+00  4.21283621361376e+00  4.76938234120389e+00
  5.46296648501167e+04  2.35768561451036e+00  2.93063850746245e+00  2.69309255951055e+00  3.52005339332205e+00
  5.46333931079063e+04  2.80074332715803e+00  3.00039900820858e+00  4.15409571787772e+00  4.23423669994047e+00
  5.46371213659081e+04  3.70185259563796e+00  3.81070150973469e+00  3.03736322389859e+00  4.96182704445013e+00
  5.46408496236760e+04  1.81756166545548e+00  3.85897426615443e+00  3.30110841499139e+00  5.49323217389310e+00
  5.46445778812386e+04  1.90406153784972e+00  3.51466892866338e+00  4.11166464956934e+00  2.60775808158587e+00
  5.46483061390244e+04  9.11274806638669e-01  4.66364241486435e+00  4.30299509243215e+00  3.99195677832096e+00
  5.46520343968055e+04  2.79420304829695e+00  3.35754269447213e+00  3.51301193081260e+00  2.70370921393252e+00
  5.46557626545927e+04  2.93847816223113e+00  2.88322869933156e+00  3.25310984953051e+00  4.66820647673334e+00
  5.46594909123807e+04  1.11192632785068e+00  2.42542580036844e+00  2.78844483662664e+00  4.08890835570711e+00
  5.46633402781089e+04  0.00000000000000e+00  0.00000000000000e+00  0.00000000000000e+00  0.00000000000000e+00
  5.46634402778483e+04  2.82520652181498e+00  3.66716791893883e+00  3.55845914335723e+00  3.87725864611268e+00
  5.46671685356169e+04  3.21036808308412e+00  2.77872313548184e+00  3.48031125470647e+00  4.25082170944946e+00
  5.46708967935023e+04  2.86916300414132e+00  4.07792825539263e+00  3.41871637579641e+00  2.99100177634001e+00
  5.46746250516422e+04  2.85500481462010e+00  4.30593895582186e+00  3.84559936085799e+00  4.63206372798880e+00
  5.46797083335996e+04  0.00000000000000e+00  0.00000000000000e+00  0.00000000000000e+00  0.00000000000000e+00
  5.46811666667836e+04  1.83229348515171e-01  3.22389112321517e+00  3.52054273926317e+00  4.86831909265883e+00
  5.46848949247673e+04  2.76618245430526e+00  3.03189577514101e+00  3.14789774663656e+00  3.24348523815072e+00
  5.46886231829895e+04  1.44622507320419e+00  3.04353473780933e+00  3.30696349122339e+00  4.22877021690180e+00
  5.46923514416517e+04  2.09014493343579e+00  1.19806373824238e+00  2.71173214709447e+00  3.95090841696990e+00
  5.46960797061018e+04  1.02576834668762e+00  2.43498659412065e+00  1.85618195701859e+00  3.93995375633881e+00
  5.46998079751737e+04  6.29630698778908e-01  2.59837797237420e+00  3.20463368359387e+00  2.39489094543713e+00
  5.47035362442201e+04 -1.47479827088094e-01  1.98682002406419e+00  3.43960186802284e+00  2.81012693627371e+00
  5.47072645132558e+04  2.37998381547517e+00  9.99117022688656e-01  2.75673995222582e+00  3.21235570677790e+00
  5.47109927362999e+04  7.53080481767560e-01  2.20287447203692e+00  2.30412613168533e+00  2.28224807370951e+00
  5.47147209958443e+04  1.10293556143005e-01  9.29693411788947e-01  2.39938098666836e+00  1.65323560026976e+00
  5.47184492553727e+04  1.91878096216118e+00  1.26046942974081e+00  7.27856488286707e-01  2.42196739042516e+00
  5.47221775152893e+04  1.86303143499885e+00  2.31019604037611e+00  2.47606073050603e+00  1.57912845158056e+00
  5.47259057754039e+04  1.49115303536880e+00  2.32010398314666e+00  1.26760862825831e+00  3.35215081559769e+00
  5.47296340354932e+04  1.50143700525381e+00  1.13339512584183e+00  1.61795433961824e+00  2.51607738390159e+00
  5.47333622957141e+04  2.04934688470416e+00  1.49799979783975e+00  3.40365835257664e+00  2.98877074809545e+00
  5.47370905563391e+04  2.64651057664605e+00  4.38411753724368e+00  2.64596961335719e+00  4.70467284874674e+00
  5.47444166667361e+04  0.00000000000000e+00  0.00000000000000e+00  0.00000000000000e+00  0.00000000000000e+00
  5.47445416673358e+04  0.00000000000000e+00  0.00000000000000e+00  0.00000000000000e+00  0.00000000000000e+00
  5.47475138892720e+04  0.00000000000000e+00  0.00000000000000e+00  0.00000000000000e+00  0.00000000000000e+00
  5.47479930561144e+04  2.87415460921422e+00  1.73725789452720e+00  1.88871728830491e+00  4.53677139842635e+00
  5.47517213173553e+04  2.15453790901886e+00  2.84411923339164e+00  2.04356031649359e+00  4.94825486373529e+00
  5.47554495786829e+04  1.57078798478502e+00  1.28412476783368e+00  1.64735988464191e+00  3.24551030226704e+00
  5.47591778399352e+04  2.03290517236928e+00  1.68275393083455e+00  1.37081060079649e+00  3.33432989748881e+00
  5.47629061015126e+04  2.49735835552191e+00  2.20165863362000e+00  2.49961331714591e+00  2.32916899057285e+00
  5.47674166671620e+04  0.00000000000000e+00  0.00000000000000e+00  0.00000000000000e+00  0.00000000000000e+00
  5.47679444450673e+04  1.59654441881199e+00  2.38626490963006e+00  2.83158247534280e+00  4.12276331339841e+00
  5.47716727068299e+04  3.86210322855323e+00  2.69386095451548e+00  3.44197631659070e+00  4.02268565871366e+00
  5.47754009686540e+04  1.92661968514849e+00  2.59751296488594e+00  3.72772124908560e+00  5.05913718704086e+00
  5.47791292307095e+04  2.46562831893518e+00  4.46555138786231e+00  3.83447969146451e+00  3.06117584256329e+00
  5.47828574928902e+04  1.38299983736855e+00  4.59677463792218e+00  3.43407373413759e+00  3.78456642987327e+00
  5.47865857551933e+04  2.90564633801177e+00  4.08799706784173e+00  2.98956345337554e+00  3.93582143325553e+00
  5.47903140176199e+04  1.46513097920751e+00  3.73967128033922e+00  4.18082220604216e+00  4.19776299703304e+00
  5.47940422801980e+04  7.98724341877964e-01  3.96564936958382e+00  4.69911583320455e+00  5.23509951222203e+00
  5.47977705426782e+04  3.30239881063638e+00  3.89011079893873e+00  3.38915372777500e+00  5.35753476292905e+00
  5.48014988052766e+04  3.87691606865151e-01  3.29374615330167e+00  4.48908665041469e+00  4.32263574750257e+00
  5.48052270677512e+04  3.34088744222170e+00  3.33006991329071e+00  2.99596280073689e+00  4.72787744823033e+00
  5.48089553307038e+04  6.28409764988168e-01  2.37192527582068e+00  3.77307529038421e+00  3.68219701992066e+00
  5.48126835932731e+04  2.78474222837825e+00  3.48636831168392e+00  4.48129390733868e+00  4.33117126457545e+00
  5.48164118561644e+04  2.50346966783179e+00  3.26233731854875e+00  3.28660874984126e+00  4.07136486083712e+00
  5.48201401188495e+04  3.66970456851055e+00  3.34369401867363e+00  3.88968164952109e+00  4.40304589816263e+00
  5.48238683817095e+04  2.95810047117672e+00  3.63279073864264e+00  4.07667767819589e+00  4.63745144158753e+00
  5.48275966447709e+04  1.67272597932943e+00  3.11739000216005e+00  3.31187836780179e+00  4.14450879090210e+00
  5.48313249078229e+04  3.01492602530274e+00  3.06036373502471e+00  3.79561043192028e+00  3.20281570452898e+00
  5.48350531589167e+04  1.33005881761543e+00  4.13963876174889e+00  2.40824342421984e+00  3.62657701411975e+00
  5.48394305558299e+04  0.00000000000000e+00  0.00000000000000e+00  0.00000000000000e+00  0.00000000000000e+00
  5.48405208336054e+04  2.48620367705105e+00  4.32391081419077e+00  3.46803326553479e+00  4.25360365334308e+00
  5.48442490953520e+04  1.12430736318409e+00  4.27380483465567e+00  2.23421962662618e+00  3.50449582049995e+00
  5.48479773583217e+04  1.89557518667509e+00  3.38273027393176e+00  3.63732578044755e+00  2.62654680008270e+00
  5.48517056213160e+04  1.67551592266472e+00  2.82478370136028e+00  3.81532981846490e+00  4.88526787829439e+00
  5.48554338841538e+04  1.30104574020211e+00  3.64840646128534e+00  2.17793277551921e+00  2.21213334152242e+00
  5.48591621470162e+04  1.54069580169044e+00  2.58924420153862e+00  3.56843205987669e+00  3.87649944029998e+00
  5.48628904097212e+04  1.92637283090547e+00  2.01946714327129e+00  1.84531618604506e+00  3.27978548762954e+00
  5.48666186724999e+04  2.38208132744152e+00  1.98720755000141e+00  3.57151960834575e+00  5.22273416063811e+00
  5.48738194447107e+04  0.00000000000000e+00  0.00000000000000e+00  0.00000000000000e+00  0.00000000000000e+00
  5.48744166673831e+04  1.67862969620389e+00  2.95888546339765e+00  2.65779271087641e+00  2.46882998901622e+00
  5.48781449303090e+04  1.88669310240026e+00  2.13749859149016e+00  2.46489990634953e+00  3.03917720985684e+00
  5.48818731929144e+04  1.35181414782499e+00  3.01475804219936e+00  2.36948793392023e+00  2.82725781827366e+00
  5.48861166667837e+04  0.00000000000000e+00  0.00000000000000e+00  0.00000000000000e+00  0.00000000000000e+00
  5.48862166673612e+04  1.37353249234351e+00  1.46243718376791e+00  3.17975975583754e+00  1.96771874753942e+00
  5.48899449297905e+04  6.72060650642282e-01  1.81301463928523e+00  2.26687830919222e+00  2.12961938290613e+00
  5.48936731923172e+04  2.53039537664640e+00  1.06324837276005e+00  2.95964985332748e+00  1.13757376319953e+00
  5.48974014545393e+04 -5.17149403312760e-01  3.01472153198607e+00  3.65403212454745e+00  2.01193057194261e+00
  5.49011297170636e+04  1.08336877582829e+00  2.66357307911624e+00  2.51965577994149e+00  1.39085116980225e+00
  5.49048579791147e+04  1.83352839691320e+00  3.44397837933040e+00  2.79923692197242e+00  3.37563348169409e+00
  5.49085862411423e+04  1.67169046710783e+00  1.40721402134593e+00  2.63042003718704e+00  2.45532469111154e+00
  5.49123145030543e+04  1.41739060846016e+00  2.33533747197268e+00  3.14382707466230e+00  4.78418922854933e+00
  5.49160427647014e+04  8.16444302131640e-01  1.85304779811695e+00  2.13349520033042e+00  2.51061795497401e+00
  5.49197710265534e+04  1.18629142286966e+00  1.38945429000282e+00  3.24321294007582e+00  2.37340592425574e+00
  5.49234992882801e+04  3.04263574302304e+00  2.69220186418608e+00  1.80119158108170e+00  3.48837350269068e+00
  5.49272275496436e+04  2.30968315555761e+00  3.29486100977508e+00  2.54800494261163e+00  2.69782536377960e+00
  5.49309558110556e+04  2.51978069416658e+00  3.75094138714545e+00  1.88402855765977e+00  1.90438591444662e+00
  5.49346840727015e+04  2.47440082041348e+00  2.62319565756961e+00  2.11088587894266e+00  2.13654406990780e+00
  5.49384123334977e+04  1.65739744601206e+00  1.19446400358182e+00  3.76207221611194e+00  2.97619400008656e+00
  5.49421405943019e+04  2.50383140702803e+00  2.41417071994227e+00  3.98955770729547e+00  4.45565052029042e+00
  5.49458688551713e+04  2.58245882656388e+00  3.16608660817050e+00  2.84333078829524e+00  3.39080656912240e+00
  5.49495971158703e+04  1.82453755637705e+00  1.84862082438079e+00  4.32073641354394e+00  2.17693797423329e+00
  5.49533253764410e+04  3.21248766699594e+00  2.32118320898695e+00  2.34824405618783e+00  3.46552801948420e+00
  5.49570536367686e+04  3.50682476090483e+00  2.13063661478118e+00  2.66160951789723e+00  2.77942836951758e+00
  5.49607818971422e+04  3.14191944037143e+00  3.63930472652328e+00  2.93795627397941e+00  2.98548039462216e+00
  5.49645101571157e+04  2.11764224602688e+00  3.16101863784544e+00  3.46406926231905e+00  4.94190405712634e+00
  5.49682384171309e+04  2.47370766852095e+00  3.30909026867187e+00  3.63370773702722e+00  3.65575687487586e+00
  5.49719666771770e+04  2.53816707386049e+00  4.21973324158133e+00  4.40751684969707e+00  3.91506041812680e+00
  5.49756949367951e+04  2.31558026714072e+00  4.13699836738109e+00  3.16759943967195e+00  3.66448403147520e+00
  5.49794231966307e+04  7.20913060121968e-01  4.81165635368510e+00  3.69436980547055e+00  4.26558081204603e+00
  5.49831514561389e+04  2.89465379824711e+00  3.92839956489278e+00  2.68404200896484e+00  2.78971468655930e+00
  5.49868797155924e+04  3.47743709386086e+00  3.65516810622913e+00  2.92766458365616e+00  4.48366850239731e+00
  5.49906079752129e+04  2.96449298356277e+00  2.79819297349682e+00  3.10777553803171e+00  3.80787657703426e+00
  5.49943362344177e+04  4.07695045439141e+00  3.90695775788818e+00  2.96768812702284e+00  3.81272497563188e+00
  5.49980644936274e+04  1.86754165317125e+00  4.33071912134167e+00  2.79008300288941e+00  5.13832712859251e+00
  5.50017927528912e+04  2.22979017196184e+00  3.37831154164811e+00  4.22357084823819e+00  4.34250907410380e+00
  5.50055210122026e+04  1.80486294465875e+00  4.08206516908290e+00  2.52159652724885e+00  5.79909199386372e+00
  5.50092492712778e+04  2.72613671878600e+00  2.57221296210700e+00  4.44562818922073e+00  3.98927681217582e+00
  5.50129775303588e+04  3.30625724393452e+00  2.65291687789361e+00  2.52884924483064e+00  6.41944163102598e+00
  5.50167057894446e+04  2.04015430020159e+00  3.41152892712188e+00  4.71063212228634e+00  6.45952321734550e+00
  5.50204340485440e+04  2.71313177508136e+00  1.78877059461016e+00  3.44784005604117e+00  4.04702773344424e+00
  5.50241623076471e+04  2.42889037987259e+00  4.06042845857727e+00  4.64107095007111e+00  3.59445510329550e+00
  5.50285986111410e+04  0.00000000000000e+00  0.00000000000000e+00  0.00000000000000e+00  0.00000000000000e+00
  5.50290972229562e+04  3.15576220384616e+00  3.99175726862874e+00  3.32812437474331e+00  2.87937333335633e+00
  5.50328254822777e+04  1.04798976168557e+00  3.31750881157440e+00  3.81852731029299e+00  3.66656105295744e+00
  5.50365537413750e+04  1.80782665064742e+00  3.16383414705239e+00  1.80072430455159e+00  4.28778645116485e+00
  5.50402820006980e+04  2.75118607126522e+00  3.78991812509677e+00  4.21315365852711e+00  3.80006481199727e+00
  5.50440102602305e+04  2.26017818370408e+00  3.45939623549840e+00  3.45814149806303e+00  3.11617759388034e+00
  5.50477385197327e+04  3.39359269160476e-01  4.60866060060188e+00  3.56999156352957e+00  3.34760189864574e+00
  5.50514667792187e+04  3.13837148672989e+00  2.57570822254452e+00  2.41122651891188e+00  2.83204856782882e+00
  5.50551950389156e+04  7.08055718637038e-01  2.01781698251630e+00  3.23757059798386e+00  2.96708966469307e+00
  5.50589232988276e+04  1.44582647365531e+00  8.70983885246774e-01  3.12904671375594e+00  2.91542438062561e+00
  5.50626515587523e+04  1.79299822273746e+00  3.00923495414077e+00  2.38251410571225e+00  2.35012743896585e+00
  5.50663798176920e+04  2.26948556549601e+00  1.93974062188999e+00  1.51904873052301e+00  2.56027686611801e+00
  5.50701080766470e+04  8.28532905843036e-01  1.69674570821094e+00  8.74343847391850e-01  2.12949851036504e+00
  5.50738363355950e+04  1.87630889663932e+00  2.68717404974081e+00  2.68824077381056e+00  1.94595583776718e+00
  5.50775645948959e+04  1.87719086295419e+00  4.04485766439497e+00  2.20659153453257e+00  2.60291480797583e+00
  5.50812928540508e+04  1.58249441552494e+00  2.80382056268504e+00  3.60909174212207e+00  1.71003623380199e+00
  5.50850211138817e+04  2.09841243664675e+00  2.12068047554921e+00  2.54181383766230e+00  2.58881282004901e+00
  5.50887493735035e+04  8.07523209920811e-01  2.45918521951361e+00  2.01062423127838e+00  3.34106063627854e+00
  5.50924776337638e+04  1.21998496637673e+00  1.55320562428773e+00  1.62048285230781e+00  1.74047155284307e+00
  5.50962058933032e+04  2.40511415602873e+00  3.34275370871830e+00  2.55236707461172e+00  3.10618609426921e+00
  5.50999341528705e+04  1.61270718930351e+00  3.50378374414768e+00  1.62680798795573e+00  3.16449673726369e+00
  5.51036624126145e+04  4.06339702296959e-02  2.36143406430946e+00  3.59146840833859e+00  1.69293585572794e+00
  5.51073906731272e+04  1.35097412035479e+00  1.58532390438919e+00  3.26150344848660e+00  2.58479353991522e+00
  5.51111189331238e+04  1.59619610531040e+00  2.71907924545730e+00  2.95253135110797e+00  3.03684500933456e+00
  5.51148471931736e+04  1.14367435893897e+00  2.37079737769225e+00  2.53515941486288e+00  2.77673256408561e+00
  5.51185754533532e+04  2.37990179429246e+00  2.99293308706504e+00  2.41427950755437e+00  3.65793859410319e+00
  5.51223037136285e+04  1.45645165119298e+00  1.75631964436972e+00  2.48891386821456e+00  4.35483458608612e+00
  5.51260319739028e+04  2.71083388188921e+00  3.52310464853605e+00  2.26918797066508e+00  3.36881417232717e+00
  5.51297602341643e+04  9.02739372339318e-01  3.13191118702105e+00  3.15322818202618e+00  3.85990490125237e+00
  5.51334884955901e+04  1.95700309385917e+00  2.82984726836640e+00  2.77079224172345e+00  3.40726717256051e+00
  5.51372167579747e+04  1.85393861962781e+00  2.41076642657958e+00  3.38730228562159e+00  3.20916412185046e+00
  5.51409450204432e+04  2.86688918295711e+00  3.43454129408659e+00  3.31323849153964e+00  3.18759666137734e+00
  5.51446732828184e+04  1.42354046544284e+00  2.11882331617437e+00  3.73394526002727e+00  4.07842669016631e+00
  5.51484015456887e+04  1.67155845441602e+00  2.79776396486166e+00  4.36455101563492e+00  4.24413257706501e+00
  5.51521298083947e+04  3.16075715512202e+00  3.05904797485870e+00  4.59172272628686e+00  4.96536934966375e+00
  5.51558580714838e+04  2.19545805828854e+00  3.83832911808405e+00  3.86784670286711e+00  4.86021358048440e+00
  5.51595863342512e+04  2.07892596395110e+00  4.74198094645544e+00  4.23029912662500e+00  5.47843205734561e+00
  5.51633145972776e+04  2.24680870346047e+00  4.27774535557610e+00  3.06849181480019e+00  4.44929168323785e+00
  5.51670428604861e+04  9.29527774752888e-01  2.87994223426700e+00  2.22807704322627e+00  4.02719609058072e+00
  5.51707711238310e+04  7.08893709947857e-01  5.14807681070495e+00  3.32912127779006e+00  4.67125839060499e+00
  5.51744993868541e+04  1.61611056618871e+00  4.03806362913305e+00  3.82436096929595e+00  3.66132149265699e+00
  5.51782276498889e+04  3.28713756690234e+00  3.11401763820506e+00  4.13291261476018e+00  4.48247116209930e+00
  5.51819559130916e+04  2.86975783764184e+00  3.39453042135960e+00  5.75263033099770e+00  6.58545647691763e+00
  5.51856841759097e+04  3.54473456850239e+00  2.55997292226222e+00  4.22097469497398e+00  4.76509639972446e+00
  5.51894124385429e+04  3.67417635800719e+00  4.55403104515316e+00  3.86107756336481e+00  5.31214189325858e+00
  5.51931407018217e+04  2.42280202971644e+00  2.67311180905647e+00  3.94667136806212e+00  5.71201624050217e+00
  5.51968689648517e+04  3.14706553460295e+00  4.34148988533896e+00  2.66146652906555e+00  4.35022794655982e+00
  5.52005972278437e+04  2.36419037187046e+00  4.89819476091165e+00  4.25715274414064e+00  5.26035801312105e+00
  5.52043254902847e+04  3.33566320766361e+00  2.61650855162722e+00  3.44083000824646e+00  2.68924096015306e+00
  5.52080537529029e+04  2.33650150001171e+00  2.85535609324415e+00  3.44425234520177e+00  3.98541298214854e+00
  5.52117820162513e+04  2.06646132489734e+00  3.19160449693906e+00  4.25343114591492e+00  4.45715028920358e+00
  5.52165520841458e+04  0.00000000000000e+00  0.00000000000000e+00  0.00000000000000e+00  0.00000000000000e+00
  5.52173854169745e+04  1.75777117102770e+00  2.70072589211020e+00  2.00670954051154e+00  3.81102583702963e+00
  5.52211136802780e+04  3.25096081547791e+00  3.14033629397620e+00  2.57258347657526e+00  4.14632704092921e+00
  5.52248419443530e+04  2.50896561654710e+00  2.35086988188791e+00  3.36689810327388e+00  2.68962011774583e+00
  5.52285702079489e+04  2.04848425540551e+00  9.75873961133157e-01  2.54691979392509e+00  3.75970155644756e+00
  5.52322984714722e+04  1.01644970470359e+00  2.31657531379338e+00  7.75840400599744e-01  1.49440122262861e+00
  5.52360267350359e+04  1.68061887394504e+00  3.27987536142815e+00  2.27050651264110e+00  3.28513563353935e+00
  5.52397549987753e+04 -5.09248201833040e-01  2.17077956207400e+00  2.14224256183560e+00  3.17189560332694e+00
  5.52434832622663e+04  1.19579441057876e+00  3.21027217178411e+00  2.12484819016165e+00  2.98165012109303e+00
  5.52472115257014e+04  5.04824654266651e-01  1.86002049193877e+00  1.87707191955373e+00  2.40789615659381e+00
  5.52509397893554e+04  1.58256888215848e+00  1.98048229894261e+00  1.64500479466061e+00  2.67701983973320e+00
  5.52546680526262e+04  1.82939305755477e+00  1.86341975431827e+00  1.33776703236969e+00  3.39582792230880e+00
  5.52583963156390e+04  1.18525654740944e+00  1.88113064913487e+00  3.15937250895127e+00  2.60915849499590e+00
  5.52621245789735e+04  2.16189382043536e+00  2.54198020665734e+00  2.34157172714077e+00  1.69965868518644e+00
  5.52658528421239e+04  2.10986435869751e+00  1.32794677925094e+00  1.80604216444610e+00  2.78308201265924e+00
  5.52695811051053e+04  2.72314070847499e+00  1.52182567862773e+00  2.33822913451813e+00  1.33697930064030e+00
  5.52741583337636e+04  0.00000000000000e+00  0.00000000000000e+00  0.00000000000000e+00  0.00000000000000e+00
  5.52742583336516e+04  1.16777393112454e+00  1.87499227242540e+00  3.44313140313867e+00  3.24127263706976e+00
  5.52779865965798e+04  1.24803479389773e+00  2.90450968632670e+00  1.65590824706981e+00  3.54418922804013e+00
  5.52817148594397e+04  8.80292631766760e-01  2.93037072669034e+00  1.72060337441328e+00  3.13797562216453e+00
  5.52854431222662e+04  1.48603577138054e+00  1.72139104898666e+00  2.05783323444744e+00  2.84553394264446e+00
  5.52891713849791e+04  1.66765462958983e+00  2.88486923371865e+00  2.73291791183260e+00  3.36246265530184e+00
  5.52928996473809e+04  1.80002656582908e+00  3.04976727728408e+00  3.19986552306017e+00  2.49595671028958e+00
  5.52966279100417e+04  1.31953362329219e+00  1.55108101096413e+00  2.20267407397714e+00  3.22347235263648e+00
  5.53003561721227e+04  2.82424324171364e+00  1.48247625882504e+00  3.20697334011164e+00  1.78766569593142e+00
  5.53040844337487e+04  2.27312666781566e+00  3.39456499856716e+00  3.10924797307114e+00  3.66020038293214e+00
  5.53078126955326e+04  1.23486990581385e+00  2.21173283679413e+00  1.12640983216644e+00  3.73819908377933e+00
  5.53115409570371e+04  3.01696391323126e+00  3.59629019614292e+00  2.13477618638891e+00  3.61567419063584e+00
  5.53152692188136e+04  1.10524895686447e+00  3.23972290987341e+00  4.62125724833769e+00  4.37712379522888e+00
  5.53189974796643e+04  2.49554914756770e+00  2.80147458265793e+00  4.31652171002274e+00  5.26174088082500e+00
  5.53227257401909e+04  1.91599083488061e+00  4.97151490350270e+00  3.91573203112488e+00  5.25231356994286e+00
  5.53296666673832e+04  0.00000000000000e+00  0.00000000000000e+00  0.00000000000000e+00  0.00000000000000e+00
  5.53303541667384e+04  2.35523669057173e+00  3.18443728935045e+00  3.83656232805290e+00  4.74749541561224e+00
  5.53340824270844e+04  1.50570933528020e+00  3.31167707407961e+00  4.57767878626031e+00  4.19085695253736e+00
  5.53378106864109e+04  1.66961152331340e+00  3.13392163672235e+00  2.44786036544308e+00  4.88364545500134e+00
  5.53415389454630e+04  4.30096414364433e+00  4.02002769628860e+00  4.88307504359372e+00  4.39575225355345e+00
  5.53452672048843e+04  3.71240803304331e+00  2.53475519532670e+00  2.91659451031009e+00  5.40557700770984e+00
  5.53490416671389e+04  0.00000000000000e+00  0.00000000000000e+00  0.00000000000000e+00  0.00000000000000e+00
  5.53505625001794e+04  2.81623371079696e+00  4.76017562482590e+00  2.56940010374130e+00  3.94817390321505e+00
  5.53543750006228e+04  0.00000000000000e+00  0.00000000000000e+00  0.00000000000000e+00  0.00000000000000e+00
  5.53557500005092e+04  3.62956374570636e+00  3.75859297322138e+00  3.82758160866144e+00  4.15157825912864e+00
  5.53594782584873e+04  2.73047343103221e+00  3.47403405337106e+00  4.56196506400992e+00  6.57044135684117e+00
  5.53632065162419e+04  3.05963033780267e+00  4.93668266059860e+00  4.17730114843173e+00  6.42060364131851e+00
  5.53669347743219e+04  3.64680918030332e+00  3.16412831490663e+00  4.49717761979286e+00  3.96488886729036e+00
  5.53706630308182e+04  3.61427609950918e+00  3.43560979309370e+00  3.44352836926132e+00  4.33251681103187e+00
  5.53743912874547e+04  3.94576628004733e+00  5.28086052241556e+00  2.94924504296592e+00  5.31921998490875e+00
  5.53781195438597e+04  3.90159294195571e+00  5.39409510536029e+00  3.02768620353325e+00  4.21502704031168e+00
  5.53818478005637e+04  2.80138101550268e+00  3.65232903059988e+00  4.04840819875490e+00  4.26222796432892e+00
  5.53855760570277e+04  4.15525050986977e+00  3.51786469933859e+00  3.92316980603635e+00  5.79490451618704e+00
  5.53893043136504e+04  2.36505459163417e+00  3.92421359305132e+00  3.62349050726475e+00  4.02330287034275e+00
  5.53930325701100e+04  2.94746437642954e+00  2.84546979870151e+00  4.13702456004869e+00  2.67457316447997e+00
  5.53967608272834e+04  1.99740263742515e+00  4.01362765968496e+00  3.46564233730212e+00  2.28455587880915e+00
  5.54004890837303e+04  1.91757362564600e+00  2.63801772576526e+00  1.96327589348497e+00  4.48945563004151e+00
  5.54042173407055e+04  3.26201901180181e+00  3.65897378227700e+00  3.95615250568921e+00  3.42691239606635e+00
  5.54116738545463e+04  0.00000000000000e+00  0.00000000000000e+00  0.00000000000000e+00  0.00000000000000e+00
