  5.21309998712442e+04  1.76131795160472e-03  1.67759670875967e-03  4.20244084671140e-03  3.37756099179387e-03
  5.21347281046878e+04  1.58630812074989e-03  1.81680358946323e-03  4.98152105137706e-03  3.39239789173007e-03
  5.21384563382441e+04  2.23111850209534e-03  1.78381893783808e-03  5.02680568024516e-03  4.00698278099298e-03
  5.21421845719525e+04  1.68973731342703e-03  1.86001881957054e-03  4.18212916702032e-03  3.67102283053100e-03
  5.21459128054655e+04  1.53973849955946e-03  1.99582846835256e-03  5.50306541845202e-03  3.51170846261084e-03
  5.21496410384886e+04  1.15750636905432e-03  1.41361646819860e-03  3.67910764180124e-03  1.70782487839460e-03
  5.21533692710499e+04  1.45822344347835e-03  1.66062894277275e-03  4.51135495677590e-03  4.45102667436004e-03
  5.21570975034480e+04  1.30009721033275e-03  1.63960119243711e-03  4.71042050048709e-03  3.71275725774467e-03
  5.21608257388101e+04  1.63892970886081e-03  1.90292950719595e-03  4.85648820176721e-03  3.16078844480217e-03
  5.21666250005311e+04  6.99999975040555e-04  6.99999975040555e-04  5.00000023748726e-04  5.00000023748726e-04
  5.21673750004977e+04  1.56737526413053e-03  1.55445572454482e-03  5.01087028533220e-03  3.92666645348072e-03
  5.21711032361123e+04  1.52819184586406e-03  1.92176189739257e-03  4.95627243071795e-03  3.41095775365829e-03
  5.21748314705902e+04  1.60897441674024e-03  2.01267935335636e-03  4.35364153236151e-03  3.32150026224554e-03
  5.21785597052801e+04  1.39382679481059e-03  1.88924919348210e-03  4.46312362328172e-03  3.43064381740987e-03
  5.21822879417800e+04  1.87730649486184e-03  1.63277366664261e-03  5.34625910222530e-03  3.36490059271455e-03
  5.21860161770762e+04  1.58218399155885e-03  1.69603782705963e-03  4.30851615965366e-03  3.59881273470819e-03
  5.21897444126146e+04  1.69552769511938e-03  2.05014552921057e-03  4.44176234304905e-03  3.73630644753575e-03
  5.21934726508287e+04  1.59384531434625e-03  2.05629831179976e-03  3.97518975660205e-03  3.79905360750854e-03
  5.21972008871654e+04  1.87559553887695e-03  2.10743327625096e-03  4.47895657271147e-03  3.85133316740394e-03
  5.22009291248667e+04  1.51033152360469e-03  1.55602151062340e-03  4.42765699699521e-03  3.55192832648754e-03
  5.22046573620418e+04  1.58529286272824e-03  1.98639626614749e-03  4.17807139456272e-03  3.89744923450053e-03
  5.22083856009492e+04  1.54562259558588e-03  1.74529489595443e-03  4.92646126076579e-03  3.47207603044808e-03
  5.22121138397650e+04  1.58904201816767e-03  1.90815050154924e-03  4.75810607895255e-03  4.15476178750396e-03
  5.22186875000291e+04  6.99999975040555e-04  6.99999975040555e-04  5.00000023748726e-04  5.00000023748726e-04
  5.22200000003866e+04  1.77284039091319e-03  2.04674224369228e-03  5.00826025381684e-03  3.38773755356669e-03
  5.22237282384665e+04  1.42798537854105e-03  1.95147842168808e-03  4.23727231100202e-03  3.75966564752162e-03
  5.22274564790914e+04  1.28001614939421e-03  1.70980056282133e-03  4.72603552043438e-03  3.59989679418504e-03
  5.22311847183681e+04  1.58773444127291e-03  1.63653679192066e-03  4.05699294060469e-03  3.38209862820804e-03
  5.22349129592338e+04  1.41710287425667e-03  1.83547963388264e-03  4.45085158571601e-03  3.52827250026166e-03
  5.22386411994585e+04  1.52385281398892e-03  1.72824959736317e-03  4.19769808650017e-03  3.29242879524827e-03
  5.22423694396595e+04  1.46989244967699e-03  1.77571666426957e-03  4.61090030148625e-03  3.56397754512727e-03
  5.22460976815904e+04  1.51368556544185e-03  1.76875677425414e-03  4.49277739971876e-03  3.88679513707757e-03
  5.22498259227721e+04  1.54667440801859e-03  1.72913772985339e-03  4.19974233955145e-03  3.23816295713186e-03
  5.22535541654237e+04  1.50491145905107e-03  1.76762137562037e-03  4.82833804562688e-03  3.39680770412087e-03
  5.22572824069863e+04  1.59409677144140e-03  1.58261158503592e-03  4.49883937835693e-03  3.52321378886700e-03
  5.22610106485685e+04  1.60244409926236e-03  1.76712416578084e-03  4.44277562201023e-03  3.33498767577112e-03
  5.22647388921238e+04  1.43205700442195e-03  1.89149228390306e-03  4.34293039143085e-03  3.80864064209163e-03
  5.22684671344480e+04  1.33530364837497e-03  1.58570846542716e-03  4.21067839488387e-03  3.80609068088233e-03
  5.22721953767513e+04  1.60469021648169e-03  1.95181067101657e-03  4.49882633984089e-03  3.51054454222322e-03
  5.22759236210716e+04  1.64471776224673e-03  1.69316446408629e-03  4.32751793414354e-03  3.40640568174422e-03
  5.22796518640708e+04  1.39764184132218e-03  1.63860525935888e-03  4.57192212343216e-03  3.22181149385870e-03
  5.22833801074191e+04  1.51896011084318e-03  1.69030646793544e-03  4.59138723090291e-03  3.47477337345481e-03
  5.22906250006377e+04  6.99999975040555e-04  6.99999975040555e-04  5.00000023748726e-04  5.00000023748726e-04
  5.22909791668705e+04  1.58680346794426e-03  1.53038708958775e-03  4.47503384202719e-03  3.39932367205620e-03
  5.22947074099965e+04  1.53563951607794e-03  1.59782753325999e-03  4.01114206761122e-03  3.70391458272934e-03
  5.22984356532778e+04  1.84908765368164e-03  2.15362664312124e-03  4.60401363670826e-03  3.70590505190194e-03
  5.23021638964097e+04  1.68242573272437e-03  1.66976102627814e-03  4.68092691153288e-03  3.22440429590642e-03
  5.23058921412292e+04  1.35239621158689e-03  1.86706660315394e-03  4.34045772999525e-03  3.23575362563133e-03
  5.23096203838263e+04  1.71196379233152e-03  1.56223075464368e-03  4.67628799378872e-03  3.50677827373147e-03
  5.23133486272152e+04  1.63476669695228e-03  1.67727225925773e-03  4.96036838740110e-03  3.40656773187220e-03
  5.23170768706330e+04  1.52249401435256e-03  1.97168509475887e-03  4.74840123206377e-03  3.32219642587006e-03
  5.23208051139422e+04  1.34738290216774e-03  1.66397518478334e-03  3.98724060505629e-03  3.75763024203479e-03
  5.23245333573670e+04  1.47118105087429e-03  1.66818883735687e-03  4.81964973732829e-03  3.80238308571279e-03
  5.23310833333993e+04  6.99999975040555e-04  6.99999975040555e-04  5.00000023748726e-04  5.00000023748726e-04
  5.23314319452801e+04  2.90459138341248e-03  1.68125820346177e-03  4.40189009532332e-03  3.31421126611531e-03
  5.23351601865557e+04  1.69929105322808e-03  1.64408667478710e-03  4.64021088555455e-03  3.72331077232957e-03
  5.23388884279237e+04  1.78247445728630e-03  1.52771477587521e-03  4.07126359641552e-03  3.48828593268991e-03
  5.23426166692837e+04  2.04528775066137e-03  1.54156656935811e-03  4.79584559798241e-03  4.00098506361246e-03
  5.23463454437963e+04  1.27683731261641e-03  2.00292840600014e-03  4.33438038453460e-03  3.99486999958754e-03
  5.23500736851830e+04  1.82203995063901e-03  1.72115862369537e-03  5.20071201026440e-03  3.42204817570746e-03
  5.23538019251796e+04  1.57240440603346e-03  1.50422519072890e-03  4.43501537665725e-03  3.52067849598825e-03
  5.23575301658831e+04  1.59877550322562e-03  1.92630256060511e-03  4.97832568362355e-03  3.41794593259692e-03
  5.23612584067327e+04  1.34171673562378e-03  1.59746292047203e-03  4.76237526163459e-03  2.99435085617006e-03
  5.23649866475621e+04  1.51710538193583e-03  1.73974246717989e-03  3.90414358116686e-03  3.88680933974683e-03
  5.23687148867256e+04  1.54715171083808e-03  1.98260089382529e-03  4.77369595319033e-03  3.40812187641859e-03
  5.23724431268555e+04  1.69222708791494e-03  1.64811906870455e-03  4.57100057974458e-03  3.48296132870018e-03
  5.23761713670463e+04  1.57610140740871e-03  1.66458962485194e-03  4.52111614868045e-03  3.46981920301914e-03
  5.23798996071354e+04  1.62936199922115e-03  1.66676891967654e-03  4.19153179973364e-03  3.66537459194660e-03
  5.23836278454978e+04  1.43280683550984e-03  1.77555449772626e-03  4.61126118898392e-03  3.51554690860212e-03
  5.23873560850139e+04  1.51748757343739e-03  1.60807103384286e-03  4.60738688707352e-03  3.35469353012741e-03
  5.23910843245219e+04  1.60771212540567e-03  1.86589208897203e-03  4.57165017724037e-03  3.65849491208792e-03
  5.23948125638634e+04  2.02530948445201e-03  1.91459234338254e-03  4.37787920236588e-03  4.00497671216726e-03
  5.23985408019004e+04  1.48571585305035e-03  1.73994118813425e-03  4.81508253142238e-03  3.09171713888645e-03
  5.24025833334432e+04  6.99999975040555e-04  6.99999975040555e-04  5.00000023748726e-04  5.00000023748726e-04
  5.24030000000625e+04  1.58128805924207e-03  1.73986365552992e-03  4.43524261936545e-03  3.29764280468225e-03
  5.24067282394317e+04  1.67596794199198e-03  1.68851797934622e-03  4.34191338717937e-03  3.13767790794373e-03
  5.24104564765857e+04  1.39016436878592e-03  1.70264719054103e-03  4.62441146373749e-03  3.34186013787985e-03
  5.24141847149456e+04  1.64851755835116e-03  1.80253607686609e-03  4.06747451052070e-03  2.93972599320114e-03
  5.24179129531945e+04  1.43641547765583e-03  1.60855834838003e-03  4.40902542322874e-03  3.18513507954776e-03
  5.24216411914606e+04  1.48734613321722e-03  1.83246261440217e-03  4.40580630674958e-03  3.13458824530244e-03
  5.24253694287349e+04  1.52440776582807e-03  1.80242513306439e-03  3.81824863143265e-03  3.41554055921733e-03
  5.24290976669918e+04  1.40799186192453e-03  1.60720013082027e-03  4.18595597147942e-03  3.35913966409862e-03
  5.24328259041668e+04  1.66440894827247e-03  1.60259136464447e-03  4.18959278613329e-03  3.22979711927474e-03
  5.24365541420325e+04  1.50394835509360e-03  1.78609392605722e-03  4.02162550017238e-03  3.45353269949555e-03
  5.24402823800278e+04  1.67176453396678e-03  1.67868367861956e-03  4.19644638895988e-03  3.16504901275039e-03
  5.24440106186989e+04  1.62963743787259e-03  1.75933889113367e-03  4.27463278174400e-03  3.58017440885305e-03
  5.24477388564212e+04  1.45205820444971e-03  1.84919836465269e-03  4.48992522433400e-03  3.17645771428943e-03
  5.24514670942081e+04  1.61090667825192e-03  2.08951346576214e-03  4.08108672127128e-03  3.40586854144931e-03
  5.24551953321051e+04  1.53367512393743e-03  1.60039355978370e-03  4.26924088969827e-03  3.13379894942045e-03
  5.24589235701482e+04  1.44096405711025e-03  1.59242772497237e-03  4.00574645027518e-03  3.21353995241225e-03
  5.24626518080290e+04  1.50273938197643e-03  1.77197542507201e-03  4.54144785180688e-03  3.16832144744694e-03
  5.24663800463357e+04  1.48772937245667e-03  1.46427855361253e-03  3.87728679925203e-03  3.16619570367038e-03
  5.24701082845033e+04  1.59366638399661e-03  1.84923526830971e-03  4.10615233704448e-03  3.43168573454022e-03
  5.24738365227226e+04  1.61411205772310e-03  1.52259226888418e-03  4.58686240017414e-03  3.31011950038373e-03
  5.24775647610486e+04  1.73991080373526e-03  1.62059278227389e-03  4.68630855903029e-03  3.65804834291339e-03
  5.24812929993751e+04  1.58512231428176e-03  1.65045820176601e-03  4.32535074651241e-03  3.33927874453366e-03
  5.24856222230941e+04  6.99999975040555e-04  6.99999975040555e-04  5.00000023748726e-04  5.00000023748726e-04
  5.24860416675244e+04  1.61065475549549e-03  1.77839619573206e-03  4.81690466403961e-03  3.17209260538220e-03
  5.24897699064444e+04  1.62393471691757e-03  1.72631104942411e-03  4.69346670433879e-03  3.81760578602552e-03
  5.24934981452383e+04  1.66299543343484e-03  1.54502794612199e-03  4.48257895186543e-03  3.45484376884997e-03
  5.24972263845592e+04  1.54474028386176e-03  1.68893567752093e-03  4.34219790622592e-03  3.58245824463665e-03
  5.25009546240938e+04  1.54756114352494e-03  1.62862613797188e-03  4.98889060690999e-03  3.17117688246071e-03
  5.25046828637420e+04  1.58127164468169e-03  1.67444220278412e-03  4.36882162466645e-03  3.48093267530203e-03
  5.25084111030511e+04  1.78085453808308e-03  1.68174074497074e-03  3.90199292451143e-03  3.48336971364915e-03
  5.25121393429733e+04  1.70127581804991e-03  1.68529944494367e-03  4.06707869842649e-03  3.19947768002748e-03
  5.25158675834341e+04  1.70513824559748e-03  1.55995204113424e-03  4.01238352060318e-03  3.27007356099784e-03
  5.25195958241482e+04  1.72600557561964e-03  1.44102727063000e-03  4.35358658432961e-03  3.03893396630883e-03
  5.25233240649617e+04  1.76860776264220e-03  1.75092124845833e-03  4.33699972927570e-03  3.89692466706038e-03
  5.25270523062860e+04  1.46429939195514e-03  1.79893895983696e-03  4.42609703168273e-03  3.38323554024100e-03
  5.25307805478415e+04  1.75848649814725e-03  1.91622681450099e-03  4.93592303246260e-03  3.08165210299194e-03
  5.25345087894956e+04  1.94121070671827e-03  1.95524957962334e-03  4.73940884694457e-03  3.65221570245922e-03
  5.25382370321655e+04  1.68400257825851e-03  1.74116180278361e-03  4.35914099216461e-03  3.06701986119151e-03
  5.25419652742176e+04  1.69517891481519e-03  1.74336193595082e-03  4.59640193730593e-03  3.38245066814125e-03
  5.25456935170960e+04  1.62309524603188e-03  1.73521914985031e-03  4.21335315331817e-03  3.69275081902742e-03
  5.25494217600163e+04  1.51956279296428e-03  1.34944717865437e-03  4.42747259512544e-03  3.90699272975326e-03
  5.25531500037061e+04  1.68916152324528e-03  1.98230869136751e-03  4.77072224020958e-03  3.44773870892823e-03
  5.25568782474317e+04  1.61959568504244e-03  1.67726434301585e-03  4.87660383805633e-03  3.57132684439421e-03
  5.25606064916724e+04  1.68262014631182e-03  1.69567682314664e-03  3.95735679194331e-03  3.26567748561502e-03
  5.25643347360701e+04  1.81654421612620e-03  1.59851380158216e-03  3.91741795465350e-03  3.38358711451292e-03
  5.25680629809515e+04  1.60668103490025e-03  1.40596181154251e-03  4.50285850092769e-03  3.50064644590020e-03
  5.25717912263321e+04  1.68027018662542e-03  1.59067858476192e-03  3.89158935286105e-03  3.57383093796670e-03
  5.25755194716573e+04  1.50953035335988e-03  1.57390092499554e-03  4.57083852961659e-03  3.45745380036533e-03
  5.25792477174966e+04  1.51965511031449e-03  1.65769318118691e-03  4.28599584847689e-03  3.47755244001746e-03
  5.25837534723345e+04  6.99999975040555e-04  6.99999975040555e-04  5.00000023748726e-04  5.00000023748726e-04
  5.25841701397489e+04  1.44652079325169e-03  2.13835411705077e-03  4.81976801529527e-03  3.28234513290226e-03
  5.25878983861064e+04  1.52128352783620e-03  1.58542406279594e-03  4.28305007517338e-03  3.35322855971754e-03
  5.25916266333611e+04  1.43536215182394e-03  1.52623187750578e-03  4.50010877102613e-03  3.30651830881834e-03
  5.25953548807548e+04  1.61029433365911e-03  1.56134215649217e-03  4.03695367276669e-03  3.54289775714278e-03
  5.25990831280567e+04  1.48437079042196e-03  1.52962736319751e-03  4.18645422905684e-03  3.21113737300038e-03
  5.26028113759826e+04  1.59583915956318e-03  1.82406092062593e-03  4.01864759624004e-03  3.41001409105957e-03
  5.26065396240590e+04  1.52835296466947e-03  1.65396020747721e-03  4.02463832870126e-03  3.23942746035755e-03
  5.26102678727603e+04  1.55390473082662e-03  1.72255060169846e-03  4.45958925411105e-03  3.21085937321186e-03
  5.26139961216850e+04  1.42007356043905e-03  1.65343086700886e-03  4.50726551935077e-03  2.97476816922426e-03
  5.26177243702362e+04  1.47977506276220e-03  1.69602909591049e-03  4.15103742852807e-03  3.29672754742205e-03
  5.26214526189282e+04  1.43417448271066e-03  1.67101598344743e-03  4.21295082196593e-03  3.37972608394921e-03
  5.26251808682280e+04  1.70211226213723e-03  1.62114202976227e-03  4.31257858872414e-03  3.10179335065186e-03
  5.26289091173854e+04  1.37203535996377e-03  1.54413073323667e-03  3.95985506474972e-03  3.37130646221340e-03
  5.26326373670115e+04  1.45375775173306e-03  1.74975127447397e-03  4.44642500951886e-03  3.08849359862506e-03
  5.26363656168773e+04  1.47514638956636e-03  1.56786013394594e-03  4.17866511270404e-03  2.98835453577340e-03
  5.26400938668259e+04  1.63201568648219e-03  1.51763088069856e-03  4.56793094053864e-03  3.27208149246871e-03
  5.26438221163124e+04  1.48890586569905e-03  1.46552931983024e-03  4.66075446456671e-03  3.69929824955761e-03
  5.26475503659920e+04  1.27062760293484e-03  1.61009340081364e-03  3.91194829717278e-03  3.26036801561713e-03
  5.26512786158798e+04  1.50136405136436e-03  1.79218046832830e-03  4.10100631415844e-03  3.22165177203715e-03
  5.26550068659445e+04  1.47402903530747e-03  1.48880830965936e-03  4.39339596778154e-03  3.21718631312251e-03
  5.26587351156539e+04  1.39928900171071e-03  1.63824099581689e-03  4.22534951940179e-03  3.65546252578497e-03
  5.26624633655925e+04  1.42175715882331e-03  1.64115615189075e-03  4.29176213219762e-03  3.60219809226692e-03
  5.26661916156413e+04  1.65233609732240e-03  1.57190009485930e-03  4.37887432053685e-03  3.21962404996157e-03
  5.26699198654307e+04  1.71028985641897e-03  1.56382529530674e-03  4.81685623526573e-03  3.80412419326603e-03
  5.26736481151680e+04  1.31946604233235e-03  1.69063510838896e-03  4.72413096576929e-03  3.09517094865441e-03
  5.26773763648982e+04  1.50022283196449e-03  1.54463783837855e-03  4.28340351209044e-03  3.37148155085742e-03
  5.26811046147626e+04  1.55946100130677e-03  1.65502994786948e-03  4.19895211234689e-03  2.88325035944581e-03
  5.26848328644617e+04  1.35277817025781e-03  1.49978918489069e-03  4.45064762607217e-03  3.45571828074753e-03
  5.26885611139423e+04  1.63516681641340e-03  1.92347634583712e-03  4.06457763165236e-03  3.79805290140212e-03
  5.26922893634259e+04  1.50829984340817e-03  1.86810665763915e-03  4.04986366629601e-03  4.36850031837821e-03
  5.26960176121805e+04  1.75640324596316e-03  1.46429066080600e-03  3.57252196408808e-03  4.09932667389512e-03
  5.26997458612754e+04  1.52191065717489e-03  1.71656289603561e-03  4.50969906523824e-03  3.26502998359501e-03
  5.27034741103102e+04  1.49353139568120e-03  1.75758393015712e-03  4.40272502601147e-03  3.88828315772116e-03
  5.27105243062604e+04  6.99999975040555e-04  6.99999975040555e-04  5.00000023748726e-04  5.00000023748726e-04
  5.27109687506251e+04  1.50355440564454e-03  1.60555017646402e-03  4.91727283224463e-03  3.84034891612828e-03
  5.27146969988937e+04  1.57620024401695e-03  1.56114099081606e-03  4.47429483756423e-03  3.29388002865016e-03
  5.27184252469372e+04  1.57294422388077e-03  1.80944765452296e-03  4.23725228756666e-03  3.77284083515406e-03
  5.27221534948681e+04  1.49581523146480e-03  1.78820348810405e-03  4.71012014895678e-03  3.28463828191161e-03
  5.27258817421399e+04  1.43607950303704e-03  1.74320745281875e-03  4.35922853648663e-03  3.19471955299377e-03
  5.27296099896597e+04  1.60239369142801e-03  1.69494783040136e-03  4.21277992427349e-03  3.23090283200145e-03
  5.27333382370183e+04  1.44446641206741e-03  2.00131884776056e-03  4.05417568981647e-03  3.63586586900055e-03
  5.27370664842964e+04  1.67891243472695e-03  1.67912733741105e-03  4.40622959285975e-03  3.48100368864834e-03
  5.27407947308785e+04  1.47109618410468e-03  1.79779995232821e-03  4.21097502112389e-03  3.57670779339969e-03
  5.27445229778971e+04  1.25850702170283e-03  1.80631200782955e-03  3.84459481574595e-03  3.21635394357145e-03
  5.27482512241632e+04  1.44653313327581e-03  1.92251568660140e-03  4.54549537971616e-03  3.10483598150313e-03
  5.27519794701100e+04  1.56588922254741e-03  1.44872337114066e-03  4.76720929145813e-03  3.43544292263687e-03
  5.27557077160625e+04  1.99209526181221e-03  1.86772819142789e-03  4.20537497848272e-03  4.12702932953835e-03
  5.27594359619791e+04  1.60015642177314e-03  1.55851687304676e-03  4.69591375440359e-03  3.58677865006030e-03
  5.27631642074339e+04  1.47993129212409e-03  1.58770568668842e-03  3.98606481030583e-03  3.19145922549069e-03
  5.27668924532698e+04  1.61178980488330e-03  1.73440889921039e-03  3.94121976569295e-03  3.02948639728129e-03
  5.27706206984282e+04  1.58028514124453e-03  1.46405713167042e-03  4.12316666916013e-03  3.14049795269966e-03
  5.27743489435764e+04  1.54161464888602e-03  1.70208793133497e-03  4.31948481127620e-03  3.44096566550434e-03
  5.27780771884849e+04  1.56489247456193e-03  1.50734605267644e-03  4.46397345513105e-03  3.07825091294944e-03
  5.27842805563626e+04  6.99999975040555e-04  6.99999975040555e-04  5.00000023748726e-04  5.00000023748726e-04
  5.27844027786088e+04  1.50227593258023e-03  1.68263388331980e-03  4.29484946653247e-03  3.48732550628483e-03
  5.27881310232478e+04  1.33055355399847e-03  1.58737902529538e-03  4.05306043103337e-03  3.15466127358377e-03
  5.27918592680822e+04  1.63100776262581e-03  1.46414921618998e-03  4.41772397607565e-03  3.10302572324872e-03
  5.27955875126842e+04  1.59144145436585e-03  1.54897815082222e-03  4.42774035036564e-03  3.84793942794204e-03
  5.27993157572732e+04  1.42201955895871e-03  1.85923848766834e-03  3.90917435288429e-03  3.36988503113389e-03
  5.28030440014165e+04  1.64597621187568e-03  1.62887235637754e-03  4.12812875583768e-03  3.22704832069576e-03
  5.28067722459874e+04  1.64874363690615e-03  1.50896795094013e-03  4.42480947822332e-03  3.37088014930487e-03
  5.28105004902533e+04  1.45563273690641e-03  1.69921969063580e-03  4.63989796116948e-03  3.29210073687136e-03
  5.28142287348231e+04  1.56216067261994e-03  1.61316187586635e-03  4.44704527035356e-03  3.18260840140283e-03
  5.28179569794535e+04  1.47426419425756e-03  1.74645928200334e-03  4.39980300143361e-03  3.17737902514637e-03
  5.28216852238264e+04  1.50459085125476e-03  1.54388626106083e-03  4.10722987726331e-03  3.20714944973588e-03
  5.28254134681968e+04  1.44915992859751e-03  1.55010074377060e-03  4.11705067381263e-03  3.16954171285033e-03
  5.28291417126077e+04  1.49826146662235e-03  1.66200310923159e-03  3.78855667077005e-03  3.22631886228919e-03
  5.28328699572778e+04  1.60702387802303e-03  1.69439415913075e-03  4.24157967790961e-03  3.07494844309986e-03
  5.28365982017326e+04  1.51313864625990e-03  1.92002137191594e-03  3.93681600689888e-03  3.42832622118294e-03
  5.28403264464155e+04  1.89056887757033e-03  1.68338429648429e-03  3.84810473769903e-03  3.46029549837112e-03
  5.28440546913483e+04  1.74361106473953e-03  1.68283935636282e-03  4.46183001622558e-03  3.10501805506647e-03
  5.28477829362940e+04  1.55481928959489e-03  1.41879357397556e-03  4.26224479451776e-03  3.37941199541092e-03
  5.28515111814664e+04  1.65093026589602e-03  1.85753311961889e-03  4.65000839903951e-03  3.49880848079920e-03
  5.28552394266678e+04  1.61450006999075e-03  1.53559877071530e-03  4.24092542380095e-03  2.99443653784692e-03
  5.28616458338831e+04  6.99999975040555e-04  6.99999975040555e-04  5.00000023748726e-04  5.00000023748726e-04
  5.28640500002661e+04  2.06805905327201e-03  1.79308524820954e-03  4.43486822769046e-03  3.87972337193787e-03
  5.28677782463252e+04  1.46548287011683e-03  1.41982326749712e-03  4.52892482280731e-03  3.37168853729963e-03
  5.28715064921828e+04  1.49572105146945e-03  1.63726415485144e-03  4.10125358030200e-03  3.15918074920774e-03
  5.28752347380728e+04  1.26920395996422e-03  1.92872225306928e-03  4.98040299862623e-03  3.56840109452605e-03
  5.28789629845798e+04  1.32351333741099e-03  1.92083744332194e-03  5.13118691742420e-03  3.66911664605141e-03
  5.28826912314675e+04  1.71407661400735e-03  2.05153413116932e-03  3.86407854966819e-03  3.37501987814903e-03
  5.28864194783946e+04  1.47336209192872e-03  1.62534171249717e-03  5.06207579746842e-03  3.19442874751985e-03
  5.28901477258496e+04  1.80972367525101e-03  1.40623026527464e-03  4.40163630992174e-03  3.46729671582580e-03
  5.28938759731133e+04  1.43158843275160e-03  1.67654058896005e-03  3.97545518353581e-03  3.35548119619489e-03
  5.28976042206586e+04  1.48236495442688e-03  1.79737748112530e-03  4.63016191497445e-03  3.49662057124078e-03
  5.29013324691480e+04  1.21244532056153e-03  1.77878851536661e-03  4.45925351232290e-03  3.39408335275948e-03
  5.29050607172223e+04  1.33885233663023e-03  1.54806300997734e-03  4.54417709261179e-03  3.00244847312570e-03
  5.29087889662813e+04  1.51467963587493e-03  1.92586833145469e-03  4.20820061117411e-03  3.32992407493293e-03
  5.29125172149849e+04  1.77554169204086e-03  1.87207502312958e-03  3.96675057709217e-03  3.46281309612095e-03
  5.29162454641355e+04  1.83230999391526e-03  1.63759035058320e-03  4.49105398729444e-03  4.00795042514801e-03
  5.29199737135832e+04  1.64692674297839e-03  1.66228518355638e-03  4.03091171756387e-03  3.00174951553345e-03
  5.29237019635197e+04  1.66442361660302e-03  1.87885703053325e-03  3.85995418764651e-03  3.02589870989323e-03
  5.29274302138241e+04  1.79473939351737e-03  1.83217844460160e-03  3.83861456066370e-03  3.47147788852453e-03
  5.29311584640753e+04  1.57429464161396e-03  1.57762109301984e-03  3.88972763903439e-03  3.21671948768198e-03
  5.29348867147976e+04  1.52918323874474e-03  1.45101500675082e-03  4.61026979610324e-03  3.12630482949317e-03
  5.29409479171836e+04  6.99999975040555e-04  6.99999975040555e-04  5.00000023748726e-04  5.00000023748726e-04
  5.29411805560647e+04  1.75792770460248e-03  1.53015914838761e-03  4.30100085213780e-03  3.09540354646742e-03
  5.29449088066563e+04  1.50646036490798e-03  1.32147641852498e-03  4.32062149047852e-03  3.23309237137437e-03
  5.29486370585787e+04  1.46789499558508e-03  1.77645380608737e-03  4.39576664939523e-03  3.33645869977772e-03
  5.29555659730705e+04  6.99999975040555e-04  6.99999975040555e-04  5.00000023748726e-04  5.00000023748726e-04
  5.29560000001954e+04  1.56944186892360e-03  1.55859545338899e-03  3.75914899632335e-03  3.05272149853408e-03
  5.29597282524491e+04  1.48772948887199e-03  1.55379576608539e-03  4.38522687181830e-03  3.03526734933257e-03
  5.29634565048934e+04  1.67496909853071e-03  1.87495991121978e-03  3.87519388459623e-03  3.27230407856405e-03
  5.29671847584781e+04  1.40398449730128e-03  1.69243698474020e-03  4.64030122384429e-03  3.32176336087286e-03
  5.29709130114583e+04  1.64767890237272e-03  1.81800406426191e-03  4.77351574227214e-03  3.52164125069976e-03
  5.29746412646610e+04  1.33389397524297e-03  1.58789253327996e-03  4.21009166166186e-03  3.23160039260983e-03
  5.29783695185116e+04  1.39793730340898e-03  1.55624968465418e-03  4.15595574304461e-03  3.02395294420421e-03
  5.29820977723612e+04  1.43143662717193e-03  1.59938586875796e-03  3.83244361728430e-03  3.04699316620827e-03
  5.29858260261875e+04  1.57885835506022e-03  1.86713249422610e-03  4.31307032704353e-03  3.20868194103241e-03
  5.29895542800278e+04  1.63298018742353e-03  1.40505831222981e-03  4.15968941524625e-03  3.40337306261063e-03
  5.29932825340949e+04  1.39893323648721e-03  1.61391147412360e-03  3.52574861608446e-03  2.96420627273619e-03
  5.29970107881642e+04  1.49549590423703e-03  1.71024771407247e-03  4.52103838324547e-03  3.54689871892333e-03
  5.30007390422385e+04  1.56238861382008e-03  1.66760373394936e-03  4.22876607626677e-03  3.31410695798695e-03
  5.30044672972860e+04  1.57739734277129e-03  1.68000150006264e-03  3.74730676412582e-03  3.39288194663823e-03
  5.30081955519584e+04  1.43430719617754e-03  1.60424201749265e-03  4.05936827883124e-03  3.39082255959511e-03
  5.30119238060950e+04  1.62647548131645e-03  1.55792082659900e-03  4.02686325833201e-03  3.22264060378075e-03
  5.30156520601888e+04  1.40649604145437e-03  1.43650663085282e-03  4.13096649572253e-03  3.04491585120559e-03
  5.30193803158125e+04  1.49137573316693e-03  1.53527141083032e-03  4.11327090114355e-03  3.03572486154735e-03
  5.30231085701992e+04  1.40419602394104e-03  1.70608004555106e-03  4.24627494066954e-03  3.14236269332469e-03
  5.30268368250626e+04  1.60828710068017e-03  1.79205450695008e-03  3.76493087969720e-03  3.13578429631889e-03
  5.30305650798239e+04  1.66054733563215e-03  1.65293843019754e-03  3.95721476525068e-03  3.32744745537639e-03
  5.30342933339490e+04  1.39428384136409e-03  1.50769902393222e-03  4.70090424641967e-03  3.11701954342425e-03
  5.30380215883969e+04  1.59096252173185e-03  1.69004243798554e-03  3.83283593691885e-03  3.27326077967882e-03
  5.30417498428670e+04  1.19898782577366e-03  1.65149243548512e-03  4.04001399874687e-03  3.08360322378576e-03
  5.30454780969527e+04  1.72078714240342e-03  1.76748353987932e-03  3.43742012046278e-03  3.22298915125430e-03
  5.30492063511874e+04  1.48014456499368e-03  1.88656477257609e-03  4.72103198990226e-03  3.69732663966715e-03
  5.30529346052096e+04  1.44217070192099e-03  1.55679532326758e-03  4.59099560976028e-03  3.83262336254120e-03
  5.30566628592582e+04  1.50910974480212e-03  1.50413112714887e-03  4.03730105608702e-03  3.35151818580925e-03
  5.30603911132177e+04  1.70405616518110e-03  1.91620609257370e-03  3.72671009972692e-03  3.52226244285703e-03
  5.30641193666887e+04  1.75511557608843e-03  1.64227234199643e-03  4.24476806074381e-03  2.76073650456965e-03
  5.30678476201424e+04  1.42567045986652e-03  1.93042820319533e-03  4.72631957381964e-03  3.28967953100801e-03
  5.30735833336862e+04  6.99999975040555e-04  6.99999975040555e-04  5.00000023748726e-04  5.00000023748726e-04
  5.30740416674825e+04  1.40492303762585e-03  1.91238813567907e-03  4.47437865659595e-03  3.11987823806703e-03
  5.30777699204342e+04  1.68770167510957e-03  1.58940418623388e-03  4.04486665502191e-03  3.66174755617976e-03
  5.30814981732038e+04  1.24313961714506e-03  1.66189449373633e-03  3.74214584007859e-03  3.21629247628152e-03
  5.30852264257881e+04  1.59552518744022e-03  1.56729272566736e-03  3.76703264191747e-03  3.24987806379795e-03
  5.30889546781944e+04  1.37227703817189e-03  1.51736557018012e-03  4.84947953373194e-03  3.15844151191413e-03
  5.30926829303149e+04  1.38096162118018e-03  1.72800710424781e-03  3.94404958933592e-03  2.87379021756351e-03
  5.30964111821632e+04  1.66235421784222e-03  1.64517213124782e-03  4.90790558978915e-03  3.31388018094003e-03
  5.31001394339606e+04  1.51194026693702e-03  1.72355480026454e-03  4.14912402629852e-03  3.08172195218503e-03
  5.31038676855476e+04  1.69813435059041e-03  1.76667526829988e-03  4.19944617897272e-03  3.29081644304097e-03
  5.31075959368911e+04  1.46491301711649e-03  1.55997870024294e-03  4.98237134888768e-03  3.02688893862069e-03
  5.31113241879792e+04  1.54853565618396e-03  1.62347743753344e-03  4.17124480009079e-03  3.24721424840391e-03
  5.31150524390521e+04  1.34519208222628e-03  1.57579919323325e-03  4.15056012570858e-03  3.29693825915456e-03
  5.31187806896215e+04  1.56696408521384e-03  2.07122741267085e-03  4.32891119271517e-03  3.40067921206355e-03
  5.31225089401666e+04  1.52514828369021e-03  1.89620268065482e-03  4.74338559433818e-03  2.84203025512397e-03
  5.31262371905185e+04  1.41392857767642e-03  1.61477830260992e-03  4.30219387635589e-03  3.36393108591437e-03
  5.31299654406287e+04  1.50121096521616e-03  1.78712734486908e-03  4.20970050618052e-03  3.65099357441068e-03
  5.31336936906748e+04  1.31766602862626e-03  1.75193569157273e-03  4.53604897484183e-03  3.06647457182407e-03
  5.31374219404953e+04  1.51879759505391e-03  1.73174648080021e-03  4.01825038716197e-03  3.34274186752737e-03
  5.31411501902940e+04  1.43161346204579e-03  1.47492438554764e-03  4.10684663802385e-03  2.97181075438857e-03
  5.31448784398067e+04  1.35391391813755e-03  1.72037817537785e-03  4.07456979155540e-03  2.93964357115328e-03
  5.31486066891490e+04  1.37577846180648e-03  1.70947331935167e-03  4.04769415035844e-03  3.18164238706231e-03
  5.31523349383370e+04  1.67456117924303e-03  1.45874265581369e-03  4.01391414925456e-03  2.91194440796971e-03
  5.31560631873703e+04  1.63315981626511e-03  1.50096323341131e-03  4.18311124667525e-03  3.01368371583521e-03
  5.31597914366550e+04  1.46595551632345e-03  1.62626674864441e-03  3.95834911614656e-03  3.27231967821717e-03
  5.31635196856539e+04  1.37695879675448e-03  1.85269094072282e-03  4.35626320540905e-03  3.38656967505813e-03
  5.31672479344388e+04  1.43044837750494e-03  1.51190895121545e-03  4.07683430239558e-03  3.05706146173179e-03
  5.31709761834558e+04  1.53747282456607e-03  1.77030509803444e-03  4.24197409301996e-03  2.93279089964926e-03
  5.31747044321760e+04  1.41618400812149e-03  1.59399025142193e-03  4.41987300291657e-03  2.97854165546596e-03
  5.31784326807640e+04  1.40778627246618e-03  1.65993452537805e-03  4.23845276236534e-03  3.03690577857196e-03
  5.31821609295498e+04  1.66316761169583e-03  1.64224021136761e-03  3.88074875809252e-03  2.84486101008952e-03
  5.31858891783391e+04  1.50594115257263e-03  1.46643456537277e-03  4.28910646587610e-03  2.99249496310949e-03
  5.31896174271562e+04  1.36664498131722e-03  1.82522193063051e-03  4.00470942258835e-03  3.32459551282227e-03
  5.31933456757698e+04  1.34094909299165e-03  1.63162779062986e-03  4.06636390835047e-03  2.86719412542880e-03
  5.31970739246239e+04  1.52479868847877e-03  1.48211373016238e-03  4.31348429992795e-03  3.18276602774858e-03
  5.32008021734918e+04  1.48024375084788e-03  1.43538927659392e-03  4.35166014358401e-03  3.18383751437068e-03
  5.32045304223505e+04  1.71714799944311e-03  1.58033426851034e-03  3.70142399333417e-03  3.40819987468421e-03
  5.32082586714005e+04  1.60125305410475e-03  1.43971410579979e-03  4.12510707974434e-03  3.33292433060706e-03
  5.32119869204560e+04  1.32067291997373e-03  1.46320241037756e-03  4.46226913481951e-03  3.12194507569075e-03
  5.32157151695902e+04  1.59003061708063e-03  1.85915746260434e-03  4.47517866268754e-03  3.38711217045784e-03
  5.32194434188716e+04  1.60244770813733e-03  1.54681107960641e-03  3.88845894485712e-03  3.14241461455822e-03
  5.32231716684723e+04  1.56506721395999e-03  1.86151464004070e-03  3.92927415668964e-03  3.41700296849012e-03
  5.32286736116699e+04  6.99999975040555e-04  6.99999975040555e-04  5.00000023748726e-04  5.00000023748726e-04
  5.32291250003379e+04  1.56732567120343e-03  1.70609878841788e-03  4.02461504563689e-03  2.98097310587764e-03
  5.32328532502396e+04  1.37446599546820e-03  1.96001096628606e-03  4.85006300732493e-03  3.52746807038784e-03
  5.32365815001758e+04  1.23077782336622e-03  1.85930053703487e-03  4.15514502674341e-03  3.04624694399536e-03
  5.32403097506088e+04  1.33642635773867e-03  1.62119360174984e-03  4.09917719662189e-03  2.86888238042593e-03
  5.32440380010682e+04  1.68537523131818e-03  1.83304038364440e-03  3.77722387202084e-03  3.77525226213038e-03
  5.32477662517027e+04  1.51823938358575e-03  1.53032538946718e-03  4.38156723976135e-03  3.18654184229672e-03
  5.32514945024617e+04  1.56290095765144e-03  1.57641677651554e-03  4.67688031494617e-03  3.75566259026527e-03
  5.32552227537235e+04  1.39888888224959e-03  1.55885494314134e-03  4.09778207540512e-03  3.58659354969859e-03
  5.32589510054641e+04  1.33342295885086e-03  1.81164022069424e-03  4.56693349406123e-03  3.22399102151394e-03
  5.32626792569897e+04  1.60818058066070e-03  1.63723353762180e-03  4.23221988603473e-03  3.46267805434763e-03
  5.32664075090480e+04  1.59488851204515e-03  1.60356983542442e-03  4.87980199977756e-03  3.38588166050613e-03
  5.32701357613761e+04  1.61104707513005e-03  1.54641899280250e-03  4.45628492161632e-03  3.15741589292884e-03
  5.32738640139167e+04  1.48969015572220e-03  1.45882088690996e-03  4.49412316083908e-03  3.09323379769921e-03
  5.32775922665150e+04  1.50470680091530e-03  1.87972618732601e-03  4.48898831382394e-03  3.43947182409465e-03
  5.32813205195242e+04  1.62673497106880e-03  1.55486667063087e-03  4.25827084109187e-03  2.97725433483720e-03
  5.32850487732105e+04  1.39404437504709e-03  1.43117608968168e-03  4.11120709031820e-03  2.73617939092219e-03
  5.32887770266712e+04  1.68805988505483e-03  1.51072500739247e-03  4.03143884614110e-03  3.50295472890139e-03
  5.32925052804318e+04  1.30109128076583e-03  1.76895537879318e-03  4.20497171580791e-03  3.53513401933014e-03
  5.32962335345718e+04  1.47655035834759e-03  1.63347146008164e-03  4.18151449412107e-03  3.39855626225471e-03
  5.32999617889364e+04  1.25159439630806e-03  1.58841931261122e-03  3.73295275494456e-03  3.10606439597905e-03
  5.33036900434559e+04  1.61225139163435e-03  1.56169163528830e-03  3.71124804951251e-03  3.02160345017910e-03
  5.33074182985150e+04  1.57887150999159e-03  1.60945986863226e-03  4.24132496118546e-03  3.27174481935799e-03
  5.33111465534446e+04  1.52981956489384e-03  1.55935541260988e-03  4.47209365665913e-03  3.30340047366917e-03
  5.33148748087452e+04  1.39801995828748e-03  1.72889314126223e-03  3.93629400059581e-03  3.23580671101809e-03
  5.33186030641238e+04  1.57129461877048e-03  1.61344872321934e-03  3.98458959534764e-03  3.25168413110077e-03
  5.33223313200497e+04  1.31431827321649e-03  1.55297422315925e-03  3.88618977740407e-03  3.18386242724955e-03
  5.33260595760338e+04  1.31087540648878e-03  1.43791397567838e-03  3.90014355070889e-03  3.01211816258729e-03
  5.33297878323425e+04  1.28005840815604e-03  1.69366528280079e-03  3.97450663149357e-03  3.28820687718689e-03
  5.33335160885869e+04  1.33930169977248e-03  1.54185981955379e-03  4.18664189055562e-03  2.73148389533162e-03
  5.33372443450126e+04  1.39538722578436e-03  1.61714036948979e-03  4.03018947690725e-03  3.33207054063678e-03
  5.33409726018645e+04  1.52399623766541e-03  1.74671469721943e-03  4.11322247236967e-03  3.28067829832435e-03
  5.33447008610602e+04  1.78706762380898e-03  1.53382983990014e-03  4.54701017588377e-03  2.78010778129101e-03
  5.33484291157964e+04  1.54801679309458e-03  1.57251523341984e-03  4.11334726959467e-03  3.23291914537549e-03
  5.33537361112801e+04  6.99999975040555e-04  6.99999975040555e-04  5.00000023748726e-04  5.00000023748726e-04
  5.33541875008611e+04  1.36268965434283e-03  1.63556926418096e-03  4.15371591225266e-03  3.33025027066469e-03
  5.33579157581066e+04  1.60039588809013e-03  1.67270028032362e-03  3.63059365190566e-03  3.13251069746912e-03
  5.33616440155917e+04  1.47312146145850e-03  1.72795448452234e-03  4.47004847228527e-03  2.97374650835991e-03
  5.33653722730522e+04  1.31756986957043e-03  1.64955691434443e-03  3.80547833628953e-03  2.94249528087676e-03
  5.33691005307383e+04  1.65259209461510e-03  1.49679405149072e-03  4.19354578480124e-03  2.99580371938646e-03
  5.33728287884026e+04  1.52386992704123e-03  1.55565235763788e-03  4.32319007813931e-03  3.30946967005730e-03
  5.33765570458911e+04  1.47963163908571e-03  2.00536684133112e-03  3.78421740606427e-03  3.10988747514784e-03
  5.33802853036271e+04  1.42274121753871e-03  1.38549203984439e-03  3.88087402097881e-03  2.89737712591887e-03
  5.33840135613936e+04  1.64070585742593e-03  1.65132526308298e-03  4.01323568075895e-03  3.26988450251520e-03
  5.33902500004677e+04  6.99999975040555e-04  6.99999975040555e-04  5.00000023748726e-04  5.00000023748726e-04
  5.33918333339862e+04  1.57504237722605e-03  1.65512028615922e-03  4.17470838874578e-03  3.01469257101417e-03
  5.33955615912790e+04  1.51577196083963e-03  1.46836182102561e-03  4.65498724952340e-03  3.72460507787764e-03
  5.33992898490624e+04  1.51722633745521e-03  1.73159851692617e-03  4.27090562880039e-03  3.65904672071338e-03
  5.34030181064073e+04  1.58253707922995e-03  1.79791240952909e-03  4.47722384706140e-03  3.02146538160741e-03
  5.34067463639779e+04  1.45233760122210e-03  1.90546375233680e-03  3.90954595059156e-03  3.45778837800026e-03
  5.34104746212986e+04  1.50733708869666e-03  1.79094134364277e-03  3.92571138218045e-03  3.60970688052475e-03
  5.34142028783496e+04  1.38457457069308e-03  1.80130428634584e-03  4.22588083893061e-03  4.02725860476494e-03
  5.34188750008530e+04  6.99999975040555e-04  6.99999975040555e-04  5.00000023748726e-04  5.00000023748726e-04
  5.34230000006620e+04  1.26595876645297e-03  1.19893264491111e-03  4.36429586261511e-03  3.02514201030135e-03
  5.34267282574816e+04  1.53252668678761e-03  1.42330455128103e-03  4.25241421908140e-03  3.38049605488777e-03
  5.34304565139700e+04  1.79443403612822e-03  1.51719118002802e-03  4.23167878761888e-03  3.35379200987518e-03
  5.34341847701841e+04  1.43333268351853e-03  1.61124125588685e-03  3.84028744883835e-03  3.06829181499779e-03
  5.34379130270432e+04  1.84553605504334e-03  1.65540841408074e-03  4.30119736120105e-03  3.46058979630470e-03
  5.34416412829663e+04  1.37563678435981e-03  1.74025294836611e-03  4.12217387929559e-03  2.97503592446446e-03
  5.34453695389238e+04  1.45591667387635e-03  1.55214720871300e-03  4.40344773232937e-03  3.35573893971741e-03
  5.34490977949098e+04  1.45212176721543e-03  1.81732338387519e-03  4.52714739367366e-03  3.47768049687147e-03
  5.34528260504605e+04  1.73290318343788e-03  1.80127343628556e-03  3.91340442001820e-03  2.54299165681005e-03
  5.34565543060394e+04  1.37766764964908e-03  1.59714394249022e-03  4.50030434876680e-03  3.31954983994365e-03
  5.34602825612835e+04  1.76915840711445e-03  1.57894566655159e-03  4.54863486811519e-03  3.44583322294056e-03
  5.34644375008820e+04  6.99999975040555e-04  6.99999975040555e-04  5.00000023748726e-04  5.00000023748726e-04
  5.34648958333970e+04  1.54558580834419e-03  1.56393786892295e-03  4.03582723811269e-03  3.46404546871781e-03
  5.34686240880811e+04  1.69520382769406e-03  1.67755200527608e-03  4.30042622610927e-03  3.04904999211431e-03
  5.34723523427363e+04  1.33190955966711e-03  1.29829149227589e-03  4.72868839278817e-03  3.23254545219243e-03
  5.34760805971214e+04  1.52038375381380e-03  1.64366734679788e-03  4.58724377676845e-03  3.22126643732190e-03
  5.34798088513104e+04  1.49449473246932e-03  1.40259857289493e-03  3.78772499971092e-03  3.55556420981884e-03
  5.34835371053010e+04  1.51957978960127e-03  1.74003024585545e-03  3.78346513025463e-03  4.03025327250361e-03
  5.34872653592082e+04  1.42091070301831e-03  1.52818765491247e-03  4.20543830841780e-03  2.96427030116320e-03
  5.34909936126818e+04  1.75748602487147e-03  1.82106799911708e-03  4.32883528992534e-03  3.07504879310727e-03
  5.34947218659167e+04  1.76870520226657e-03  1.48880516644567e-03  3.67378350347281e-03  3.14016151241958e-03
  5.34984501191377e+04  1.56557455193251e-03  1.61323405336589e-03  4.40887501463294e-03  3.02152452059090e-03
  5.35021783721261e+04  1.22410373296589e-03  1.46688369568437e-03  3.69523721747100e-03  2.85266176797450e-03
  5.35059066253402e+04  1.38816714752465e-03  1.52898405212909e-03  4.42939996719360e-03  2.89788516238332e-03
  5.35096348783276e+04  1.48970587179065e-03  1.73111935146153e-03  3.78604908473790e-03  3.12535837292671e-03
  5.35133631308783e+04  1.26342242583632e-03  1.42600038088858e-03  3.76033433713019e-03  2.96028261072934e-03
  5.35170913834049e+04  1.65879470296204e-03  1.56187335960567e-03  3.68903344497085e-03  3.13567812554538e-03
  5.35208196359110e+04  1.47265370469540e-03  1.60344096366316e-03  4.56306152045727e-03  3.09281377121806e-03
  5.35256479170070e+04  6.99999975040555e-04  6.99999975040555e-04  5.00000023748726e-04  5.00000023748726e-04
  5.35257479173611e+04  1.71262281946838e-03  1.63097784388810e-03  4.37388941645622e-03  2.96643516048789e-03
  5.35294761694901e+04  1.53280352242291e-03  1.50819460395724e-03  4.19273646548390e-03  2.94722849503160e-03
  5.35332044216494e+04  1.47744943387806e-03  1.67999742552638e-03  3.95079981535673e-03  2.97284265980124e-03
  5.35369326736619e+04  1.38913351111114e-03  1.77739467471838e-03  3.78529517911375e-03  3.21588735096157e-03
  5.35406609259143e+04  1.50700553786010e-03  1.66212639305741e-03  3.81746422499418e-03  3.32185789011419e-03
  5.35443891779444e+04  1.50446966290474e-03  1.74775649793446e-03  4.16971510276198e-03  3.11148888431489e-03
  5.35481174301690e+04  1.52027700096369e-03  1.54140929225832e-03  4.11058170720935e-03  3.22044151835144e-03
  5.35518456822118e+04  1.36668561026454e-03  1.67682534083724e-03  4.23108413815498e-03  3.17024020478129e-03
  5.35555739342672e+04  1.47364987060428e-03  1.69556110631675e-03  3.96235939115286e-03  3.13257495872676e-03
  5.35593021863888e+04  1.69308378826827e-03  1.78369681816548e-03  4.46554273366928e-03  2.86831171251833e-03
  5.35630304384307e+04  1.54492678120732e-03  1.48213049396873e-03  4.44624479860067e-03  3.35469050332904e-03
  5.35667586907119e+04  1.48064864333719e-03  1.82504253461957e-03  3.86607740074396e-03  3.54525330476463e-03
  5.35704869427698e+04  1.26108655240387e-03  1.61698786541820e-03  3.78100643865764e-03  3.00295418128371e-03
  5.35742151950416e+04  1.32421439047903e-03  1.72388204373419e-03  3.91122559085488e-03  3.14443139359355e-03
  5.35785694449122e+04  6.99999975040555e-04  6.99999975040555e-04  5.00000023748726e-04  5.00000023748726e-04
  5.35790277779273e+04  1.74646882805973e-03  1.64996844250709e-03  4.06934460625052e-03  3.15571972168982e-03
  5.35827560304305e+04  1.53279188089073e-03  1.57560966908932e-03  4.66599129140377e-03  2.94738658703864e-03
  5.35864842830346e+04  1.71501201111823e-03  1.68200547341257e-03  4.15196036919951e-03  3.27422400005162e-03
  5.35902125356563e+04  1.47567503154278e-03  1.60185538697988e-03  4.49253572151065e-03  2.90666054934263e-03
  5.35939407887487e+04  1.43503036815673e-03  1.82489678263664e-03  4.36427351087332e-03  3.18640400655568e-03
  5.35976690418464e+04  1.73771614208817e-03  1.62134191486984e-03  4.78400569409132e-03  3.22984042577446e-03
  5.36013972947222e+04  1.62988516967744e-03  1.77616730798036e-03  4.44293394684792e-03  2.67254724167287e-03
  5.36051255485359e+04  1.41016638372093e-03  1.55409204307944e-03  4.56262053921819e-03  3.47488583065569e-03
  5.36088538018994e+04  1.84569624252617e-03  1.71706441324204e-03  4.33199387043715e-03  3.29656503163278e-03
  5.36125820562151e+04  1.85482960660011e-03  1.92672922275960e-03  4.89355064928532e-03  2.63349339365959e-03
  5.36163103101563e+04  1.49872468318790e-03  1.95148459170014e-03  3.63523024134338e-03  3.23672313243151e-03
  5.36200385643310e+04  1.69753248337656e-03  1.76852475851774e-03  3.99381015449762e-03  3.38587444275618e-03
  5.36237668185161e+04  1.71042687725276e-03  1.86184328049421e-03  4.23543015494943e-03  3.23211587965488e-03
  5.36274950736434e+04  1.65881135035306e-03  1.51557393837720e-03  4.07964549958706e-03  3.00277071073651e-03
  5.36312233285592e+04  1.84784387238324e-03  1.66849675588310e-03  4.35259519144893e-03  3.68620920926332e-03
  5.36349515839292e+04  1.54639978427440e-03  1.58519879914820e-03  4.44626063108444e-03  3.49092599935830e-03
  5.36386798397858e+04  1.38256361242384e-03  1.79437489714473e-03  3.44481179490685e-03  3.43764876015484e-03
  5.36424080952454e+04  1.34694483131170e-03  1.51889934204519e-03  4.46887826547027e-03  2.96404561959207e-03
  5.36461363512015e+04  1.62805442232639e-03  1.48984859697521e-03  4.53772535547614e-03  3.48815717734396e-03
  5.36498646074697e+04  1.18936644867063e-03  1.50203506927937e-03  4.19289851561189e-03  3.49384336732328e-03
  5.36535928637174e+04  1.31839828100055e-03  2.00160453096032e-03  4.03172522783279e-03  3.19888070225716e-03
  5.36573211204214e+04  1.41425267793238e-03  1.59321667160839e-03  4.29301103577018e-03  3.27271688729525e-03
  5.36610493773321e+04  1.41284067649394e-03  1.84508785605431e-03  4.50237700715661e-03  3.60832223668694e-03
  5.36647776344584e+04  1.53909251093864e-03  1.71091023366898e-03  4.80377348139882e-03  3.33937210962176e-03
  5.36685058919872e+04  1.71476474497467e-03  1.75411079544574e-03  4.12109633907676e-03  3.12940985895693e-03
  5.36722341494851e+04  1.26765295863152e-03  1.40770722646266e-03  4.24407329410315e-03  3.46626853570342e-03
  5.36759624069502e+04  1.57409522216767e-03  1.88148883171380e-03  4.88864863291383e-03  3.11803887598217e-03
  5.36796906652557e+04  1.46700907498598e-03  1.48638023529202e-03  4.16611181572080e-03  2.64287646859884e-03
  5.36843854171435e+04  6.99999975040555e-04  6.99999975040555e-04  5.00000023748726e-04  5.00000023748726e-04
  5.36848750005071e+04  1.44422252196819e-03  1.50767399463803e-03  4.44748159497976e-03  3.58654675073922e-03
  5.36886032588379e+04  1.34320382494479e-03  1.44858239218593e-03  4.14097262546420e-03  3.22291208431125e-03
  5.36923315172464e+04  1.64325640071183e-03  1.55397877097130e-03  4.07947693020105e-03  2.82701873220503e-03
  5.36960597758461e+04  1.67635048273951e-03  1.52578135021031e-03  4.03477484360337e-03  3.24216415174305e-03
  5.36997880347244e+04  1.37621851172298e-03  1.58494827337563e-03  4.18277550488710e-03  3.11114871874452e-03
  5.37035162938900e+04  1.43258599564433e-03  1.58673629630357e-03  4.05976641923189e-03  3.50197870284319e-03
  5.37072445525219e+04  1.64501275867224e-03  1.44622509833425e-03  3.85317206382751e-03  3.16318520344794e-03
  5.37109728122534e+04  1.65889190975577e-03  1.50900892913342e-03  4.31488407775760e-03  3.49320215173066e-03
  5.37147010712177e+04  1.30617176182568e-03  1.35146768298000e-03  4.37761005014181e-03  3.13825113698840e-03
  5.37184293307013e+04  1.46476528607309e-03  1.50156207382679e-03  4.16009454056621e-03  3.27644706703722e-03
  5.37221575901448e+04  1.24825234524906e-03  1.63081940263510e-03  4.34351479634643e-03  2.94833444058895e-03
  5.37258858493333e+04  1.56799075193703e-03  1.55451451428235e-03  4.12009004503489e-03  2.86701880395412e-03
  5.37296141086726e+04  1.34949246421456e-03  1.58280972391367e-03  3.25450487434864e-03  3.02954507060349e-03
  5.37333423680729e+04  1.42635707743466e-03  1.49021029938012e-03  3.70078952983022e-03  3.19898384623230e-03
  5.37370706163126e+04  1.47264089901000e-03  1.54269335325807e-03  4.30547585710883e-03  3.10590164735913e-03
  5.37407988758809e+04  1.55452440958470e-03  1.71727198176086e-03  4.06863167881966e-03  2.81673460267484e-03
  5.37445271354964e+04  1.70997448731214e-03  1.65757338982075e-03  3.91962099820375e-03  2.84818001091480e-03
  5.37482553951342e+04  1.39526813291013e-03  1.45349523518234e-03  3.83603968657553e-03  3.21754068136215e-03
  5.37519836547929e+04  1.48917420301586e-03  1.61729508545250e-03  4.48568817228079e-03  3.33325262181461e-03
  5.37557119144665e+04  1.56240328215063e-03  1.39291305094957e-03  4.32925065979362e-03  2.85063008777797e-03
  5.37594401741712e+04  1.69330695644021e-03  1.65633566211909e-03  5.01270638778806e-03  3.21545591577888e-03
  5.37631684335728e+04  1.43265328370035e-03  1.58411299344152e-03  4.38104616478086e-03  3.15109477378428e-03
  5.37668966932569e+04  1.44295778591186e-03  1.94006599485874e-03  3.96885722875595e-03  3.85620817542076e-03
  5.37706249526852e+04  1.87664106488228e-03  1.39566580764949e-03  4.46676230058074e-03  3.52371949702501e-03
  5.37743532118563e+04  1.72780209686607e-03  1.62428920157254e-03  4.42932685837150e-03  3.06578818708658e-03
  5.37780814712723e+04  1.60935893654823e-03  1.67530367616564e-03  4.36659296974540e-03  3.45881818793714e-03
  5.37818097305139e+04  1.77848013117909e-03  1.61517423111945e-03  3.68083943612874e-03  3.59614659100771e-03
  5.37855379897987e+04  1.63832679390907e-03  1.82843091897666e-03  3.81575501523912e-03  3.51272895932198e-03
  5.37892662485392e+04  1.74988398794085e-03  1.75957288593054e-03  4.42152284085751e-03  3.70293878950179e-03
  5.37929945074570e+04  1.76933838520199e-03  1.67556095402688e-03  4.16327593848109e-03  3.19817196577787e-03
  5.37967227664098e+04  1.28534855321050e-03  1.88695127144456e-03  4.44491906091571e-03  3.39289032854140e-03
  5.38015729173634e+04  6.99999975040555e-04  6.99999975040555e-04  5.00000023748726e-04  5.00000023748726e-04
  5.38021319451505e+04  1.33672344963998e-03  1.84497307054698e-03  4.07461076974869e-03  2.81926221214235e-03
  5.38058602035672e+04  1.34160392917693e-03  1.56453996896744e-03  4.29315119981766e-03  3.07604391127825e-03
  5.38095884620487e+04  1.46288296673447e-03  1.63925031665713e-03  3.96329816430807e-03  3.09532904066145e-03
  5.38133167200254e+04  1.23014161363244e-03  1.72179797664285e-03  4.19975677505136e-03  3.64624848589301e-03
  5.38170449779862e+04  1.45240698475391e-03  1.42211909405887e-03  4.68597467988729e-03  3.76350060105324e-03
  5.38207732356516e+04  1.66525982785970e-03  1.30567408632487e-03  4.16647968813777e-03  3.47924698144197e-03
  5.38245014933472e+04  1.62409478798509e-03  1.72462163027376e-03  4.51778154820204e-03  2.78169987723231e-03
  5.38282297508586e+04  1.78308354225010e-03  1.81047106161714e-03  4.55925427377224e-03  3.26200900599360e-03
  5.38319580081712e+04  1.36908399872482e-03  1.79472798481584e-03  4.48700645938516e-03  3.03855421952903e-03
  5.38356862654964e+04  1.78787752520293e-03  1.24666781630367e-03  4.78683924302459e-03  3.16639640368521e-03
  5.38394145223923e+04  1.38077617157251e-03  1.75011635292321e-03  3.98538867011666e-03  2.97317304648459e-03
  5.38431427793137e+04  1.69654702767730e-03  1.69937836471945e-03  4.34514461085200e-03  3.16920131444931e-03
  5.38468710355116e+04  1.70062645338476e-03  1.60921970382333e-03  4.34184027835727e-03  2.95492261648178e-03
  5.38505992919954e+04  1.43786531407386e-03  1.79280154407024e-03  3.85622959583998e-03  2.66158464364707e-03
  5.38543275482570e+04  1.40487437602133e-03  1.57601269893348e-03  4.12298645824194e-03  2.78611201792955e-03
  5.38580558042767e+04  1.54616241343319e-03  2.15697777457535e-03  3.69669799692929e-03  3.17767402157187e-03
  5.38617840603136e+04  1.57880957704037e-03  1.82479468639940e-03  4.17081359773874e-03  3.01819457672536e-03
  5.38655123158856e+04  1.86107505578548e-03  1.83987373020500e-03  4.27304394543171e-03  3.04181547835469e-03
  5.38692405714605e+04  1.39123830012977e-03  1.50363869033754e-03  4.40801773220301e-03  2.76875332929194e-03
  5.38729688270370e+04  1.56693579629064e-03  1.59857061225921e-03  3.82959959097207e-03  3.12413508072495e-03
  5.38766970823900e+04  1.62789772730321e-03  1.57994031906128e-03  4.28452156484127e-03  2.81943962909281e-03
  5.38804253375207e+04  1.74159137532115e-03  1.67756434530020e-03  4.19765105471015e-03  3.10383457690477e-03
  5.38841535926387e+04  1.54037924949080e-03  1.77019007969648e-03  4.32197190821171e-03  3.02470917813480e-03
  5.38878818477361e+04  1.31479464471340e-03  1.50279619265348e-03  4.14039148017764e-03  3.06933163665235e-03
  5.38916101025614e+04  1.70757679734379e-03  1.80436053778976e-03  3.73499724082649e-03  2.81215994618833e-03
  5.38953383571805e+04  1.40714936424047e-03  1.51445355731994e-03  4.03999537229538e-03  2.94384709559381e-03
  5.39005868062604e+04  6.99999975040555e-04  6.99999975040555e-04  5.00000023748726e-04  5.00000023748726e-04
  5.39011875000566e+04  1.79998902603984e-03  1.58322497736663e-03  3.96912544965744e-03  2.96154245734215e-03
  5.39049157546736e+04  1.59055658150464e-03  1.55353976879269e-03  4.16978867724538e-03  3.35448887199163e-03
  5.39086440093022e+04  1.59549491945654e-03  1.73244730103761e-03  3.88014409691095e-03  3.29272495582700e-03
  5.39123722639594e+04  1.48400303442031e-03  1.53828074689955e-03  3.92809323966503e-03  3.25884902849793e-03
  5.39161005188021e+04  1.50173821020871e-03  1.54133629985154e-03  3.91072966158390e-03  3.10501689091325e-03
  5.39198287727141e+04  1.46643701009452e-03  1.75514456350356e-03  4.40709013491869e-03  3.00776539370418e-03
  5.39235570270613e+04  1.38496770523489e-03  1.59715826157480e-03  3.84699110873044e-03  2.89530307054520e-03
  5.39272852816678e+04  1.40064733568579e-03  1.58191390801221e-03  4.16680099442601e-03  3.49675584584475e-03
  5.39310135360487e+04  1.43611780367792e-03  1.54738570563495e-03  4.28570993244648e-03  3.04291001521051e-03
  5.39347417906690e+04  1.65152025874704e-03  1.63660699035972e-03  3.83872981183231e-03  3.27668059617281e-03
  5.39384700453022e+04  1.25268299598247e-03  1.70464138500392e-03  3.80729814060032e-03  2.88435560651124e-03
  5.39421982999468e+04  1.56806106679142e-03  1.77103991154581e-03  4.28377464413643e-03  2.96059763059020e-03
  5.39459265547696e+04  1.30430073477328e-03  1.65847339667380e-03  3.77668393775821e-03  3.44757805578411e-03
  5.39496548098958e+04  1.57341163139790e-03  1.35819322895259e-03  3.60872270539403e-03  3.07896314188838e-03
  5.39533830650253e+04  1.40748708508909e-03  1.66603573597968e-03  4.49120299890637e-03  3.55049362406135e-03
  5.39571113199305e+04  1.56385812442750e-03  1.87794317025691e-03  4.43997280672193e-03  3.70372505858541e-03
  5.39608395752958e+04  1.43182941246778e-03  1.70765002258122e-03  3.83533607237041e-03  3.01076052710414e-03
  5.39645678306562e+04  1.67601159773767e-03  1.64797890465707e-03  4.34295926243067e-03  3.27613810077310e-03
  5.39682960862603e+04  1.80467299651355e-03  2.00228439643979e-03  4.23458963632584e-03  3.53395962156355e-03
  5.39720243420959e+04  1.53690844308585e-03  1.66829186491668e-03  4.43822611123323e-03  3.61920357681811e-03
  5.39757525981667e+04  1.58754352014512e-03  1.70516490470618e-03  5.17553137615323e-03  3.42286145314574e-03
  5.39794808544660e+04  1.63046270608902e-03  1.80422130506486e-03  4.03888523578644e-03  3.10619501397014e-03
  5.39832091110046e+04  1.73942313995212e-03  1.54975929763168e-03  3.87945817783475e-03  3.14609892666340e-03
  5.39869373675172e+04  1.85055856127292e-03  1.89372291788459e-03  3.85727151297033e-03  2.83282250165939e-03
  5.39906656245081e+04  1.71119545120746e-03  1.58212031237781e-03  4.34756558388472e-03  3.56673356145620e-03
  5.39943938814860e+04  1.65037158876657e-03  2.05073272809386e-03  4.20174375176430e-03  2.82232323661447e-03
  5.39981221389063e+04  1.51542038656771e-03  1.95332034491003e-03  3.75645235180855e-03  3.41894128359854e-03
  5.40018503963010e+04  1.43884890712798e-03  1.79425557143986e-03  3.61304939724505e-03  3.29282041639090e-03
  5.40055786541400e+04  1.42293109092861e-03  1.52303173672408e-03  4.00083931162953e-03  2.94682919047773e-03
  5.40093069119397e+04  1.49679474998266e-03  1.57380208838731e-03  3.82181303575635e-03  3.21359839290380e-03
  5.40130351700776e+04  1.70239480212331e-03  1.69668940361589e-03  4.17405785992742e-03  3.11165791936219e-03
  5.40167634285670e+04  1.41588936094195e-03  1.52350415010005e-03  3.85827501304448e-03  3.28526808880270e-03
  5.40204916869826e+04  1.74162560142577e-03  1.49986636824906e-03  4.12988429889083e-03  2.82693887129426e-03
  5.40242199460196e+04  1.53577688615769e-03  1.71182001940906e-03  4.37867967411876e-03  3.35708609782159e-03
  5.40279482047651e+04  1.88223295845091e-03  1.58760393969715e-03  4.12200577557087e-03  3.13145341351628e-03
  5.40316764641574e+04  1.44821254070848e-03  1.57062837388366e-03  4.64975135400891e-03  3.36444331333041e-03
  5.40354047234976e+04  1.61719392053783e-03  1.68081885203719e-03  3.79548757337034e-03  3.29448585398495e-03
  5.40391329829920e+04  1.41125777736306e-03  1.55414035543799e-03  4.03381371870637e-03  3.36395995691419e-03
  5.40428612426447e+04  1.64564594160765e-03  1.56990124378353e-03  4.17697569355369e-03  2.82273162156343e-03
  5.40486041669894e+04  6.99999975040555e-04  6.99999975040555e-04  5.00000023748726e-04  5.00000023748726e-04
  5.40492048613670e+04  1.61441345699131e-03  1.70067837461829e-03  4.53135324642062e-03  3.01647186279297e-03
  5.40529331215533e+04  1.55331136193126e-03  1.72761653084308e-03  3.80083639174700e-03  2.92580598033965e-03
  5.40566613816896e+04  1.60626356955618e-03  1.54663086868823e-03  3.90531355515122e-03  2.81322351656854e-03
  5.40603896417338e+04  1.40081869903952e-03  1.42428604885936e-03  4.28106263279915e-03  2.98264622688293e-03
  5.40641179021645e+04  1.52851222082973e-03  1.42477755434811e-03  4.32107504457235e-03  2.97718541696668e-03
  5.40678461627314e+04  1.41285290010273e-03  1.52322789654136e-03  4.11712378263474e-03  2.99538206309080e-03
  5.40715744232558e+04  1.27710832748562e-03  1.73382007051259e-03  4.14660247042775e-03  2.99623142927885e-03
  5.40753026840949e+04  1.55331764835864e-03  1.89220812171698e-03  4.13606083020568e-03  3.25589138083160e-03
  5.40790309446841e+04  1.51933974120766e-03  1.56810437329113e-03  3.97843820974231e-03  3.14532523043454e-03
  5.40827592057290e+04  1.50611973367631e-03  1.68915954418480e-03  4.07588947564363e-03  3.00640962086618e-03
  5.40864874664712e+04  1.47679273504764e-03  1.68021547142416e-03  3.78264440223575e-03  2.74235382676125e-03
  5.40902157273902e+04  1.51712668593973e-03  1.45630014594644e-03  4.00707917287946e-03  2.77916830964386e-03
  5.40939439882788e+04  1.26008945517242e-03  1.59377057570964e-03  4.37322957441211e-03  2.96256714500487e-03
  5.40976722493032e+04  1.64162938017398e-03  1.46850198507309e-03  4.27996879443526e-03  3.18231084384024e-03
  5.41014005102592e+04  1.61918252706528e-03  1.60990981385112e-03  3.83675377815962e-03  3.18349851295352e-03
  5.41051287713136e+04  1.52380799409002e-03  1.74626254010946e-03  4.51865559443831e-03  3.24623030610383e-03
  5.41088570323993e+04  1.55161181464791e-03  1.41271937172860e-03  4.01275046169758e-03  2.99973576329648e-03
  5.41125852935936e+04  1.44503335468471e-03  1.52768194675446e-03  4.03042975813150e-03  3.35468188859522e-03
  5.41163135545682e+04  1.33023154921830e-03  1.56078499276191e-03  3.82979889400303e-03  3.06364870630205e-03
  5.41200418154549e+04  1.55081425327808e-03  1.78265187423676e-03  4.02773264795542e-03  3.05105815641582e-03
  5.41237700764955e+04  1.60091742873192e-03  1.69017666485161e-03  4.42281924188137e-03  2.73103802464902e-03
  5.41274983375655e+04  1.51126820128411e-03  1.86287227552384e-03  4.48180735111237e-03  2.62828217819333e-03
  5.41312265985740e+04  1.45108357537538e-03  1.61990011110902e-03  4.43917512893677e-03  3.22621618397534e-03
  5.41349548594085e+04  1.43061939161271e-03  1.74944160971791e-03  3.55794141069055e-03  2.77188559994102e-03
  5.41386831204167e+04  1.21883593965322e-03  1.67699251323938e-03  4.01971954852343e-03  3.00461659207940e-03
  5.41424113810995e+04  1.36109685990959e-03  1.78251543547958e-03  3.51250451058149e-03  2.83437292091548e-03
  5.41461396418541e+04  1.47900055162609e-03  1.76966213621199e-03  3.63712850958109e-03  2.77351471595466e-03
  5.41498679026609e+04  1.68166251387447e-03  2.09220661781728e-03  3.71424132026732e-03  3.11713037081063e-03
  5.41535961630801e+04  1.45292410161346e-03  1.47007836494595e-03  4.53221704810858e-03  3.42058832757175e-03
  5.41573244237976e+04  2.35210871323943e-03  1.75450858660042e-03  4.70177689567208e-03  3.43093974515796e-03
  5.41610526840104e+04  1.74578872974962e-03  1.65015982929617e-03  4.51711285859346e-03  3.30712064169347e-03
  5.41675416668275e+04  6.99999975040555e-04  6.99999975040555e-04  5.00000023748726e-04  5.00000023748726e-04
  5.41681666669734e+04  1.64266349747777e-03  1.45408138632774e-03  4.25646547228098e-03  3.67233320139349e-03
  5.41718949270972e+04  1.93735957145691e-03  1.78729067556560e-03  3.76009871251881e-03  3.12342913821340e-03
  5.41756231869756e+04  1.71359104570001e-03  1.70927494764328e-03  4.02654940262437e-03  2.78131826780736e-03
  5.41793514467165e+04  1.75804691389203e-03  1.61649996880442e-03  4.24997787922621e-03  2.85746762529016e-03
  5.41830797065233e+04  1.72411033418030e-03  1.37688126415014e-03  4.68089664354920e-03  2.99883657135069e-03
  5.41868079659571e+04  1.34519103448838e-03  1.70646095648408e-03  4.51464531943202e-03  3.32629890181124e-03
  5.41905362253959e+04  1.33500236552209e-03  1.55194534454495e-03  3.67674184963107e-03  3.18357208743691e-03
  5.41942644846990e+04  1.88485730905086e-03  1.92979723215103e-03  4.18976182118058e-03  2.80507793650031e-03
  5.41979927437395e+04  1.86502409633249e-03  1.59331294707954e-03  4.72985580563545e-03  3.02279624156654e-03
  5.42017210031387e+04  1.62706291303039e-03  1.70643476303667e-03  3.95542150363326e-03  3.09804151766002e-03
  5.42054492616216e+04  1.75564037635922e-03  1.55094265937805e-03  3.72031796723604e-03  3.70123540051281e-03
  5.42091775203843e+04  1.66365236509591e-03  1.48644775617868e-03  4.47032693773508e-03  3.24184540659189e-03
  5.42129057788969e+04  1.72378378920257e-03  1.43995042890310e-03  4.07065637409687e-03  3.30282840877771e-03
  5.42166340373716e+04  1.60845904611051e-03  1.48831971455365e-03  4.28441539406776e-03  3.16696800291538e-03
  5.42203622953298e+04  1.73477211501449e-03  1.57080776989460e-03  4.26437146961689e-03  2.74265627376735e-03
  5.42240905532697e+04  1.30544393323362e-03  1.52502919081599e-03  3.96868726238608e-03  3.04188299924135e-03
  5.42278188112395e+04  1.70620717108250e-03  1.43535248935223e-03  3.76353785395622e-03  3.12145170755684e-03
  5.42315470688079e+04  1.57573015894741e-03  1.43191509414464e-03  4.10407269373536e-03  3.21005494333804e-03
  5.42352753263576e+04  1.63171638268977e-03  1.66854658164084e-03  4.06177015975118e-03  2.79898196458817e-03
  5.42390035839283e+04  1.41945446375757e-03  1.63441558834165e-03  3.99680389091372e-03  3.40294418856502e-03
  5.42427318410520e+04  1.60384562332183e-03  1.46295968443155e-03  3.84364975616336e-03  3.28878476284444e-03
  5.42464600981840e+04  1.52816809713840e-03  1.53954478446394e-03  4.29760059341788e-03  2.95022060163319e-03
  5.42501883556262e+04  1.56094052363187e-03  1.48219871334732e-03  3.87360271997750e-03  2.87606613710523e-03
  5.42539166123183e+04  1.39693147502840e-03  1.61304825451225e-03  3.77525971271098e-03  3.05671943351626e-03
  5.42576448692338e+04  1.45826023072004e-03  1.70109071768820e-03  3.80169227719307e-03  3.22761689312756e-03
  5.42613731259168e+04  1.37551862280816e-03  1.48457009345293e-03  4.14761668071151e-03  2.90104327723384e-03
  5.42651013826967e+04  1.84135243762285e-03  1.41719332896173e-03  3.60281858593225e-03  2.97350622713566e-03
  5.42688296394375e+04  1.66710396297276e-03  1.78217131178826e-03  3.86331672780216e-03  2.75068450719118e-03
  5.42725578958703e+04  1.66394363623112e-03  1.58452545292675e-03  4.54667583107948e-03  2.93706241063774e-03
  5.42764583333740e+04  6.99999975040555e-04  6.99999975040555e-04  5.00000023748726e-04  5.00000023748726e-04
  5.42768333335613e+04  1.40309275593609e-03  1.56554416753352e-03  3.97025886923075e-03  3.58304614201188e-03
  5.42779166672962e+04  6.99999975040555e-04  6.99999975040555e-04  5.00000023748726e-04  5.00000023748726e-04
  5.42785416671355e+04  1.79339735768735e-03  1.75457890145481e-03  3.96124785766006e-03  2.98127671703696e-03
  5.42822699235914e+04  1.65489036589861e-03  1.61822990048677e-03  3.95137351006269e-03  3.06897354312241e-03
  5.42859981795926e+04  1.57213304191828e-03  1.75505713559687e-03  4.14334889501333e-03  3.17934527993202e-03
  5.42897264359318e+04  1.34306412655860e-03  1.50701520033181e-03  4.21232962980866e-03  2.96244886703789e-03
  5.42934546922965e+04  1.55533791985363e-03  1.73080491367728e-03  3.84028861299157e-03  2.78052687644958e-03
  5.42971829488785e+04  1.64273439440876e-03  1.62341992836446e-03  4.27248654887080e-03  2.98519921489060e-03
  5.43009112052315e+04  1.41173624433577e-03  1.78650522138923e-03  3.93939996138215e-03  3.09740356169641e-03
  5.43046394618160e+04  1.65623333305120e-03  1.54689222108573e-03  3.50200943648815e-03  3.13701201230288e-03
  5.43083677183992e+04  1.93250237498432e-03  1.64706062059850e-03  3.80407087504864e-03  3.26375942677259e-03
  5.43120959751911e+04  1.48180895484984e-03  1.82059640064836e-03  4.07632580026984e-03  3.10668698512018e-03
  5.43158242319688e+04  1.81061495095491e-03  1.55095511581749e-03  4.59385896101594e-03  2.95287230983377e-03
  5.43195524889978e+04  1.55129388440400e-03  1.74041918944567e-03  4.18504374101758e-03  3.20621347054839e-03
  5.43232807460242e+04  1.40301696956158e-03  1.51064433157444e-03  4.31657535955310e-03  3.10787302441895e-03
  5.43270090030613e+04  1.60197867080569e-03  1.34210404939950e-03  4.51394869014621e-03  2.79841292649508e-03
  5.43307372603355e+04  1.42556522041559e-03  1.69851921964437e-03  4.01277700439095e-03  2.87586217746139e-03
  5.43344655178553e+04  1.54183770064265e-03  1.69145280960947e-03  4.11031721159816e-03  3.15922591835260e-03
  5.43381937755614e+04  1.86639861203730e-03  1.68388977181166e-03  4.69991704449058e-03  3.19454260170460e-03
  5.43419220333393e+04  1.62431679200381e-03  1.55187956988811e-03  4.29850909858942e-03  3.14629380591214e-03
  5.43485208339271e+04  6.99999975040555e-04  6.99999975040555e-04  5.00000023748726e-04  5.00000023748726e-04
  5.43495625008381e+04  1.50317046791315e-03  1.62720039952546e-03  3.95289901643991e-03  3.15178092569113e-03
  5.43532907596144e+04  1.68797106016427e-03  1.45404518116266e-03  4.63828863576055e-03  3.29070445150137e-03
  5.43570190178878e+04  1.73634197562933e-03  1.24914199113846e-03  4.65491972863674e-03  3.29136871732771e-03
  5.43607472768276e+04  1.60356471315026e-03  1.90690846648067e-03  4.10201586782932e-03  3.44735058024526e-03
  5.43644755357189e+04  1.66448869276792e-03  1.59259059000760e-03  4.06429404392838e-03  3.17369075492024e-03
  5.43695000000509e+04  6.99999975040555e-04  6.99999975040555e-04  5.00000023748726e-04  5.00000023748726e-04
  5.43701250000716e+04  1.43428705632687e-03  1.69083534274250e-03  3.52635281160474e-03  2.91374768130481e-03
  5.43738532595094e+04  1.61645887419581e-03  1.61413184832782e-03  3.86726297438145e-03  3.14784282818437e-03
  5.43775815191308e+04  1.46769324783236e-03  1.55201437883079e-03  3.87342600151896e-03  2.55510886199772e-03
  5.43813097791274e+04  1.52216525748372e-03  1.72905297949910e-03  4.34850528836250e-03  3.20012657903135e-03
  5.43850380391009e+04  1.49076804518700e-03  1.68690050486475e-03  4.31484589353204e-03  3.29794548451900e-03
  5.43887662992499e+04  1.82762870099396e-03  1.53432262595743e-03  3.89177724719048e-03  3.51282581686974e-03
  5.43924945599131e+04  1.81760173290968e-03  1.50216685142368e-03  4.08564647659659e-03  3.30707570537925e-03
  5.43962228202859e+04  1.75126490648836e-03  1.85877911280841e-03  4.44554165005684e-03  3.23437387123704e-03
  5.43999510810545e+04  1.60535576287657e-03  1.91080302465707e-03  4.68747643753886e-03  3.26913199387491e-03
  5.44036793417452e+04  1.52002158574760e-03  1.72208540607244e-03  4.15902584791183e-03  3.17077059298754e-03
  5.44074076029735e+04  1.61148153711110e-03  1.73685583285987e-03  4.09755483269691e-03  3.13177262432873e-03
  5.44145833337731e+04  6.99999975040555e-04  6.99999975040555e-04  5.00000023748726e-04  5.00000023748726e-04
  5.44200000003309e+04  1.37451326008886e-03  1.39352586120367e-03  3.57977254316211e-03  3.26635548844934e-03
  5.44237282617361e+04  1.49933015927672e-03  1.36661913711578e-03  4.16832277551293e-03  3.06516350246966e-03
  5.44274565232744e+04  1.45059823989868e-03  1.74707279074937e-03  3.51161742582917e-03  2.95400922186673e-03
  5.44311847849535e+04  1.21328805107623e-03  1.58254802227020e-03  3.82649805396795e-03  3.12163005582988e-03
  5.44349130465369e+04  1.66177784558386e-03  1.48089660797268e-03  4.07167710363865e-03  3.43333487398922e-03
  5.44386413082686e+04  1.48439069744200e-03  1.63775216788054e-03  3.65376658737659e-03  3.07382876053452e-03
  5.44423695701424e+04  1.38976052403450e-03  1.90796284005046e-03  4.10192972049117e-03  3.08327144011855e-03
  5.44460978321042e+04  1.61816051695496e-03  1.57042068894953e-03  4.45596268400550e-03  2.97847506590188e-03
  5.44498260938090e+04  1.41638540662825e-03  1.53096765279770e-03  3.79922077991068e-03  3.13807488419116e-03
  5.44535543559165e+04  1.45065714605153e-03  1.73793546855450e-03  3.58448270708323e-03  2.79978709295392e-03
  5.44572826179664e+04  1.47478596772999e-03  1.74852670170367e-03  3.88064398430288e-03  2.85183591768146e-03
  5.44610108799790e+04  1.63269625045359e-03  1.38047640211880e-03  4.00539115071297e-03  3.23342066258192e-03
  5.44647391421910e+04  1.83515716344118e-03  1.57907139509916e-03  3.90667002648115e-03  2.89768306538463e-03
  5.44684674039271e+04  1.52936088852584e-03  1.71730713918805e-03  4.03654621914029e-03  3.02869291044772e-03
  5.44721956661264e+04  1.73199770506471e-03  1.44537130836397e-03  3.92649741843343e-03  3.60550615005195e-03
  5.44759239283173e+04  1.52091693598777e-03  1.47658376954496e-03  4.01697307825089e-03  3.29225952737033e-03
  5.44796521904166e+04  1.33972440380603e-03  1.79906561970711e-03  3.99611517786980e-03  3.01814544945955e-03
  5.44833804527883e+04  1.53309642337263e-03  1.57457648310810e-03  3.73440817929804e-03  2.96996533870697e-03
  5.44885243060476e+04  6.99999975040555e-04  6.99999975040555e-04  5.00000023748726e-04  5.00000023748726e-04
  5.44889409727453e+04  1.37392571195960e-03  1.40939501579851e-03  4.02592495083809e-03  2.84064444713295e-03
  5.44926692348148e+04  1.60406867507845e-03  1.47320458199829e-03  3.78868682309985e-03  3.15603706985712e-03
  5.44963974964987e+04  1.41018384601921e-03  1.53769529424608e-03  4.44358214735985e-03  3.03571554832160e-03
  5.45001257582188e+04  1.69439660385251e-03  2.02423753216863e-03  4.38009854406118e-03  3.11231729574502e-03
  5.45038540200834e+04  1.54830969404429e-03  1.53137266170233e-03  4.26164502277970e-03  3.12274624593556e-03
  5.45075822821693e+04  1.69909303076565e-03  1.94710923824459e-03  3.54064092971385e-03  3.08895623311400e-03
  5.45113105437362e+04  1.43263826612383e-03  1.91123294644058e-03  3.65713820792735e-03  3.41572822071612e-03
  5.45150388053819e+04  1.73821335192770e-03  1.68543762993068e-03  4.23798989504576e-03  2.87040858529508e-03
  5.45187670666829e+04  1.64370227139443e-03  1.69577344786376e-03  4.42435406148434e-03  3.14582651481032e-03
  5.45224953283068e+04  1.27608980983496e-03  1.48721726145595e-03  3.90162435360253e-03  2.93068774044514e-03
  5.45262235900186e+04  1.73196126706898e-03  1.82797142770141e-03  4.19470714405179e-03  3.23359086178243e-03
  5.45299518510869e+04  1.52538309339434e-03  1.48886581882834e-03  3.96661739796400e-03  3.26556456275284e-03
  5.45336801124676e+04  1.31312105804682e-03  1.34032499045134e-03  4.23012673854828e-03  2.86613474600017e-03
  5.45374083737059e+04  1.67091877665371e-03  1.35666318237782e-03  4.03789291158319e-03  2.98020825721323e-03
  5.45411366347083e+04  1.19896035175771e-03  1.59299990627915e-03  4.29570814594626e-03  3.42231104150414e-03
  5.45448648956759e+04  1.43380381632596e-03  1.30839296616614e-03  4.41929697990417e-03  3.05573921650648e-03
  5.45485931564976e+04  1.60630070604384e-03  1.32671918254346e-03  4.66942088678479e-03  3.56982415542006e-03
  5.45523214172972e+04  1.30170339252800e-03  1.66752783115953e-03  4.75918687880039e-03  3.63157014362514e-03
  5.45560496778299e+04  1.44164811354131e-03  1.98755250312388e-03  4.55096084624529e-03  2.96800560317934e-03
  5.45597779382350e+04  1.65314704645425e-03  1.81084068026394e-03  4.82592405751348e-03  3.82884498685598e-03
  5.45635061984110e+04  1.54843321070075e-03  1.64162938017398e-03  3.76552948728204e-03  3.64031665958464e-03
  5.45672344588552e+04  1.52765738312155e-03  1.82855501770973e-03  4.09167725592852e-03  2.79415608383715e-03
  5.45709627186796e+04  1.44375977106392e-03  1.92806450650096e-03  4.04380075633526e-03  3.35536734201014e-03
  5.45746909786042e+04  1.66144780814648e-03  1.87772628851235e-03  4.08952729776502e-03  2.47941515408456e-03
  5.45784192381018e+04  1.59220816567540e-03  1.63641315884888e-03  4.25934093073010e-03  3.12892859801650e-03
  5.45821474978751e+04  1.46477133966982e-03  1.77686184179038e-03  3.96227790042758e-03  3.06149641983211e-03
  5.45858757572292e+04  1.37361302040517e-03  1.38981826603413e-03  4.32850280776620e-03  3.35204531438649e-03
  5.45896040163981e+04  1.54780619777739e-03  1.59521563909948e-03  3.74676682986319e-03  3.03301331587136e-03
  5.45933322754225e+04  1.42172607593238e-03  1.76458118949085e-03  3.77306086011231e-03  3.08811385184526e-03
  5.45970605345139e+04  1.66860572062433e-03  1.54588557779789e-03  3.72744770720601e-03  2.65151332132518e-03
  5.46007887931504e+04  1.65738875512034e-03  1.64285162463784e-03  3.74589092098176e-03  2.96830525621772e-03
  5.46045170517813e+04  1.55767309479415e-03  1.72623270191252e-03  3.71847348287702e-03  2.67591443844140e-03
  5.46082453104178e+04  1.66207773145288e-03  1.28296215552837e-03  3.69512336328626e-03  3.08655039407313e-03
  5.46119735688379e+04  1.67457736097276e-03  1.40311417635530e-03  3.93928121775389e-03  3.22613841854036e-03
  5.46157018272743e+04  1.53916934505105e-03  1.60028145182878e-03  4.16901754215360e-03  2.93585448525846e-03
  5.46216131948033e+04  6.99999975040555e-04  6.99999975040555e-04  5.00000023748726e-04  5.00000023748726e-04
  5.46222083341052e+04  1.66267435997725e-03  1.55384966637939e-03  3.87181644327939e-03  3.15835094079375e-03
  5.46259365921204e+04  1.41397432889789e-03  1.69100437778980e-03  4.74999705329537e-03  3.02099459804595e-03
  5.46296648501167e+04  1.50438025593758e-03  1.62728957366198e-03  3.52653977461159e-03  3.07434075511992e-03
  5.46333931079063e+04  1.40382314566523e-03  1.44507398363203e-03  3.99685883894563e-03  2.72407848387957e-03
  5.46371213659081e+04  1.43628905061632e-03  1.49341113865376e-03  4.34217927977443e-03  2.98046926036477e-03
  5.46408496236760e+04  1.45022908691317e-03  1.74949539359659e-03  3.59976501204073e-03  3.14627564512193e-03
  5.46445778812386e+04  1.66248111054301e-03  1.61312776617706e-03  4.14168694987893e-03  3.26150981709361e-03
  5.46483061390244e+04  1.26212066970766e-03  1.72934017609805e-03  4.04479447752237e-03  2.97225592657924e-03
  5.46520343968055e+04  1.67848984710872e-03  1.50187651161104e-03  4.12573991343379e-03  3.00677912309766e-03
  5.46557626545927e+04  1.77743204403669e-03  1.74533389508724e-03  4.13388432934880e-03  3.23988357558846e-03
  5.46594909123807e+04  1.43862527329475e-03  1.30362331401557e-03  3.85872554033995e-03  3.05123068392277e-03
  5.46633402781089e+04  6.99999975040555e-04  6.99999975040555e-04  5.00000023748726e-04  5.00000023748726e-04
  5.46634402778483e+04  1.88930833246559e-03  1.45237694960088e-03  4.22262959182262e-03  2.93297250755131e-03
  5.46671685356169e+04  1.43384502734989e-03  1.47355394437909e-03  3.86082357726991e-03  2.84253945574164e-03
  5.46708967935023e+04  1.58222776371986e-03  1.57195515930653e-03  4.05773613601923e-03  3.06302821263671e-03
  5.46746250516422e+04  1.56685861293226e-03  1.52710243128240e-03  4.36190841719508e-03  3.04722250439227e-03
  5.46797083335996e+04  6.99999975040555e-04  6.99999975040555e-04  5.00000023748726e-04  5.00000023748726e-04
  5.46811666667836e+04  1.37576193083078e-03  1.49663002230227e-03  3.47644253633916e-03  2.63946852646768e-03
  5.46848949247673e+04  1.48517475463450e-03  1.54459488112479e-03  4.65132854878902e-03  3.41373006813228e-03
  5.46886231829895e+04  1.70679111033678e-03  1.55242870096117e-03  4.52766660600901e-03  3.10472049750388e-03
  5.46923514416517e+04  1.52331881690770e-03  1.70462625101209e-03  3.94270848482847e-03  3.48237692378461e-03
  5.46960797061018e+04  1.39902718365192e-03  1.62039196584374e-03  4.19186148792505e-03  3.12491529621184e-03
  5.46998079751737e+04  1.43904518336058e-03  1.77859410177916e-03  3.98172205314040e-03  3.51347820833325e-03
  5.47035362442201e+04  1.38098117895424e-03  1.63192395120859e-03  4.30176127701998e-03  3.39817791245878e-03
  5.47072645132558e+04  1.40842515975237e-03  1.62656023167074e-03  4.36376081779599e-03  3.27633460983634e-03
  5.47109927362999e+04  1.88306474592537e-03  1.71893578954041e-03  3.98545153439045e-03  3.22586507536471e-03
  5.47147209958443e+04  1.68291234876961e-03  1.52634200640023e-03  4.53860405832529e-03  2.92863999493420e-03
  5.47184492553727e+04  1.72088283579797e-03  1.59700273070484e-03  4.11891750991344e-03  3.16128274425864e-03
  5.47221775152893e+04  1.43103743903339e-03  1.53816665988415e-03  4.12350101396441e-03  3.00281774252653e-03
  5.47259057754039e+04  1.50134949944913e-03  1.59377721138299e-03  4.20051207765937e-03  3.92808765172958e-03
  5.47296340354932e+04  1.30704441107810e-03  1.66145630646497e-03  4.68443240970373e-03  3.40325152501464e-03
  5.47333622957141e+04  1.53270387090743e-03  1.84672733303159e-03  4.30078618228436e-03  3.35536268539727e-03
  5.47370905563391e+04  1.62650260608643e-03  1.74997118301690e-03  3.73274297453463e-03  3.85535694658756e-03
  5.47408188168714e+04  1.63666903972626e-03  1.58385094255209e-03  4.04195580631495e-03  3.03626712411642e-03
  5.47475138892720e+04  6.99999975040555e-04  6.99999975040555e-04  5.00000023748726e-04  5.00000023748726e-04
  5.47479930561144e+04  1.46386411506683e-03  1.53876212425530e-03  3.97427799180150e-03  3.57280462048948e-03
  5.47517213173553e+04  1.39683950692415e-03  1.52900058310479e-03  4.26996871829033e-03  3.46397375687957e-03
  5.47554495786829e+04  1.71058427076787e-03  1.78282870911062e-03  3.80189670249820e-03  3.25346831232309e-03
  5.47591778399352e+04  1.79309386294335e-03  1.90256326459348e-03  4.15017968043685e-03  3.15138371661305e-03
  5.47629061015126e+04  1.51673937216401e-03  1.69715436641127e-03  4.00523329153657e-03  3.25819198042154e-03
  5.47674166671620e+04  6.99999975040555e-04  6.99999975040555e-04  5.00000023748726e-04  5.00000023748726e-04
  5.47679444450673e+04  1.33321562316269e-03  1.44671474117786e-03  4.64160181581974e-03  3.31129436381161e-03
  5.47716727068299e+04  1.62827805615962e-03  1.58477365039289e-03  4.03736159205437e-03  2.70980247296393e-03
  5.47754009686540e+04  1.57627079170197e-03  1.51318684220314e-03  3.98468505591154e-03  2.80773290432990e-03
  5.47791292307095e+04  1.56583252828568e-03  1.49435689672828e-03  4.03879722580314e-03  2.67589697614312e-03
  5.47828574928902e+04  1.49312580469996e-03  1.58981035929173e-03  3.86922340840101e-03  2.74469237774611e-03
  5.47865857551933e+04  1.59525021445006e-03  1.71732390299439e-03  4.33077011257410e-03  3.30903287976980e-03
  5.47903140176199e+04  1.74060161225498e-03  1.49175571277738e-03  3.95357608795166e-03  2.91213649325073e-03
  5.47940422801980e+04  1.62321911193430e-03  1.51102431118488e-03  3.74641804955900e-03  2.87917582318187e-03
  5.47977705426782e+04  1.49973563384265e-03  1.64034555200487e-03  3.98554326966405e-03  3.00548900850117e-03
  5.48014988052766e+04  1.43182266037911e-03  1.50180014315993e-03  4.02627140283585e-03  3.31404781900346e-03
  5.48052270677512e+04  1.60699244588614e-03  1.55094242654741e-03  4.24242066219449e-03  2.96399532817304e-03
  5.48089553307038e+04  1.66550767607987e-03  1.67461019009352e-03  4.12215525284410e-03  2.73135397583246e-03
  5.48126835932731e+04  1.48140918463469e-03  1.62216438911855e-03  4.04801359400153e-03  3.27116507105529e-03
  5.48164118561644e+04  1.41554104629904e-03  1.57731701619923e-03  4.00691665709019e-03  3.08856274932623e-03
  5.48201401188495e+04  1.48649013135582e-03  1.71802879776806e-03  3.86770651675761e-03  2.92042130604386e-03
  5.48238683817095e+04  1.51992880273610e-03  1.39988854061812e-03  4.28756838664412e-03  2.91582173667848e-03
  5.48275966447709e+04  1.48940237704664e-03  1.63639360107481e-03  3.94255947321653e-03  3.01914312876761e-03
  5.48313249078229e+04  1.45568500738591e-03  1.47325836587697e-03  3.93815618008375e-03  3.03643196821213e-03
  5.48350531589167e+04  1.39257241971791e-03  1.52626936323941e-03  3.99226089939475e-03  2.81886686570942e-03
  5.48394305558299e+04  6.99999975040555e-04  6.99999975040555e-04  5.00000023748726e-04  5.00000023748726e-04
  5.48405208336054e+04  1.43440871033818e-03  1.52915937360376e-03  3.54169076308608e-03  2.95274890959263e-03
  5.48442490953520e+04  1.69861095491797e-03  1.65155914146453e-03  4.03384771198034e-03  3.20150679908693e-03
  5.48479773583217e+04  1.47158314939588e-03  1.68136658612639e-03  3.77158424817026e-03  3.13348951749504e-03
  5.48517056213160e+04  1.46160705480725e-03  1.70406920369714e-03  3.84266790933907e-03  2.90216621942818e-03
  5.48554338841538e+04  1.17816473357379e-03  1.38965027872473e-03  4.06648637726903e-03  3.15457349643111e-03
  5.48591621470162e+04  1.54124945402145e-03  1.61722302436829e-03  4.66276798397303e-03  3.25846811756492e-03
  5.48628904097212e+04  1.62796070799232e-03  1.58530112821609e-03  3.90391168184578e-03  3.10467020608485e-03
  5.48666186724999e+04  1.57133676111698e-03  1.56626349780709e-03  4.32962644845247e-03  3.23689961805940e-03
  5.48738194447107e+04  6.99999975040555e-04  6.99999975040555e-04  5.00000023748726e-04  5.00000023748726e-04
  5.48744166673831e+04  1.26563757658005e-03  1.61129084881395e-03  3.97905986756086e-03  2.99479463137686e-03
  5.48781449303090e+04  1.74609059467912e-03  1.56882707960904e-03  3.77434235997498e-03  3.45075386576355e-03
  5.48818731929144e+04  1.61405187100172e-03  1.94872193969786e-03  4.05151257291436e-03  2.82986066304147e-03
  5.48856014556794e+04  1.50583626236767e-03  1.54268369078636e-03  4.23704180866480e-03  2.87011591717601e-03
  5.48893297178624e+04  1.36675522662699e-03  1.88393692951649e-03  4.64144628494978e-03  2.51570180989802e-03
  5.48930579801390e+04  1.51428731624037e-03  1.78668345324695e-03  4.25406126305461e-03  3.27638909220695e-03
  5.48967862425776e+04  1.53186975512654e-03  1.64175871759653e-03  4.28465148434043e-03  3.63280321471393e-03
  5.49005145048472e+04  1.53863523155451e-03  1.36553484480828e-03  3.93306650221348e-03  3.56620503589511e-03
  5.49042427671205e+04  1.30668701604009e-03  1.78008584771305e-03  4.10503428429365e-03  3.19313490763307e-03
  5.49079710291239e+04  1.62292306777090e-03  1.73798936884850e-03  4.10625850781798e-03  3.28644202090800e-03
  5.49116992910220e+04  1.42843462526798e-03  1.65564147755504e-03  3.95979452878237e-03  2.78504146263003e-03
  5.49154275529062e+04  1.55948114115745e-03  1.64331309497356e-03  4.32862900197506e-03  3.01249651238322e-03
  5.49191558144871e+04  1.53015553951263e-03  1.85182562563568e-03  4.15137689560652e-03  3.51850455626845e-03
  5.49228840761989e+04  1.30743591580540e-03  1.28799746744335e-03  4.27132472395897e-03  2.86012864671648e-03
  5.49266123377766e+04  1.21876480989158e-03  1.57390104141086e-03  4.18644770979881e-03  3.22338682599366e-03
  5.49303405993946e+04  1.51685427408665e-03  1.79406290408224e-03  4.18034475296736e-03  2.98917642794549e-03
  5.49340688605660e+04  1.78775831591338e-03  1.47986039519310e-03  4.25919331610203e-03  3.19317728281021e-03
  5.49377971215868e+04  1.67940184473991e-03  1.41602545045316e-03  3.67319001816213e-03  3.13862273469567e-03
  5.49415253826089e+04  1.90272741019726e-03  1.62520515732467e-03  4.11579990759492e-03  3.42456647194922e-03
  5.49452536434675e+04  1.71719759237021e-03  1.59455288667232e-03  4.08559385687113e-03  3.29532497562468e-03
  5.49489819041562e+04  1.46880233660340e-03  1.61203322932124e-03  4.05789259821177e-03  2.84533435478806e-03
  5.49527101646642e+04  1.74590735696256e-03  1.73244520556182e-03  4.25102282315493e-03  2.77861254289746e-03
  5.49564384250395e+04  1.29822606686503e-03  1.61528342869133e-03  3.98042704910040e-03  3.38740553706884e-03
  5.49601666854050e+04  1.36534671764821e-03  1.60324329044670e-03  3.78190982155502e-03  2.83394195139408e-03
  5.49638949456030e+04  1.39019498601556e-03  1.60236225929111e-03  3.70058510452509e-03  2.77212355285883e-03
  5.49676232056100e+04  1.46235665306449e-03  1.49144756142050e-03  3.86065710335970e-03  3.38732195086777e-03
  5.49713514656529e+04  1.57476367894560e-03  1.67906458955258e-03  3.74021846801043e-03  2.77237268164754e-03
  5.49750797252637e+04  1.35897938162088e-03  1.57449545804411e-03  3.76230059191585e-03  3.09027335606515e-03
  5.49788079849015e+04  1.64402078371495e-03  1.50507967919111e-03  3.85889643803239e-03  3.03471786901355e-03
  5.49825362446007e+04  1.28203758504242e-03  1.61240168381482e-03  3.96101642400026e-03  2.86973593756557e-03
  5.49862645040533e+04  1.52484118007123e-03  1.35059026069939e-03  3.80311487242579e-03  2.87257810123265e-03
  5.49899927637464e+04  1.47856853436679e-03  1.62782380357385e-03  4.07421309500933e-03  2.81449290923774e-03
  5.49937210228993e+04  1.29122904036194e-03  1.58174266107380e-03  4.34160605072975e-03  3.15990322269499e-03
  5.49974492823378e+04  1.49735412560403e-03  1.50055275298655e-03  4.04669204726815e-03  3.07685206644237e-03
  5.50011775413460e+04  1.58168340567499e-03  1.49131298530847e-03  4.12742234766483e-03  2.99405469559133e-03
  5.50049058005474e+04  1.52549450285733e-03  1.67236360721290e-03  4.02945466339588e-03  3.03582451306283e-03
  5.50086340597210e+04  1.52403605170548e-03  1.47826049942523e-03  4.26285900175571e-03  2.84772203303874e-03
  5.50123623188032e+04  1.54640874825418e-03  1.47441006265581e-03  4.22768993303180e-03  3.31169902347028e-03
  5.50160905778867e+04  1.57600257080048e-03  1.87560310587287e-03  3.62558709457517e-03  3.14718857407570e-03
  5.50198188369872e+04  1.47387862671167e-03  1.57470977865160e-03  4.08350676298141e-03  3.12756164930761e-03
  5.50235470963218e+04  1.47363916039467e-03  1.34951749350876e-03  4.32757195085287e-03  3.19944974035025e-03
  5.50285986111410e+04  6.99999975040555e-04  6.99999975040555e-04  5.00000023748726e-04  5.00000023748726e-04
  5.50290972229562e+04  1.63579254876822e-03  1.65624241344631e-03  3.97044001147151e-03  3.17912059836090e-03
  5.50328254822777e+04  1.53162283822894e-03  1.57600454986095e-03  3.66638950072229e-03  3.06113064289093e-03
  5.50365537413750e+04  1.51167681906372e-03  1.49608915671706e-03  3.96854430437088e-03  2.85389809869230e-03
  5.50402820006980e+04  1.53424160089344e-03  1.50681822560728e-03  3.48472851328552e-03  3.15462588332593e-03
  5.50440102602305e+04  1.44361320417374e-03  1.56616140156984e-03  4.28960286080837e-03  3.09829739853740e-03
  5.50477385197327e+04  1.51943590026349e-03  1.56067684292793e-03  3.62688000313938e-03  3.15381377004087e-03
  5.50514667792187e+04  1.83523341547698e-03  1.73837796319276e-03  4.63982624933124e-03  3.10269091278315e-03
  5.50551950389156e+04  1.64450553711504e-03  1.52631581295282e-03  4.31770086288452e-03  3.48085188306868e-03
  5.50589232988276e+04  1.60530721768737e-03  1.60182174295187e-03  4.21540392562747e-03  3.25844972394407e-03
  5.50626515587523e+04  1.52121437713504e-03  1.74442527350038e-03  4.48001222684979e-03  3.09166125953197e-03
  5.50663798176920e+04  1.75565620884299e-03  1.81150774005800e-03  4.18308796361089e-03  3.25905298814178e-03
  5.50701080766470e+04  1.59739784430712e-03  1.46805867552757e-03  3.54177970439196e-03  3.28000704757869e-03
  5.50738363355950e+04  1.40865065623075e-03  2.08807829767466e-03  3.92519822344184e-03  3.30106029286981e-03
  5.50775645948959e+04  1.70389784034342e-03  1.86139403376728e-03  4.00552432984114e-03  3.10076586902142e-03
  5.50812928540508e+04  1.71290722209960e-03  1.74594658892602e-03  4.72191441804171e-03  3.47754475660622e-03
  5.50850211138817e+04  1.51455902960151e-03  1.50888622738421e-03  3.97447822615504e-03  2.88440193980932e-03
  5.50887493735035e+04  1.52179645374417e-03  1.63403491023928e-03  4.18267818167806e-03  3.43204988166690e-03
  5.50924776337638e+04  1.80602690670639e-03  1.53652846347541e-03  4.64898673817515e-03  3.10097588226199e-03
  5.50962058933032e+04  1.61053508054465e-03  1.70417840126902e-03  4.57412563264370e-03  3.09293344616890e-03
  5.50999341528705e+04  1.66872562840581e-03  1.43634399864823e-03  4.61890781298280e-03  3.03498422726989e-03
  5.51036624126145e+04  1.57929165288806e-03  2.00720806606114e-03  4.30525699630380e-03  3.39750014245510e-03
  5.51073906731272e+04  1.55287259258330e-03  1.51515810284764e-03  3.82479513064027e-03  3.12525522895157e-03
  5.51111189331238e+04  1.24698295257986e-03  1.53013656381518e-03  3.91285307705402e-03  2.55166087299585e-03
  5.51148471931736e+04  1.91001035273075e-03  1.73516466747969e-03  4.41423011943698e-03  3.16301523707807e-03
  5.51185754533532e+04  1.80981936864555e-03  1.41562847420573e-03  3.97835019975901e-03  3.29928100109100e-03
  5.51223037136285e+04  1.52634771075100e-03  1.68372562620789e-03  4.20022243633866e-03  3.40609019622207e-03
  5.51260319739028e+04  1.74469256307930e-03  1.13473075907677e-03  4.36177989467978e-03  3.36996046826243e-03
  5.51297602341643e+04  1.57640525139868e-03  1.95434852503240e-03  4.20997198671103e-03  3.00725200213492e-03
  5.51334884955901e+04  1.47443811874837e-03  1.92139204591513e-03  4.37094690278172e-03  3.69941000826657e-03
  5.51372167579747e+04  1.45413388963789e-03  1.61784363444895e-03  4.35732863843441e-03  2.95667350292206e-03
  5.51409450204432e+04  1.43999513238668e-03  1.48638838436455e-03  3.68862389586866e-03  2.60790251195431e-03
  5.51446732828184e+04  1.34343863464892e-03  1.54609000310302e-03  3.67372576147318e-03  3.46134440042078e-03
  5.51484015456887e+04  1.38298410456628e-03  1.48617790546268e-03  3.53412027470767e-03  3.42090940102935e-03
  5.51521298083947e+04  1.75564165692776e-03  1.29113241564482e-03  4.08427044749260e-03  3.30904102884233e-03
  5.51558580714838e+04  1.38953141868114e-03  1.47552299313247e-03  3.80594795569777e-03  2.86978716030717e-03
  5.51595863342512e+04  1.37662456836551e-03  1.56493287067860e-03  4.17967513203621e-03  3.02260206080973e-03
  5.51633145972776e+04  1.48101802915335e-03  1.76788237877190e-03  3.83178261108696e-03  2.88197235204279e-03
  5.51670428604861e+04  1.53017172124237e-03  1.52371264994144e-03  3.66834760643542e-03  3.21383122354746e-03
  5.51707711238310e+04  1.43230217508972e-03  1.42696232069284e-03  4.01726225391030e-03  3.15997679717839e-03
  5.51744993868541e+04  1.52476155199111e-03  1.42988341394812e-03  4.17627301067114e-03  3.16505273804069e-03
  5.51782276498889e+04  1.43270217813551e-03  1.45737058483064e-03  4.20000450685620e-03  2.86340061575174e-03
  5.51819559130916e+04  1.75691547337919e-03  1.36729411315173e-03  3.97320464253426e-03  2.78027332387865e-03
  5.51856841759097e+04  1.50177348405123e-03  1.36486941482872e-03  3.82129941135645e-03  2.80186859890819e-03
  5.51894124385429e+04  1.39081536326557e-03  1.52831873856485e-03  3.97811178117990e-03  2.85772024653852e-03
  5.51931407018217e+04  1.42133701592684e-03  1.41714501660317e-03  4.13163006305695e-03  3.48489894531667e-03
  5.51968689648517e+04  1.42831227276474e-03  1.50010630022734e-03  3.66523815318942e-03  2.83465837128460e-03
  5.52005972278437e+04  1.59033830277622e-03  1.49337574839592e-03  4.10951860249043e-03  2.74363462813199e-03
  5.52043254902847e+04  1.52141542639583e-03  1.38461194001138e-03  3.69672127999365e-03  3.04345460608602e-03
  5.52080537529029e+04  1.55862537212670e-03  1.44633126910776e-03  3.89128807000816e-03  2.96132685616612e-03
  5.52117820162513e+04  1.43377785570920e-03  1.45893089938909e-03  3.99705627933145e-03  2.77986680157483e-03
  5.52165520841458e+04  6.99999975040555e-04  6.99999975040555e-04  5.00000023748726e-04  5.00000023748726e-04
  5.52173854169745e+04  1.42368243541569e-03  1.40564958564937e-03  3.82156227715313e-03  3.31456493586302e-03
  5.52211136802780e+04  1.33558723609895e-03  1.51971541345119e-03  4.21909056603909e-03  2.58780526928604e-03
  5.52248419443530e+04  1.66861235629767e-03  1.80746649857610e-03  4.00488916784525e-03  3.08086560107768e-03
  5.52285702079489e+04  1.76740449387580e-03  1.49484875146300e-03  3.92225524410605e-03  3.09664313681424e-03
  5.52322984714722e+04  1.53599458280951e-03  1.67340831831098e-03  3.84282157756388e-03  2.85131763666868e-03
  5.52360267350359e+04  1.59616058226675e-03  1.65305333212018e-03  3.74644505791366e-03  2.91302334517241e-03
  5.52397549987753e+04  1.41464569605887e-03  1.56306207645684e-03  3.94365331158042e-03  3.30478604882956e-03
  5.52434832622663e+04  1.44398049451411e-03  1.41233799513429e-03  4.33561252430081e-03  3.01628001034260e-03
  5.52472115257014e+04  1.56208395492285e-03  1.75110355485231e-03  3.96221829578280e-03  2.93161137960851e-03
  5.52509397893554e+04  1.55296188313514e-03  1.77403888665140e-03  4.12724260240793e-03  3.21871764026582e-03
  5.52546680526262e+04  1.48699153214693e-03  1.31776055786759e-03  4.29160660132766e-03  3.00052599050105e-03
  5.52583963156390e+04  1.88844720833004e-03  1.64951314218342e-03  3.89776914380491e-03  3.05944145657122e-03
  5.52621245789735e+04  1.45969795994461e-03  1.67606235481799e-03  4.20284178107977e-03  3.44448816031218e-03
  5.52658528421239e+04  1.67526502627879e-03  1.50989240501076e-03  3.88565566390753e-03  3.00389179028571e-03
  5.52695811051053e+04  1.52878451626748e-03  1.75215478520840e-03  4.08972473815084e-03  2.91963550262153e-03
  5.52733093683970e+04  1.27880286891013e-03  1.54382549226284e-03  3.82613902911544e-03  3.56748327612877e-03
  5.52770376311783e+04  1.15555117372423e-03  1.43558613490313e-03  4.51571587473154e-03  3.01070860587060e-03
  5.52807658942233e+04  1.60168216098100e-03  1.39750575181097e-03  4.41713957116008e-03  2.98019475303590e-03
  5.52844941567778e+04  1.70407386031002e-03  1.28397729713470e-03  4.19753091409802e-03  2.75444798171520e-03
  5.52882224194721e+04  1.61590706557035e-03  1.63347367197275e-03  4.29922109469771e-03  3.21164727210999e-03
  5.52919506822883e+04  1.48266693577170e-03  1.70680240262300e-03  3.96734708920121e-03  3.48366843536496e-03
  5.52956789449477e+04  1.66230823379010e-03  1.52420205995440e-03  3.74905695207417e-03  3.16662737168372e-03
  5.52994072082292e+04  1.42451247666031e-03  1.46231451071799e-03  3.98758845403790e-03  3.25495633296669e-03
  5.53031354689351e+04  1.37223885394633e-03  1.66809838265181e-03  4.29017841815948e-03  2.78918817639351e-03
  5.53068637307153e+04  1.67807447724044e-03  1.88110140152276e-03  3.81392845883965e-03  3.08789405971766e-03
  5.53105919921295e+04  1.43899524118751e-03  1.52903678826988e-03  4.14326367899776e-03  3.40507435612381e-03
  5.53143202539166e+04  1.63030333351344e-03  1.90044054761529e-03  3.88908316381276e-03  3.27333621680737e-03
  5.53180485151423e+04  1.69984926469624e-03  1.55430543236434e-03  4.13014320656657e-03  3.02450638264418e-03
  5.53217767755938e+04  1.57001696061343e-03  1.29874062258750e-03  4.29152790457010e-03  3.13478382304311e-03
  5.53255050355323e+04  1.45796197466552e-03  1.59175135195255e-03  3.77395865507424e-03  3.68100404739380e-03
  5.53296666673832e+04  6.99999975040555e-04  6.99999975040555e-04  5.00000023748726e-04  5.00000023748726e-04
  5.53303541667384e+04  1.58652360551059e-03  1.17712444625795e-03  4.05637873336673e-03  2.75870994664729e-03
  5.53340824270844e+04  1.70458212960511e-03  1.46686518564820e-03  4.06442908570170e-03  3.06722195819020e-03
  5.53378106864109e+04  1.38569436967373e-03  1.38491264078766e-03  4.43743774667382e-03  2.96375062316656e-03
  5.53415389454630e+04  1.63379963487387e-03  1.42855849117041e-03  3.62110929563642e-03  3.07616940699518e-03
  5.53452672048843e+04  1.58058491069824e-03  1.52838998474181e-03  3.88437393121421e-03  3.11747542582452e-03
  5.53490416671389e+04  6.99999975040555e-04  6.99999975040555e-04  5.00000023748726e-04  5.00000023748726e-04
  5.53505625001794e+04  1.67524465359747e-03  1.56119337771088e-03  3.76895559020340e-03  3.26997647061944e-03
  5.53543750006228e+04  6.99999975040555e-04  6.99999975040555e-04  5.00000023748726e-04  5.00000023748726e-04
  5.53557500005092e+04  1.40052591450512e-03  1.67237874120474e-03  3.94178554415703e-03  2.99426796846092e-03
  5.53594782584873e+04  1.38104392681271e-03  1.58380588982254e-03  4.37696557492018e-03  3.10835056006908e-03
  5.53632065162419e+04  1.50510424282402e-03  1.67316733859479e-03  4.07170178368688e-03  3.33800446242094e-03
  5.53669347743219e+04  1.31726916879416e-03  1.37086410541087e-03  3.67533043026924e-03  3.48097714595497e-03
  5.53706630308182e+04  1.46541220601648e-03  1.46471697371453e-03  3.63556062802672e-03  2.74496735073626e-03
  5.53743912874547e+04  1.69060577172786e-03  1.62318046204746e-03  3.74825112521648e-03  2.96683609485626e-03
  5.53781195438597e+04  1.66642491240054e-03  1.46491464693099e-03  3.76706244423985e-03  3.04664322175086e-03
  5.53818478005637e+04  1.39031221624464e-03  1.48389569949359e-03  4.07153833657503e-03  3.33860027603805e-03
  5.53855760570277e+04  1.33747665677220e-03  1.33818865288049e-03  3.70765198022127e-03  2.59529030881822e-03
  5.53893043136504e+04  1.58553686924279e-03  1.60935183521360e-03  3.60363698564470e-03  3.14073264598846e-03
  5.53930325701100e+04  1.67843524832278e-03  1.68436591047794e-03  4.02042083442211e-03  3.18744475953281e-03
  5.53967608272834e+04  1.28147867508233e-03  1.74043385777622e-03  3.73349874280393e-03  2.95698433183134e-03
  5.54004890837303e+04  1.91012269351631e-03  1.37801177334040e-03  3.77398123964667e-03  3.00418143160641e-03
  5.54042173407055e+04  1.50198128540069e-03  1.61615794058889e-03  3.74951236881316e-03  3.07390093803406e-03
  5.54116738545463e+04  1.24701822642237e-03  1.11579999793321e-03  5.33506972715259e-03  3.42164421454072e-03
