  5.21309998712442e+04  1.17882061749697e-03  1.41028815414757e-03  2.37371865659952e-03  2.04584794119000e-03
  5.21347281046878e+04  1.38588936533779e-03  1.28533772658557e-03  1.88339257147163e-03  2.42419028654695e-03
  5.21384563382441e+04  1.20463606435806e-03  1.22733355965465e-03  2.17854604125023e-03  2.11295369081199e-03
  5.21421845719525e+04  1.38163589872420e-03  1.21772428974509e-03  2.26664543151855e-03  1.86431291513145e-03
  5.21459128054655e+04  1.36573286727071e-03  1.43500720150769e-03  2.27773049846292e-03  1.73997657839209e-03
  5.21496410384886e+04  1.58442719839513e-03  1.48294295649976e-03  2.39832955412567e-03  1.66472711134702e-03
  5.21533692710499e+04  1.23142020311207e-03  9.52871865592897e-04  2.44623003527522e-03  1.78020854946226e-03
  5.21570975034480e+04  1.53009768109769e-03  1.34621688630432e-03  2.84012523479760e-03  2.40360316820443e-03
  5.21608257388101e+04  1.29124615341425e-03  1.12298643216491e-03  2.15177773497999e-03  1.73619622364640e-03
  5.21666250005311e+04  2.20158300362527e-03  2.10166280157864e-03  3.91754368320107e-03  3.77732072956860e-03
  5.21673750004977e+04  1.70960684772581e-03  1.23422301840037e-03  2.56956415250897e-03  2.42621148936450e-03
  5.21711032361123e+04  1.15661846939474e-03  1.20208074804395e-03  2.65281554311514e-03  1.93337583914399e-03
  5.21748314705902e+04  1.24521832913160e-03  1.00751884747297e-03  2.48690322041512e-03  2.03652982600033e-03
  5.21785597052801e+04  1.37032754719257e-03  1.18974072393030e-03  2.33546202071011e-03  2.12103128433228e-03
  5.21822879417800e+04  1.52896088548005e-03  1.27239665016532e-03  2.26855278015137e-03  1.94785569328815e-03
  5.21860161770762e+04  1.31978688295931e-03  1.38774269726127e-03  2.70762154832482e-03  2.05681379884481e-03
  5.21897444126146e+04  1.31413340568542e-03  1.37645483482629e-03  1.99975911527872e-03  1.88300223089755e-03
  5.21934726508287e+04  1.46991584915668e-03  1.40610313974321e-03  2.26563564501703e-03  2.01830058358610e-03
  5.21972008871654e+04  1.29627599380910e-03  1.33932416792959e-03  2.16612988151610e-03  2.20490153878927e-03
  5.22009291248667e+04  1.34535331744701e-03  1.33663206361234e-03  2.09561665542424e-03  1.76653440576047e-03
  5.22046573620418e+04  1.34508823975921e-03  1.37689907569438e-03  1.96271156892180e-03  2.13699275627732e-03
  5.22083856009492e+04  1.54826033394784e-03  1.21690891683102e-03  2.28168675675988e-03  1.97938294149935e-03
  5.22121138397650e+04  1.31876673549414e-03  1.17142638191581e-03  2.09460197947919e-03  2.06785532645881e-03
  5.22186875000291e+04  1.65726430714130e-03  1.50428328197449e-03  2.97874934040010e-03  2.59250588715076e-03
  5.22200000003866e+04  2.37601110711694e-03  1.39648711774498e-03  2.63416650705040e-03  2.02575139701366e-03
  5.22237282384665e+04  1.14628404844552e-03  1.23444688506424e-03  1.97206134907901e-03  1.95651780813932e-03
  5.22274564790914e+04  1.57334213145077e-03  1.38803350273520e-03  2.00990075245500e-03  1.78418261930346e-03
  5.22311847183681e+04  1.35277735535055e-03  1.15342799108475e-03  2.20265402458608e-03  1.72752712387592e-03
  5.22349129592338e+04  1.26892165280879e-03  1.02052814327180e-03  2.21016095019877e-03  2.07590288482606e-03
  5.22386411994585e+04  1.41008011996746e-03  1.32250995375216e-03  2.16017221100628e-03  1.84697273653001e-03
  5.22423694396595e+04  1.19209336116910e-03  1.26421148888767e-03  2.18503689393401e-03  1.80409103631973e-03
  5.22460976815904e+04  1.18474802002311e-03  1.31602282635868e-03  2.13389191776514e-03  1.88191235065460e-03
  5.22498259227721e+04  1.15605839528143e-03  1.17098668124527e-03  2.07594921812415e-03  1.86740863136947e-03
  5.22535541654237e+04  1.46942131686956e-03  1.37002870906144e-03  2.22369609400630e-03  1.96260027587414e-03
  5.22572824069863e+04  1.36456068139523e-03  1.05248927138746e-03  1.87574303708971e-03  1.89512013457716e-03
  5.22610106485685e+04  1.25866266898811e-03  1.31817883811891e-03  2.24368856288493e-03  1.90263602416962e-03
  5.22647388921238e+04  1.18195812683553e-03  1.31966290064156e-03  2.02318630181253e-03  1.85681844595820e-03
  5.22684671344480e+04  1.30666419863701e-03  1.34468311443925e-03  2.11483752354980e-03  1.71933346427977e-03
  5.22721953767513e+04  1.32936681620777e-03  1.35711568873376e-03  2.35628336668015e-03  1.88012933358550e-03
  5.22759236210716e+04  1.13986805081367e-03  1.09156395774335e-03  2.00817803852260e-03  1.70289282687008e-03
  5.22796518640708e+04  1.33645464666188e-03  1.27706537023187e-03  2.16658110730350e-03  2.26548477075994e-03
  5.22833801074191e+04  1.26255198847502e-03  1.19425647426397e-03  2.00561061501503e-03  1.95384677499533e-03
  5.22906250006377e+04  1.79636606480926e-03  1.54548906721175e-03  2.74034193716943e-03  2.61802785098553e-03
  5.22909791668705e+04  1.35550973936915e-03  1.31982064340264e-03  2.05036532133818e-03  2.10540858097374e-03
  5.22947074099965e+04  1.11860805191100e-03  1.08507892582566e-03  2.03990936279297e-03  1.75307807512581e-03
  5.22984356532778e+04  1.35495443828404e-03  1.20710826013237e-03  2.16356571763754e-03  1.94323400501162e-03
  5.23021638964097e+04  1.43591768573970e-03  1.43269798718393e-03  2.35325074754655e-03  1.94358290173113e-03
  5.23058921412292e+04  1.10133376438171e-03  1.03934889193624e-03  1.90388294868171e-03  1.93017767742276e-03
  5.23096203838263e+04  1.30705104675144e-03  1.43066036980599e-03  2.06487393006682e-03  1.77614938002080e-03
  5.23133486272152e+04  1.21621892321855e-03  1.18064670823514e-03  2.17197090387344e-03  1.77597929723561e-03
  5.23170768706330e+04  1.30922498647124e-03  1.19132979307324e-03  2.19023181125522e-03  2.06196215003729e-03
  5.23208051139422e+04  1.14585121627897e-03  1.54876185115427e-03  2.34228395856917e-03  1.72012089751661e-03
  5.23245333573670e+04  1.55519472900778e-03  1.33102631662041e-03  2.18024663627148e-03  1.80917931720614e-03
  5.23310833333993e+04  2.02515046112239e-03  1.96092901751399e-03  3.68923600763083e-03  3.23269004002213e-03
  5.23314319452801e+04  1.90558773465455e-03  1.09368516132236e-03  2.08187405951321e-03  2.42377142421901e-03
  5.23351601865557e+04  1.35030900128186e-03  1.04214041493833e-03  2.54751672036946e-03  1.76634581293911e-03
  5.23388884279237e+04  1.36062060482800e-03  1.43144407775253e-03  2.82512535341084e-03  2.23896652460098e-03
  5.23426166692837e+04  1.35175907053053e-03  1.73625536262989e-03  2.25094310007989e-03  2.08058836869895e-03
  5.23463454437963e+04  1.44404021557420e-03  1.38601579237729e-03  2.42605502717197e-03  1.90466712228954e-03
  5.23500736851830e+04  1.43162952736020e-03  1.00512406788766e-03  2.24045314826071e-03  1.89762318041176e-03
  5.23538019251796e+04  1.33672705851495e-03  1.01688446011394e-03  1.99837167747319e-03  1.70784932561219e-03
  5.23575301658831e+04  1.34665216319263e-03  1.47313217166811e-03  2.33834492973983e-03  1.99168850667775e-03
  5.23612584067327e+04  1.63539603818208e-03  1.41502183396369e-03  2.32216203585267e-03  2.18641944229603e-03
  5.23649866475621e+04  1.32334278896451e-03  1.00586516782641e-03  2.40877550095320e-03  2.03413190320134e-03
  5.23687148867256e+04  1.23575201723725e-03  1.10425089951605e-03  2.40364135242999e-03  2.02201120555401e-03
  5.23724431268555e+04  1.13136670552194e-03  1.15892919711769e-03  1.95829290896654e-03  2.11937003768981e-03
  5.23761713670463e+04  1.32096454035491e-03  1.27975631039590e-03  2.35408754087985e-03  1.78743083961308e-03
  5.23798996071354e+04  1.38245464768261e-03  1.00460904650390e-03  1.99756771326065e-03  1.91872916184366e-03
  5.23836278454978e+04  1.26595213077962e-03  1.14984752144665e-03  2.23948317579925e-03  2.02340050600469e-03
  5.23873560850139e+04  8.95255128853023e-04  1.21547351591289e-03  2.15093418955803e-03  2.08986550569534e-03
  5.23910843245219e+04  1.44553266000003e-03  1.12485617864877e-03  2.24066758528352e-03  2.07552290521562e-03
  5.23948125638634e+04  1.49772060103714e-03  1.31346390116960e-03  2.08739261142910e-03  1.93407875485718e-03
  5.23985408019004e+04  1.13642378710210e-03  1.13981077447534e-03  2.05886550247669e-03  1.87059666495770e-03
  5.24025833334432e+04  1.75523059442639e-03  1.53680180665106e-03  2.86979367956519e-03  2.44443863630295e-03
  5.24030000000625e+04  1.17326912004501e-03  1.07225344981998e-03  1.87090982217342e-03  1.67067081201822e-03
  5.24067282394317e+04  1.35797006078064e-03  1.22196285519749e-03  1.91508396528661e-03  1.82180327828974e-03
  5.24104564765857e+04  1.49543595034629e-03  1.11892679706216e-03  1.99704943224788e-03  1.99247268028557e-03
  5.24141847149456e+04  1.43080507405102e-03  1.12905888818204e-03  2.16385768726468e-03  1.99312833137810e-03
  5.24179129531945e+04  1.44460471346974e-03  1.18479435332119e-03  2.19363695941865e-03  1.73509377054870e-03
  5.24216411914606e+04  1.16163259372115e-03  1.36492913588881e-03  2.07417039200664e-03  2.08986527286470e-03
  5.24253694287349e+04  1.32544559892267e-03  1.43187644425780e-03  1.97585416026413e-03  1.97554868645966e-03
  5.24290976669918e+04  1.19246402755380e-03  1.23499694745988e-03  2.23718490451574e-03  2.21801386214793e-03
  5.24328259041668e+04  1.48068484850228e-03  1.21026043780148e-03  2.18553864397109e-03  1.90889241639525e-03
  5.24365541420325e+04  1.24064064584672e-03  1.35736691299826e-03  2.05364893190563e-03  1.92120415158570e-03
  5.24402823800278e+04  1.28176296129823e-03  1.33341609034687e-03  1.89427705481648e-03  1.72836857382208e-03
  5.24440106186989e+04  1.24754093121737e-03  1.18638365529478e-03  2.05304753035307e-03  2.13933666236699e-03
  5.24477388564212e+04  1.43411837052554e-03  1.43869174644351e-03  2.30250018648803e-03  1.93695770576596e-03
  5.24514670942081e+04  1.28252722788602e-03  1.29293487407267e-03  2.25065555423498e-03  1.76647526677698e-03
  5.24551953321051e+04  1.38566084206104e-03  1.17816939018667e-03  1.85397686436772e-03  1.87043077312410e-03
  5.24589235701482e+04  1.33217219263315e-03  1.20268587488681e-03  2.12409021332860e-03  1.95352151058614e-03
  5.24626518080290e+04  1.27430760767311e-03  1.30335241556168e-03  2.07883468829095e-03  1.88398140016943e-03
  5.24663800463357e+04  1.24854245223105e-03  1.16546766366810e-03  2.14263144880533e-03  1.95352919399738e-03
  5.24701082845033e+04  1.35221262462437e-03  1.45838304888457e-03  2.26271525025368e-03  2.07949569448829e-03
  5.24738365227226e+04  1.24990008771420e-03  1.11628009472042e-03  1.98916601948440e-03  2.09142942912877e-03
  5.24775647610486e+04  1.63953832816333e-03  1.11082929652184e-03  2.17021652497351e-03  1.64801417849958e-03
  5.24812929993751e+04  1.49390776641667e-03  1.22910272330046e-03  2.32580234296620e-03  1.95500906556845e-03
  5.24856222230941e+04  1.77225098013878e-03  1.70643348246813e-03  3.27686592936516e-03  3.02348053082824e-03
  5.24860416675244e+04  1.15024705883116e-03  1.15309655666351e-03  2.04780348576605e-03  1.72260007821023e-03
  5.24897699064444e+04  1.20561593212187e-03  1.29078410100192e-03  2.03500408679247e-03  1.87069165986031e-03
  5.24934981452383e+04  1.19060894940048e-03  1.11467624083161e-03  2.71598482504487e-03  1.91124621778727e-03
  5.24972263845592e+04  1.14227388985455e-03  1.30037730559707e-03  1.98753993026912e-03  2.01910827308893e-03
  5.25009546240938e+04  1.49137258995324e-03  1.22304470278323e-03  2.49856687150896e-03  2.14048358611763e-03
  5.25046828637420e+04  1.10816594678909e-03  9.28648107219487e-04  2.01586470939219e-03  1.63762900047004e-03
  5.25084111030511e+04  1.37353048194200e-03  1.48576044011861e-03  2.30823853053153e-03  1.89683341886848e-03
  5.25121393429733e+04  1.55484338756651e-03  1.15165614988655e-03  2.57988297380507e-03  1.79000978823751e-03
  5.25158675834341e+04  1.19582808110863e-03  1.38568680267781e-03  2.39331414923072e-03  2.02892464585602e-03
  5.25195958241482e+04  1.09914166387171e-03  1.44819542765617e-03  2.21998640336096e-03  1.94626383017749e-03
  5.25233240649617e+04  1.12089177127928e-03  1.32230354938656e-03  2.27236421778798e-03  1.82084355037659e-03
  5.25270523062860e+04  1.14713923539966e-03  1.03680195752531e-03  2.04726611264050e-03  1.78331241477281e-03
  5.25307805478415e+04  1.33035145699978e-03  1.22517836280167e-03  2.07076920196414e-03  1.63128937128931e-03
  5.25345087894956e+04  1.25421071425080e-03  1.20946019887924e-03  2.33368412591517e-03  2.18556541949511e-03
  5.25382370321655e+04  1.24920823145658e-03  1.17369531653821e-03  2.37937597557902e-03  2.13251519016922e-03
  5.25419652742176e+04  1.27074064221233e-03  1.14535633474588e-03  2.40519922226667e-03  1.64992036297917e-03
  5.25456935170960e+04  1.37698499020189e-03  1.39665848109871e-03  2.62561929412186e-03  1.83951098006219e-03
  5.25494217600163e+04  1.25724845565856e-03  1.20152789168060e-03  1.90698355436325e-03  2.06177192740142e-03
  5.25531500037061e+04  1.47654931060970e-03  1.32457923609763e-03  2.27445620112121e-03  1.88273668754846e-03
  5.25568782474317e+04  1.53703195974231e-03  1.46987522020936e-03  2.01938161626458e-03  1.83721818029881e-03
  5.25606064916724e+04  1.15101423580199e-03  1.18011422455311e-03  2.49412958510220e-03  2.49732914380729e-03
  5.25643347360701e+04  1.25196750741452e-03  1.41618249472231e-03  2.13797902688384e-03  2.12384271435440e-03
  5.25680629809515e+04  1.36166845913976e-03  1.12219585571438e-03  2.56715342402458e-03  2.04578065313399e-03
  5.25717912263321e+04  1.49102357681841e-03  9.48769215028733e-04  2.21375119872391e-03  1.60049553960562e-03
  5.25755194716573e+04  1.32004951592535e-03  1.21178722474724e-03  2.00556847266853e-03  2.21167970448732e-03
  5.25792477174966e+04  1.26020598690957e-03  1.20655074715614e-03  2.43709632195532e-03  1.91782577894628e-03
  5.25837534723345e+04  1.68713775929064e-03  1.63245864678174e-03  3.14126419834793e-03  2.79402150772512e-03
  5.25841701397489e+04  1.26534199807793e-03  1.32834189571440e-03  2.01193522661924e-03  1.84965319931507e-03
  5.25878983861064e+04  1.16853497456759e-03  1.17548799607903e-03  2.13335803709924e-03  1.84482184704393e-03
  5.25916266333611e+04  1.44723791163415e-03  1.26809708308429e-03  2.35441140830517e-03  1.72132730949670e-03
  5.25953548807548e+04  1.26783119048923e-03  1.24206277541816e-03  2.37116077914834e-03  1.63490779232234e-03
  5.25990831280567e+04  1.35375943500549e-03  1.17747136391699e-03  2.24050693213940e-03  1.99056859128177e-03
  5.26028113759826e+04  1.25815684441477e-03  1.26006244681776e-03  2.29247868992388e-03  1.99401821009815e-03
  5.26065396240590e+04  1.24056567437947e-03  1.32094137370586e-03  2.09138100035489e-03  1.81520637124777e-03
  5.26102678727603e+04  1.27943081315607e-03  1.25942158047110e-03  2.08555301651359e-03  1.90265779383481e-03
  5.26139961216850e+04  1.40568218193948e-03  1.33598013781011e-03  2.14653019793332e-03  1.89590291120112e-03
  5.26177243702362e+04  1.23506027739495e-03  1.09961279667914e-03  1.92080228589475e-03  1.88057508785278e-03
  5.26214526189282e+04  1.15598260890692e-03  1.19439885020256e-03  1.90530205145478e-03  1.82706490159035e-03
  5.26251808682280e+04  1.08874496072531e-03  1.37377623468637e-03  2.18814052641392e-03  1.98171800002456e-03
  5.26289091173854e+04  1.29345140885562e-03  9.35653108172119e-04  2.07424024119973e-03  1.89838081132621e-03
  5.26326373670115e+04  1.29355443641543e-03  1.25221651978791e-03  2.22563650459051e-03  1.58422102686018e-03
  5.26363656168773e+04  1.20674388017505e-03  1.34155189152807e-03  1.95751362480223e-03  1.56589888501912e-03
  5.26400938668259e+04  1.22466264292598e-03  1.24697864521295e-03  2.20819748938084e-03  1.92551547661424e-03
  5.26438221163124e+04  1.45167799200863e-03  1.26191042363644e-03  2.13961466215551e-03  1.73433474265039e-03
  5.26475503659920e+04  1.24246452469379e-03  1.29269657190889e-03  2.02349433675408e-03  1.93155230954289e-03
  5.26512786158798e+04  1.27387780230492e-03  1.22408149763942e-03  1.91556545905769e-03  1.74783472903073e-03
  5.26550068659445e+04  1.36818038299680e-03  1.43467704765499e-03  2.09554983302951e-03  1.76595500670373e-03
  5.26587351156539e+04  1.20846473146230e-03  1.11852027475834e-03  2.06299545243382e-03  1.88367289956659e-03
  5.26624633655925e+04  1.22606218792498e-03  1.14122289232910e-03  2.00327928178012e-03  2.00017052702606e-03
  5.26661916156413e+04  1.13121001049876e-03  1.38895190320909e-03  2.43995548225939e-03  1.90893793478608e-03
  5.26699198654307e+04  1.31384527776390e-03  1.22013885993510e-03  1.86255946755409e-03  1.81925483047962e-03
  5.26736481151680e+04  1.33587291929871e-03  1.13199243787676e-03  1.95694784633815e-03  1.70591729693115e-03
  5.26773763648982e+04  1.21738354209810e-03  1.09361927025020e-03  2.18502897769213e-03  1.81016628630459e-03
  5.26811046147626e+04  1.36265100445598e-03  1.07412959914654e-03  2.20301863737404e-03  1.65512098465115e-03
  5.26848328644617e+04  1.65915093384683e-03  1.40631792601198e-03  2.30020168237388e-03  2.00788816437125e-03
  5.26885611139423e+04  1.28393573686481e-03  1.06503476854414e-03  2.64689931645989e-03  1.84701022226363e-03
  5.26922893634259e+04  1.32250727619976e-03  1.01061223540455e-03  2.30870535597205e-03  1.77067075856030e-03
  5.26960176121805e+04  1.28167110960931e-03  1.09974073711783e-03  2.26555252447724e-03  1.93919276352972e-03
  5.26997458612754e+04  1.23532407451421e-03  1.05098984204233e-03  2.08827154710889e-03  1.88392784912139e-03
  5.27034741103102e+04  1.35938439052552e-03  1.13744440022856e-03  2.08065449260175e-03  1.75840919837356e-03
  5.27105243062604e+04  2.07450124435127e-03  1.88295869156718e-03  3.58847621828318e-03  3.32713616080582e-03
  5.27109687506251e+04  1.44866143818945e-03  1.34378822986037e-03  2.31759320013225e-03  1.88457069452852e-03
  5.27146969988937e+04  1.03847705759108e-03  1.07733020558953e-03  2.20104050822556e-03  1.94130628369749e-03
  5.27184252469372e+04  1.33473763708025e-03  1.19658606126904e-03  1.81678228545934e-03  1.99096905998886e-03
  5.27221534948681e+04  1.46447785664350e-03  1.26955343876034e-03  1.99717073701322e-03  1.77343469113111e-03
  5.27258817421399e+04  1.29115080926567e-03  1.14142498932779e-03  2.96637276187539e-03  2.02424195595086e-03
  5.27296099896597e+04  1.12923071719706e-03  1.21918693184853e-03  2.23168032243848e-03  1.84534385334700e-03
  5.27333382370183e+04  1.11620465759188e-03  9.31313610635698e-04  2.35881004482508e-03  1.68058066628873e-03
  5.27370664842964e+04  1.05820503085852e-03  1.27828633412719e-03  2.55005364306271e-03  2.07963818684220e-03
  5.27407947308785e+04  1.22267566621304e-03  1.08073861338198e-03  1.84336188249290e-03  2.03195726498961e-03
  5.27445229778971e+04  1.28321244847029e-03  1.02576543577015e-03  2.28960975073278e-03  1.81363010779023e-03
  5.27482512241632e+04  1.32826727349311e-03  1.20466295629740e-03  2.21854890696704e-03  2.20626872032881e-03
  5.27519794701100e+04  1.14844366908073e-03  1.31497101392597e-03  2.21438775770366e-03  1.87373196240515e-03
  5.27557077160625e+04  1.16653379518539e-03  1.09515921212733e-03  2.71154101938009e-03  1.93346955347806e-03
  5.27594359619791e+04  1.44691066816449e-03  1.22804020065814e-03  2.15298705734313e-03  1.95292197167873e-03
  5.27631642074339e+04  1.34959770366549e-03  1.22684938833117e-03  1.96942919865251e-03  1.79237115662545e-03
  5.27668924532698e+04  1.06746575329453e-03  1.14097434561700e-03  2.28174007497728e-03  1.94233166985214e-03
  5.27706206984282e+04  1.05262605939060e-03  1.29531347192824e-03  2.07829638384283e-03  1.90017314162105e-03
  5.27743489435764e+04  1.04182178620249e-03  1.07679294887930e-03  2.06636288203299e-03  1.87293440103531e-03
  5.27780771884849e+04  1.21409620624036e-03  1.16812554188073e-03  2.02912185341120e-03  2.01288098469377e-03
  5.27842805563626e+04  1.55508681200445e-03  1.43296527676284e-03  2.89101293310523e-03  2.54782196134329e-03
  5.27844027786088e+04  1.18886411655694e-03  1.06027780566365e-03  2.10166396573186e-03  1.95763679221272e-03
  5.27881310232478e+04  1.21936015784740e-03  1.34154502302408e-03  1.98056898079813e-03  1.88418070320040e-03
  5.27918592680822e+04  1.34751794394106e-03  1.12492078915238e-03  2.10692011751235e-03  2.09717964753509e-03
  5.27955875126842e+04  1.19863613508642e-03  1.31359964143485e-03  1.99324032291770e-03  2.02254485338926e-03
  5.27993157572732e+04  1.18468154687434e-03  1.13736093044281e-03  1.96790485642850e-03  1.87016127165407e-03
  5.28030440014165e+04  9.96547867543995e-04  1.21686444617808e-03  2.42912606336176e-03  1.98208447545767e-03
  5.28067722459874e+04  1.00654002744704e-03  1.18474790360779e-03  2.06056213937700e-03  1.77867384627461e-03
  5.28105004902533e+04  1.26567925326526e-03  1.24065263662487e-03  2.11896188557148e-03  2.03960365615785e-03
  5.28142287348231e+04  1.29134068265557e-03  1.29043043125421e-03  2.12543061934412e-03  1.99187966063619e-03
  5.28179569794535e+04  1.42426649108529e-03  1.02181185502559e-03  2.11109360679984e-03  2.12306366302073e-03
  5.28216852238264e+04  1.14427343942225e-03  1.14847905933857e-03  2.01069028116763e-03  1.73677864950150e-03
  5.28254134681968e+04  1.23175838962197e-03  1.00076280068606e-03  2.09601782262325e-03  1.82509934529662e-03
  5.28291417126077e+04  1.38938240706921e-03  1.08908477704972e-03  2.01620673760772e-03  1.84393976815045e-03
  5.28328699572778e+04  1.25865836162120e-03  1.15016812924296e-03  2.02511297538877e-03  1.86937139369547e-03
  5.28365982017326e+04  1.38303532730788e-03  1.03969639167190e-03  1.90482311882079e-03  1.90770300105214e-03
  5.28403264464155e+04  1.26527086831629e-03  1.15723360795528e-03  1.89187191426754e-03  1.87020632438362e-03
  5.28440546913483e+04  1.33103423286229e-03  1.26172124873847e-03  2.44162557646632e-03  1.99310760945082e-03
  5.28477829362940e+04  1.25761888921261e-03  1.15645455662161e-03  1.83262815698981e-03  2.07028095610440e-03
  5.28515111814664e+04  1.21085008140653e-03  1.30708911456168e-03  2.18215514905751e-03  1.83962169103324e-03
  5.28552394266678e+04  1.43419846426696e-03  1.12263136543334e-03  2.20192992128432e-03  2.05517141148448e-03
  5.28616458338831e+04  1.70506560243666e-03  1.65847397875041e-03  3.25080659240484e-03  2.91605293750763e-03
  5.28640500002661e+04  1.51385774370283e-03  1.10999634489417e-03  2.15023220516741e-03  2.13222135789692e-03
  5.28677782463252e+04  1.45831773988903e-03  1.37716880999506e-03  2.14641937054694e-03  1.96867436170578e-03
  5.28715064921828e+04  1.07050233054906e-03  1.26168900169432e-03  2.29469966143370e-03  2.07711220718920e-03
  5.28752347380728e+04  1.24358222819865e-03  1.11609848681837e-03  2.18713027425110e-03  1.93819601554424e-03
  5.28789629845798e+04  8.73200595378876e-04  8.68068367708474e-04  2.09881295450032e-03  1.50582799687982e-03
  5.28826912314675e+04  1.13371689803898e-03  1.15005497355014e-03  2.12250370532274e-03  1.98281649500132e-03
  5.28864194783946e+04  1.35879789013416e-03  1.22059613931924e-03  2.15487973764539e-03  1.67823222000152e-03
  5.28901477258496e+04  1.40711513813585e-03  9.79606062173843e-04  2.11152550764382e-03  1.52569275815040e-03
  5.28938759731133e+04  1.33764778729528e-03  1.00677646696568e-03  2.52018612809479e-03  1.61772291176021e-03
  5.28976042206586e+04  1.34872773196548e-03  1.26191019080579e-03  1.90370040945709e-03  1.66782038286328e-03
  5.29013324691480e+04  1.28371466416866e-03  1.16361642722040e-03  2.01568845659494e-03  1.95504236035049e-03
  5.29050607172223e+04  1.34856672957540e-03  1.26466678921133e-03  2.08176672458649e-03  1.90832850057632e-03
  5.29087889662813e+04  1.47983594797552e-03  1.42814021091908e-03  2.25210445933044e-03  2.09285668097436e-03
  5.29125172149849e+04  1.41584640368819e-03  1.28720351494849e-03  1.99585012160242e-03  1.77822471596301e-03
  5.29162454641355e+04  1.26072217244655e-03  1.29871466197073e-03  1.91724370233715e-03  1.97901832871139e-03
  5.29199737135832e+04  1.46584503818303e-03  1.28611561376601e-03  2.20049172639847e-03  2.14205868542194e-03
  5.29237019635197e+04  1.17797369603068e-03  1.12196453846991e-03  2.29185447096825e-03  1.82559306267649e-03
  5.29274302138241e+04  1.14768871571869e-03  1.14244793076068e-03  1.83884042780846e-03  1.73617538530380e-03
  5.29311584640753e+04  1.39009265694767e-03  1.35051098186523e-03  2.29584518820047e-03  2.00883788056672e-03
  5.29348867147976e+04  1.33865792304277e-03  9.59504279308021e-04  1.98888732120395e-03  1.96956819854677e-03
  5.29409479171836e+04  1.64539506658912e-03  1.57590408343822e-03  2.86712287925184e-03  2.78283166699111e-03
  5.29411805560647e+04  1.08365935739130e-03  2.26079975254834e-03  2.27939849719405e-03  1.79200479760766e-03
  5.29449088066563e+04  1.18748622480780e-03  1.09962455462664e-03  2.32098600827157e-03  1.88619666732848e-03
  5.29486370585787e+04  1.27638410776854e-03  1.07104517519474e-03  2.20331922173500e-03  1.85199431143701e-03
  5.29555659730705e+04  1.68737594503909e-03  1.43936020322144e-03  2.63548572547734e-03  2.38831155002117e-03
  5.29560000001954e+04  1.29856960847974e-03  1.10778503585607e-03  2.13922676630318e-03  1.92909385077655e-03
  5.29597282524491e+04  1.10878434497863e-03  1.26134569291025e-03  1.89388974104077e-03  1.83653016574681e-03
  5.29634565048934e+04  1.21872813906521e-03  1.27431494183838e-03  2.04152846708894e-03  1.55843026004732e-03
  5.29671847584781e+04  1.02170009631664e-03  1.14082940854132e-03  1.98891106992960e-03  1.87188247218728e-03
  5.29709130114583e+04  1.27524568233639e-03  1.27418339252472e-03  2.11806944571435e-03  1.76100875250995e-03
  5.29746412646610e+04  1.12153519876301e-03  1.28181651234627e-03  2.34112865291536e-03  1.93595082964748e-03
  5.29783695185116e+04  1.14131346344948e-03  1.32182741072029e-03  1.97198684327304e-03  1.76737015135586e-03
  5.29820977723612e+04  1.28434319049120e-03  1.07173807919025e-03  1.93877960555255e-03  1.76027650013566e-03
  5.29858260261875e+04  1.26609660219401e-03  1.27297779545188e-03  2.10433942265809e-03  1.52136629913002e-03
  5.29895542800278e+04  1.37178273871541e-03  1.26771465875208e-03  1.91452063154429e-03  2.04658345319331e-03
  5.29932825340949e+04  1.06594990938902e-03  1.07252853922546e-03  1.93434662651271e-03  1.70230749063194e-03
  5.29970107881642e+04  1.17778184358031e-03  1.19962671305984e-03  2.04559229314327e-03  1.87492393888533e-03
  5.30007390422385e+04  1.03095849044621e-03  1.27199571579695e-03  1.89897802192718e-03  1.94437010213733e-03
  5.30044672972860e+04  1.13755825441331e-03  1.14230928011239e-03  2.13550264015794e-03  1.75081263296306e-03
  5.30081955519584e+04  1.20098749175668e-03  1.12200854346156e-03  1.94010930135846e-03  1.93911464884877e-03
  5.30119238060950e+04  1.20279355905950e-03  1.21516420040280e-03  1.91652495414019e-03  1.68646534439176e-03
  5.30156520601888e+04  1.21259456500411e-03  1.15135207306594e-03  1.85476115439087e-03  1.91237754188478e-03
  5.30193803158125e+04  1.27753091510385e-03  1.19635416194797e-03  2.30096583254635e-03  1.60783028695732e-03
  5.30231085701992e+04  1.15727400407195e-03  1.20294000953436e-03  2.25802743807435e-03  1.80508207995445e-03
  5.30268368250626e+04  1.13302015233785e-03  1.22750818263739e-03  2.06260429695249e-03  1.69487565290183e-03
  5.30305650798239e+04  1.28872005734593e-03  9.75812145043164e-04  2.07989895716310e-03  1.93841150030494e-03
  5.30342933339490e+04  9.20944672543555e-04  1.13703869283199e-03  2.45037581771612e-03  2.07741907797754e-03
  5.30380215883969e+04  1.36751285754144e-03  1.33365474175662e-03  1.89180788584054e-03  1.64271250832826e-03
  5.30417498428670e+04  1.24543032143265e-03  1.12086231820285e-03  2.13237386196852e-03  1.88386358786374e-03
  5.30454780969527e+04  1.19482574518770e-03  1.23802269808948e-03  2.18716845847666e-03  1.99623615480959e-03
  5.30492063511874e+04  1.62081583403051e-03  1.11413351260126e-03  2.31585348956287e-03  1.79206288885325e-03
  5.30529346052096e+04  1.56920670997351e-03  1.63006572984159e-03  1.98616972193122e-03  2.06070952117443e-03
  5.30566628592582e+04  1.28446565940976e-03  1.04444078169763e-03  2.23393389023840e-03  1.85552798211575e-03
  5.30603911132177e+04  1.24209467321634e-03  1.22254714369774e-03  2.08141002804041e-03  1.80019147228450e-03
  5.30641193666887e+04  1.10448244959116e-03  1.42129522282630e-03  2.28043948300183e-03  1.83194421697408e-03
  5.30678476201424e+04  1.08029705006629e-03  1.21943396516144e-03  2.13531171903014e-03  2.00967141427100e-03
  5.30735833336862e+04  2.07184557802975e-03  1.92441884428263e-03  3.73557070270181e-03  3.32969380542636e-03
  5.30740416674825e+04  1.21422240044922e-03  1.37792935129255e-03  2.13117408566177e-03  1.94293970707804e-03
  5.30777699204342e+04  1.39616173692048e-03  1.25363643746823e-03  2.62264139018953e-03  1.82088266592473e-03
  5.30814981732038e+04  1.17858592420816e-03  1.04807643219829e-03  2.46968865394592e-03  1.55029341112822e-03
  5.30852264257881e+04  1.26855098642409e-03  1.18587282486260e-03  2.45133740827441e-03  1.83602573815733e-03
  5.30889546781944e+04  1.19426497258246e-03  1.08621153049171e-03  1.94351468235254e-03  1.79722358006984e-03
  5.30926829303149e+04  1.30333227571100e-03  9.67328669503331e-04  1.91677454859018e-03  1.87979347538203e-03
  5.30964111821632e+04  1.61759532056749e-03  1.41707528382540e-03  2.05045402981341e-03  1.96324917487800e-03
  5.31001394339606e+04  1.12538854591548e-03  9.73407702986151e-04  2.65080505050719e-03  1.96078629232943e-03
  5.31038676855476e+04  1.18594733066857e-03  1.18214776739478e-03  2.13049724698067e-03  1.75397889688611e-03
  5.31075959368911e+04  1.30711309611797e-03  1.23397773131728e-03  2.46903416700661e-03  1.63038785103709e-03
  5.31113241879792e+04  1.37373758479953e-03  1.18656782433391e-03  2.11159675382078e-03  1.98461581021547e-03
  5.31150524390521e+04  1.00375304464251e-03  1.20505667291582e-03  2.54496815614402e-03  1.82945374399424e-03
  5.31187806896215e+04  1.21007894631475e-03  1.23035686556250e-03  2.07449239678681e-03  2.06736451946199e-03
  5.31225089401666e+04  1.60682841669768e-03  1.12411624286324e-03  2.01883376576006e-03  1.66330882348120e-03
  5.31262371905185e+04  1.34275609161705e-03  1.12797145266086e-03  2.07860744558275e-03  1.95033859927207e-03
  5.31299654406287e+04  1.31834030617028e-03  1.33838923648000e-03  2.06776731647551e-03  2.07839277572930e-03
  5.31336936906748e+04  1.46342394873500e-03  1.17338798008859e-03  1.82757514994591e-03  1.79352622944862e-03
  5.31374219404953e+04  1.35680427774787e-03  1.23168819118291e-03  1.97120266966522e-03  1.76940415985882e-03
  5.31411501902940e+04  1.18385441601276e-03  1.24255451373756e-03  2.02603661455214e-03  1.87046290375292e-03
  5.31448784398067e+04  1.16534088738263e-03  1.27471983432770e-03  1.90154253505170e-03  1.69736461248249e-03
  5.31486066891490e+04  1.26602372620255e-03  1.11741828732193e-03  2.12399684824049e-03  1.92938477266580e-03
  5.31523349383370e+04  1.45891355350614e-03  1.07184634543955e-03  2.06930702552199e-03  1.82049488648772e-03
  5.31560631873703e+04  1.09047465957701e-03  1.30824837833643e-03  1.79146300069988e-03  2.25087045691907e-03
  5.31597914366550e+04  1.11465691588819e-03  1.13098975270987e-03  2.28126998990774e-03  1.76036404445767e-03
  5.31635196856539e+04  1.20098749175668e-03  1.30018300842494e-03  2.11812555789948e-03  1.71158905141056e-03
  5.31672479344388e+04  1.16388883907348e-03  1.30181969143450e-03  1.98724376969039e-03  2.04223045147955e-03
  5.31709761834558e+04  1.31274550221860e-03  1.20845646597445e-03  2.07152194343507e-03  2.17198138125241e-03
  5.31747044321760e+04  1.21016672346741e-03  1.17816706188023e-03  2.05152854323387e-03  1.94091268349439e-03
  5.31784326807640e+04  1.25547300558537e-03  1.02834799326956e-03  2.19441158697009e-03  1.78153254091740e-03
  5.31821609295498e+04  1.29185104742646e-03  1.32219365332276e-03  2.10222601890564e-03  1.97219126857817e-03
  5.31858891783391e+04  1.30168569739908e-03  1.25057203695178e-03  2.19429819844663e-03  1.98852247558534e-03
  5.31896174271562e+04  1.37395714409649e-03  1.13461574073881e-03  2.05414439551532e-03  1.81834760587662e-03
  5.31933456757698e+04  1.17545318789780e-03  1.14742538426071e-03  2.36748997122049e-03  2.02794838696718e-03
  5.31970739246239e+04  1.24384730588645e-03  1.29737355746329e-03  2.17547221109271e-03  2.00489978305995e-03
  5.32008021734918e+04  1.37634377460927e-03  1.07809645123780e-03  2.10106186568737e-03  1.91674567759037e-03
  5.32045304223505e+04  1.32910790853202e-03  1.27566826995462e-03  2.50811339356005e-03  1.74701819196343e-03
  5.32082586714005e+04  1.21154170483351e-03  1.40205805655569e-03  1.98668660596013e-03  1.61786016542464e-03
  5.32119869204560e+04  1.34761282242835e-03  1.34561804588884e-03  1.95034523494542e-03  1.92303501535207e-03
  5.32157151695902e+04  1.19442818686366e-03  9.82693978585303e-04  1.74535834230483e-03  1.58683874178678e-03
  5.32194434188716e+04  1.39335019048303e-03  1.12284230999649e-03  2.52003059722483e-03  1.71590142417699e-03
  5.32231716684723e+04  1.22656265739352e-03  1.15354964509606e-03  2.33582290820777e-03  1.91806722432375e-03
  5.32286736116699e+04  1.91429164260626e-03  1.47233880124986e-03  3.04847862571478e-03  2.67435098066926e-03
  5.32291250003379e+04  1.19845219887793e-03  1.43339403439313e-03  2.24360288120806e-03  2.11004726588726e-03
  5.32328532502396e+04  1.21860683429986e-03  1.17695529479533e-03  2.59960116818547e-03  2.16940511018038e-03
  5.32365815001758e+04  1.38024298939854e-03  1.31941155996174e-03  2.75954511016607e-03  1.85128243174404e-03
  5.32403097506088e+04  1.15126185119152e-03  1.14114757161587e-03  2.27985111996531e-03  1.47760682739317e-03
  5.32440380010682e+04  1.24786735977978e-03  1.19691831059754e-03  2.10981699638069e-03  1.77775381598622e-03
  5.32477662517027e+04  9.61575016845018e-04  1.06123636942357e-03  1.99001282453537e-03  1.71725428663194e-03
  5.32514945024617e+04  1.60090206190944e-03  1.46089110057801e-03  2.45994958095253e-03  1.71818793751299e-03
  5.32552227537235e+04  1.31721142679453e-03  1.38919113669544e-03  2.21427390351892e-03  2.08721123635769e-03
  5.32589510054641e+04  1.35374208912253e-03  1.44660309888422e-03  2.36901710741222e-03  1.67473941110075e-03
  5.32626792569897e+04  1.36820808984339e-03  1.24281959142536e-03  2.59260297752917e-03  2.09719291888177e-03
  5.32664075090480e+04  1.28436391241848e-03  1.42613670323044e-03  2.16943584382534e-03  1.77869235631078e-03
  5.32701357613761e+04  9.22503648325801e-04  1.14315119571984e-03  2.03913263976574e-03  1.71292736195028e-03
  5.32738640139167e+04  1.04414497036487e-03  1.04083563201129e-03  2.18072184361517e-03  1.65452971123159e-03
  5.32775922665150e+04  1.31856976076961e-03  8.00831709057093e-04  2.39386642351747e-03  2.17047939077020e-03
  5.32813205195242e+04  1.37712561991066e-03  1.07242260128260e-03  2.12810281664133e-03  1.55834783799946e-03
  5.32850487732105e+04  9.74615744780749e-04  1.25893414951861e-03  2.20924592576921e-03  1.88503216486424e-03
  5.32887770266712e+04  1.36594579089433e-03  1.57961517106742e-03  2.22428678534925e-03  1.84166489634663e-03
  5.32925052804318e+04  1.09076441731304e-03  9.98831004835665e-04  2.40202154964209e-03  2.20332108438015e-03
  5.32962335345718e+04  9.08419897314161e-04  1.43865449354053e-03  2.00167344883084e-03  1.90968043170869e-03
  5.32999617889364e+04  1.10037077683955e-03  1.04202877264470e-03  2.02525290660560e-03  1.96527573280036e-03
  5.33036900434559e+04  1.20792223606259e-03  1.23152777086943e-03  2.25778529420495e-03  1.67603732552379e-03
  5.33074182985150e+04  9.98508185148239e-04  1.16988283116370e-03  2.26845731958747e-03  2.21808115020394e-03
  5.33111465534446e+04  1.27235951367766e-03  1.28375773783773e-03  1.90290098544210e-03  2.00994312763214e-03
  5.33148748087452e+04  1.20970921125263e-03  1.22492935042828e-03  2.12257448583841e-03  1.86976976692677e-03
  5.33186030641238e+04  1.11709488555789e-03  1.21437094639987e-03  1.85362028423697e-03  1.69414258562028e-03
  5.33223313200497e+04  1.46567123010755e-03  1.06542324647307e-03  1.92599312867969e-03  1.84957263991237e-03
  5.33260595760338e+04  1.35960185434669e-03  1.11490476410836e-03  1.93233683239669e-03  1.87204882968217e-03
  5.33297878323425e+04  1.32239668164402e-03  1.01716315839440e-03  2.23347335122526e-03  1.88997876830399e-03
  5.33335160885869e+04  1.24802370555699e-03  1.00997847039253e-03  1.99050852097571e-03  1.71670457348228e-03
  5.33372443450126e+04  1.28700828645378e-03  1.29195360932499e-03  1.92249193787575e-03  1.87364825978875e-03
  5.33409726018645e+04  1.39566848520190e-03  1.34461128618568e-03  1.89233012497425e-03  1.91763520706445e-03
  5.33447008610602e+04  1.18499703239650e-03  1.12743466161191e-03  2.17266962863505e-03  1.84207421261817e-03
  5.33484291157964e+04  1.31070765201002e-03  1.07668281998485e-03  2.16668006032705e-03  1.95620185695589e-03
  5.33537361112801e+04  1.63669255562127e-03  1.57615274656564e-03  2.87074944935739e-03  2.40194378420711e-03
  5.33541875008611e+04  1.23521604109555e-03  1.08774367254227e-03  1.90443126484752e-03  1.80210405960679e-03
  5.33579157581066e+04  1.10150850377977e-03  1.06273184064776e-03  2.03707930631936e-03  1.83415785431862e-03
  5.33616440155917e+04  1.20816938579082e-03  1.22566241770983e-03  2.23806500434875e-03  1.86131894588470e-03
  5.33653722730522e+04  1.37823331169784e-03  1.06591999065131e-03  2.14031781069934e-03  1.78248120937496e-03
  5.33691005307383e+04  1.36843661312014e-03  1.34614063426852e-03  1.77506171166897e-03  1.70532113406807e-03
  5.33728287884026e+04  1.08714296948165e-03  1.14314106758684e-03  2.21532979048789e-03  1.81016570422798e-03
  5.33765570458911e+04  1.20877427980304e-03  9.72652982454747e-04  1.72238319646567e-03  1.83726137038320e-03
  5.33802853036271e+04  1.41218700446188e-03  1.27124506980181e-03  1.90536421723664e-03  2.02293298207223e-03
  5.33840135613936e+04  1.30153342615813e-03  1.08117854688317e-03  2.12333537638187e-03  1.96721195243299e-03
  5.33902500004677e+04  1.60438637249172e-03  1.46303779911250e-03  2.95974314212799e-03  2.68387165851891e-03
  5.33918333339862e+04  9.96676622889936e-04  1.10511726234108e-03  2.17248802073300e-03  2.00653262436390e-03
  5.33955615912790e+04  1.13571097608656e-03  1.37004733551294e-03  2.65129236504436e-03  1.76002969965339e-03
  5.33992898490624e+04  1.35191204026341e-03  1.10348884481937e-03  1.94534123875201e-03  1.90261739771813e-03
  5.34030181064073e+04  1.13480759318918e-03  9.91107779555023e-04  2.39307153970003e-03  1.92487146705389e-03
  5.34067463639779e+04  1.19487650226802e-03  1.28309126012027e-03  2.13413592427969e-03  1.83725159149617e-03
  5.34104746212986e+04  1.20267388410866e-03  1.05320138391107e-03  2.13669147342443e-03  1.82841194327921e-03
  5.34142028783496e+04  1.35021365713328e-03  1.21142761781812e-03  2.04463023692369e-03  2.05255276523530e-03
  5.34188750008530e+04  2.04697437584400e-03  2.00616219080985e-03  3.50637687370181e-03  3.10881645418704e-03
  5.34230000006620e+04  1.56115042045712e-03  1.42415764275938e-03  2.16598785482347e-03  1.70027557760477e-03
  5.34267282574816e+04  1.28391699399799e-03  1.01624743547291e-03  2.37320782616735e-03  2.05801823176444e-03
  5.34304565139700e+04  1.15944375284016e-03  9.82805038802326e-04  1.72271637711674e-03  1.60159077495337e-03
  5.34341847701841e+04  1.38784514274448e-03  1.19522272143513e-03  2.05892766825855e-03  2.23996653221548e-03
  5.34379130270432e+04  1.36364961508662e-03  9.16724849957973e-04  1.87970779370517e-03  2.20299302600324e-03
  5.34416412829663e+04  1.09297095332295e-03  1.13225076347589e-03  2.19886307604611e-03  2.06971867009997e-03
  5.34453695389238e+04  1.22714892495424e-03  1.33404624648392e-03  1.98802957311273e-03  1.81417062412947e-03
  5.34490977949098e+04  1.36294972617179e-03  1.03606958873570e-03  2.07315012812614e-03  1.80320790968835e-03
  5.34528260504605e+04  1.46670185495168e-03  1.05956615880132e-03  2.12074327282608e-03  2.03970796428621e-03
  5.34565543060394e+04  1.19688198901713e-03  1.17675354704261e-03  2.09718919359148e-03  1.73806515522301e-03
  5.34602825612835e+04  1.39363354537636e-03  8.67998925969005e-04  1.91858317703009e-03  1.56010768841952e-03
  5.34644375008820e+04  1.68719422072172e-03  1.82407943066210e-03  3.06011759676039e-03  2.75799655355513e-03
  5.34648958333970e+04  1.37162907049060e-03  1.12889811862260e-03  2.08848807960749e-03  1.82895129546523e-03
  5.34686240880811e+04  1.54247065074742e-03  1.29083858337253e-03  2.27705924771726e-03  1.86497822869569e-03
  5.34723523427363e+04  1.27530156169087e-03  1.36906886473298e-03  2.37203598953784e-03  1.92979292478412e-03
  5.34760805971214e+04  1.19125971104950e-03  1.14285328891128e-03  2.09877756424248e-03  1.72662315890193e-03
  5.34798088513104e+04  1.25253025908023e-03  1.09669053927064e-03  2.01098178513348e-03  1.76018918864429e-03
  5.34835371053010e+04  1.51750771328807e-03  1.13798328675330e-03  2.19217338599265e-03  1.78087083622813e-03
  5.34872653592082e+04  1.32767704781145e-03  1.34114839602262e-03  1.84760626871139e-03  1.94251292850822e-03
  5.34909936126818e+04  1.36646768078208e-03  1.26668601296842e-03  1.93223031237721e-03  1.80092721711844e-03
  5.34947218659167e+04  1.20288191828877e-03  1.20536610484123e-03  2.01170379295945e-03  1.89555843826383e-03
  5.34984501191377e+04  1.32440833840519e-03  1.07071350794286e-03  2.13471474125981e-03  1.94771762471646e-03
  5.35021783721261e+04  1.18859682697803e-03  1.16679596249014e-03  2.11274903267622e-03  1.88990822061896e-03
  5.35059066253402e+04  1.39589188620448e-03  1.40597869176418e-03  1.97319756262004e-03  1.96536327712238e-03
  5.35096348783276e+04  1.19113537948579e-03  1.22826220467687e-03  1.89136923290789e-03  1.68884545564651e-03
  5.35133631308783e+04  1.25357427168638e-03  1.01771834306419e-03  2.13615852408111e-03  1.80673191789538e-03
  5.35170913834049e+04  1.39841472264379e-03  1.27364648506045e-03  1.81624491233379e-03  1.86214630957693e-03
  5.35208196359110e+04  1.17521628271788e-03  1.14695786032826e-03  1.92731118295342e-03  1.85073202010244e-03
  5.35256479170070e+04  1.46657298319042e-03  1.49771152064204e-03  2.51925014890730e-03  2.41837161593139e-03
  5.35257479173611e+04  1.41860602889210e-03  1.06060085818172e-03  2.13864049874246e-03  1.95563375018537e-03
  5.35294761694901e+04  1.11798709258437e-03  1.21530774049461e-03  2.07182369194925e-03  1.73083750996739e-03
  5.35332044216494e+04  1.10931473318487e-03  1.35619333013892e-03  1.88701448496431e-03  1.78201147355139e-03
  5.35369326736619e+04  1.23517436441034e-03  1.16950529627502e-03  2.08942382596433e-03  1.85515440534800e-03
  5.35406609259143e+04  1.28485972527415e-03  1.23052275739610e-03  2.17262189835310e-03  2.19460506923497e-03
  5.35443891779444e+04  1.28253444563597e-03  1.29617878701538e-03  1.84039270970970e-03  2.02784710563719e-03
  5.35481174301690e+04  1.12133077345788e-03  1.20397657155991e-03  1.87580357305706e-03  1.81459740269929e-03
  5.35518456822118e+04  1.37389160227031e-03  1.28076749388129e-03  2.28711660020053e-03  1.63669488392770e-03
  5.35555739342672e+04  1.32842455059290e-03  1.05848768725991e-03  2.02477211132646e-03  1.99831789359450e-03
  5.35593021863888e+04  1.38219434302300e-03  9.93186607956886e-04  2.02531204558909e-03  1.71678792685270e-03
  5.35630304384307e+04  1.17547647096217e-03  1.19131535757333e-03  2.18952051363885e-03  1.47239118814468e-03
  5.35667586907119e+04  1.32874189876020e-03  1.22382328845561e-03  2.18208809383214e-03  1.84185605030507e-03
  5.35704869427698e+04  1.55329133849591e-03  1.36079755611718e-03  1.89203501213342e-03  1.59917853306979e-03
  5.35742151950416e+04  1.42815813887864e-03  1.23551918659359e-03  2.14594067074358e-03  1.72660616226494e-03
  5.35785694449122e+04  1.73098838422447e-03  1.62448291666806e-03  3.00207198597491e-03  2.64229532331228e-03
  5.35790277779273e+04  1.32601743098348e-03  1.27699912991375e-03  1.73859670758247e-03  1.89992436207831e-03
  5.35827560304305e+04  1.41204788815230e-03  1.14836543798447e-03  2.17962916940451e-03  1.63153454195708e-03
  5.35864842830346e+04  1.43418577499688e-03  1.11617729999125e-03  2.02463148161769e-03  1.93412660155445e-03
  5.35902125356563e+04  1.15134601946920e-03  1.30075553897768e-03  2.39522289484739e-03  2.01698835007846e-03
  5.35939407887487e+04  1.23395316768438e-03  1.06225803028792e-03  1.91535952035338e-03  2.00498849153519e-03
  5.35976690418464e+04  1.19849387556314e-03  1.29891315009445e-03  1.77683867514133e-03  1.90882396418601e-03
  5.36013972947222e+04  1.16761098615825e-03  1.16552237886935e-03  1.83983461465687e-03  1.99973909184337e-03
  5.36051255485359e+04  1.26467307563871e-03  1.25119253061712e-03  1.92095327656716e-03  1.60088157281280e-03
  5.36088538018994e+04  1.20942329522222e-03  1.04746117722243e-03  2.48765363357961e-03  2.03997245989740e-03
  5.36125820562151e+04  1.42761669121683e-03  1.39163795392960e-03  2.22905492410064e-03  1.81107758544385e-03
  5.36163103101563e+04  1.62905117031187e-03  1.47823593579233e-03  2.31790333054960e-03  1.95227900985628e-03
  5.36200385643310e+04  1.25376007054001e-03  1.11255224328488e-03  2.69838934764266e-03  2.07037688232958e-03
  5.36237668185161e+04  1.50040339212865e-03  1.51300267316401e-03  2.28567584417760e-03  1.86050706543028e-03
  5.36274950736434e+04  1.24265940394253e-03  1.30769144743681e-03  2.02463427558541e-03  1.86582084279507e-03
  5.36312233285592e+04  1.57746847253293e-03  1.03571568615735e-03  2.27728858590126e-03  1.70440401416272e-03
  5.36349515839292e+04  1.22123118489981e-03  1.21571193449199e-03  1.88241270370781e-03  1.99450855143368e-03
  5.36386798397858e+04  1.22871983330697e-03  1.16524135228246e-03  2.21560313366354e-03  2.35492899082601e-03
  5.36424080952454e+04  1.30591494962573e-03  1.13462586887181e-03  2.09210650064051e-03  2.01087119057775e-03
  5.36461363512015e+04  1.29253650084138e-03  1.01736327633262e-03  2.23780330270529e-03  1.62802764680237e-03
  5.36498646074697e+04  1.40342605300248e-03  1.29682081751525e-03  1.92766520194709e-03  1.77240988705307e-03
  5.36535928637174e+04  1.42210442572832e-03  1.28749117720872e-03  1.91948504652828e-03  1.98875367641449e-03
  5.36573211204214e+04  1.15912873297930e-03  1.06057350058109e-03  2.05311574973166e-03  2.21323058940470e-03
  5.36610493773321e+04  1.20842352043837e-03  1.28981960006058e-03  2.05613998696208e-03  1.72757636755705e-03
  5.36647776344584e+04  1.39115587808192e-03  1.19035493116826e-03  2.28646886534989e-03  1.95769756101072e-03
  5.36685058919872e+04  1.27986050210893e-03  1.12093135248870e-03  2.08874326199293e-03  2.01245839707553e-03
  5.36722341494851e+04  1.14991492591798e-03  1.26420822925866e-03  2.09983228705823e-03  2.00575008057058e-03
  5.36759624069502e+04  1.33376952726394e-03  1.24390725977719e-03  1.91942590754479e-03  2.08845711313188e-03
  5.36796906652557e+04  1.12895900383592e-03  1.11917499452829e-03  1.79875118192285e-03  2.11394042707980e-03
  5.36843854171435e+04  1.58234860282391e-03  1.58059701789171e-03  2.81129637733102e-03  2.43339757435024e-03
  5.36848750005071e+04  1.32212403696030e-03  1.11393665429205e-03  1.87432533130050e-03  1.84708752203733e-03
  5.36886032588379e+04  1.41703058034182e-03  1.03001261595637e-03  2.26620072498918e-03  1.98939116671681e-03
  5.36923315172464e+04  1.11882947385311e-03  1.16809445898980e-03  2.13827867992222e-03  1.85488094575703e-03
  5.36960597758461e+04  1.23180099762976e-03  1.20911397971213e-03  2.16490239836276e-03  1.77025236189365e-03
  5.36997880347244e+04  1.36534357443452e-03  1.09815469477326e-03  2.18805391341448e-03  1.76532194018364e-03
  5.37035162938900e+04  1.33042142260820e-03  1.04576000012457e-03  2.15458427555859e-03  1.69590068981051e-03
  5.37072445525219e+04  1.33585499133915e-03  9.51125286519527e-04  2.08173296414316e-03  1.68870063498616e-03
  5.37109728122534e+04  1.03258469607681e-03  1.04503019247204e-03  1.97132257744670e-03  1.66620558593422e-03
  5.37147010712177e+04  1.36478780768812e-03  1.31219311151654e-03  2.09131860174239e-03  1.75116397440434e-03
  5.37184293307013e+04  1.39296241104603e-03  1.23387144412845e-03  2.48820800334215e-03  2.00820714235306e-03
  5.37221575901448e+04  1.29456026479602e-03  1.24877039343119e-03  1.98752130381763e-03  1.67007464915514e-03
  5.37258858493333e+04  1.17687019519508e-03  1.00953108631074e-03  2.07473756745458e-03  1.92240776959807e-03
  5.37296141086726e+04  1.17275374941528e-03  1.08575262129307e-03  2.39131273701787e-03  1.90148642286658e-03
  5.37333423680729e+04  1.09137990511954e-03  1.27366278320551e-03  2.10766936652362e-03  1.83690071571618e-03
  5.37370706163126e+04  1.16172188427299e-03  1.10167544335127e-03  2.07415898330510e-03  2.12974846363068e-03
  5.37407988758809e+04  1.17841677274555e-03  1.15642126183957e-03  1.97655777446926e-03  1.93506851792336e-03
  5.37445271354964e+04  1.10142515040934e-03  1.25191791448742e-03  2.07631150260568e-03  1.90833734814078e-03
  5.37482553951342e+04  1.01193645969033e-03  1.16088532377034e-03  2.01681233011186e-03  1.94248254410923e-03
  5.37519836547929e+04  1.16299884393811e-03  1.18285138159990e-03  2.23529594950378e-03  1.96728482842445e-03
  5.37557119144665e+04  1.41962803900242e-03  1.50499388109893e-03  2.05237022601068e-03  1.67949742171913e-03
  5.37594401741712e+04  1.47615512832999e-03  1.08157983049750e-03  2.09797848947346e-03  1.75688194576651e-03
  5.37631684335728e+04  1.25000078696758e-03  1.27584871370345e-03  2.12807208299637e-03  1.98513269424438e-03
  5.37668966932569e+04  1.07204716186970e-03  1.34624133352190e-03  2.08251224830747e-03  1.74373958725482e-03
  5.37706249526852e+04  1.15656794514507e-03  1.10110768582672e-03  2.09114118479192e-03  2.20759515650570e-03
  5.37743532118563e+04  1.28914730157703e-03  1.27896165940911e-03  2.38268100656569e-03  1.87118607573211e-03
  5.37780814712723e+04  1.30909227300435e-03  1.38951058033854e-03  1.94080593064427e-03  1.81649031583220e-03
  5.37818097305139e+04  1.26778718549758e-03  1.31426285952330e-03  2.46199150569737e-03  2.12624319829047e-03
  5.37855379897987e+04  1.02065328974277e-03  8.99856269825250e-04  1.96991907432675e-03  1.80895114317536e-03
  5.37892662485392e+04  1.15268363151699e-03  1.28017750103027e-03  2.31629796326160e-03  1.49312731809914e-03
  5.37929945074570e+04  1.24486337881535e-03  1.34844053536654e-03  2.23326915875077e-03  1.93375500384718e-03
  5.37967227664098e+04  9.54973977059126e-04  1.09115138184279e-03  1.96722894906998e-03  1.71683158259839e-03
  5.38015729173634e+04  1.91468698903918e-03  1.95783935487270e-03  3.55827482417226e-03  3.05330404080451e-03
  5.38021319451505e+04  1.14921887870878e-03  1.05894193984568e-03  2.08447733893991e-03  1.79463322274387e-03
  5.38058602035672e+04  1.15336233284324e-03  1.11209461465478e-03  1.86077761463821e-03  1.88012898433954e-03
  5.38095884620487e+04  1.10275321640074e-03  1.18454778566957e-03  2.09084572270513e-03  1.90719729289412e-03
  5.38133167200254e+04  1.19206216186285e-03  1.35717529337853e-03  2.38762004300952e-03  1.83563842438161e-03
  5.38170449779862e+04  1.61606224719435e-03  1.37941655702889e-03  2.09128018468618e-03  2.24479497410357e-03
  5.38207732356516e+04  1.49999512359500e-03  1.25164713244885e-03  1.91389361862093e-03  1.79711845703423e-03
  5.38245014933472e+04  1.16305937990546e-03  1.28692283760756e-03  2.29145539924502e-03  1.81945343501866e-03
  5.38282297508586e+04  1.50676199700683e-03  8.90159164555371e-04  1.99805991724133e-03  1.79967947769910e-03
  5.38319580081712e+04  1.20567949488759e-03  1.16776826325804e-03  2.29406752623618e-03  2.18287669122219e-03
  5.38356862654964e+04  1.27378001343459e-03  1.09406851697713e-03  2.07883748225868e-03  1.83965079486370e-03
  5.38394145223923e+04  1.28155341371894e-03  1.19931506924331e-03  2.12751631624997e-03  1.86366320122033e-03
  5.38431427793137e+04  1.27556710503995e-03  1.14149239379913e-03  2.10948614403605e-03  1.96135719306767e-03
  5.38468710355116e+04  1.50316348299384e-03  1.16833555512130e-03  2.24500894546509e-03  1.87502242624760e-03
  5.38505992919954e+04  1.18907971773297e-03  1.04905222542584e-03  2.27078376337886e-03  1.73235172405839e-03
  5.38543275482570e+04  1.24006322585046e-03  1.28987105563283e-03  2.18633585609496e-03  1.56754185445607e-03
  5.38580558042767e+04  1.08039414044470e-03  1.20910338591784e-03  2.00908258557320e-03  1.90679600927979e-03
  5.38617840603136e+04  1.33262888994068e-03  1.11931352876127e-03  2.14839144609869e-03  1.64770754054189e-03
  5.38655123158856e+04  1.35506573133171e-03  1.46927230525762e-03  2.23856675438583e-03  1.95208063814789e-03
  5.38692405714605e+04  1.08445691876113e-03  1.18211947847158e-03  2.09459941834211e-03  1.69909000396729e-03
  5.38729688270370e+04  1.17978022899479e-03  1.04221689980477e-03  2.16339388862252e-03  1.68566836509854e-03
  5.38766970823900e+04  1.43074372317642e-03  1.17391138337553e-03  2.06496682949364e-03  1.90179748460650e-03
  5.38804253375207e+04  1.26676575746387e-03  1.10638351179659e-03  2.09718546830118e-03  1.96048803627491e-03
  5.38841535926387e+04  1.20295397937298e-03  1.09308236278594e-03  2.01620021834970e-03  1.87475141137838e-03
  5.38878818477361e+04  1.19596207514405e-03  9.80894896201789e-04  1.90746178850532e-03  1.79268978536129e-03
  5.38916101025614e+04  1.31889281328768e-03  1.11334549728781e-03  1.89762993250042e-03  1.72956089954823e-03
  5.38953383571805e+04  1.18167675100267e-03  1.16835499648005e-03  1.84365408495069e-03  1.75955367740244e-03
  5.39005868062604e+04  1.53252191375941e-03  1.50038476567715e-03  2.38197995349765e-03  2.24808929488063e-03
  5.39011875000566e+04  1.23776157852262e-03  1.12289888784289e-03  2.30365735478699e-03  2.02671275474131e-03
  5.39049157546736e+04  1.20625155977905e-03  1.27164507284760e-03  2.08474067039788e-03  1.97151559405029e-03
  5.39086440093022e+04  1.32106873206794e-03  1.32245535496622e-03  2.03245668672025e-03  1.90236500930041e-03
  5.39123722639594e+04  1.17398309521377e-03  1.19919655844569e-03  2.08701938390732e-03  1.95959699340165e-03
  5.39161005188021e+04  1.08325702603906e-03  1.10214168671519e-03  2.11496185511351e-03  1.78689754102379e-03
  5.39198287727141e+04  1.47631496656686e-03  1.23741012066603e-03  1.63291464559734e-03  1.69130112044513e-03
  5.39235570270613e+04  1.23539695050567e-03  1.12119305413216e-03  1.99302844703197e-03  1.96645385585725e-03
  5.39272852816678e+04  1.48162827827036e-03  8.89564980752766e-04  1.92103011067957e-03  2.03692098148167e-03
  5.39310135360487e+04  1.43226236104965e-03  1.30594091024250e-03  2.13183066807687e-03  1.83788838330656e-03
  5.39347417906690e+04  1.26618880312890e-03  1.12968485336751e-03  2.09988583810627e-03  1.64274347480386e-03
  5.39384700453022e+04  1.24830950517207e-03  1.30830949638039e-03  1.88380177132785e-03  1.74138229340315e-03
  5.39421982999468e+04  1.34106550831348e-03  1.46261428017169e-03  2.13188747875392e-03  1.63835415150970e-03
  5.39459265547696e+04  9.99772106297314e-04  9.89513937383890e-04  2.27244570851326e-03  1.77445914596319e-03
  5.39496548098958e+04  1.17508322000504e-03  1.24639784917235e-03  2.16889148578048e-03  1.86127633787692e-03
  5.39533830650253e+04  1.17305049207062e-03  1.18147709872574e-03  1.98141299188137e-03  2.01938021928072e-03
  5.39571113199305e+04  1.64693978149444e-03  1.10612285789102e-03  2.32992786914110e-03  1.84569007251412e-03
  5.39608395752958e+04  1.32527924142778e-03  1.24417943879962e-03  2.18687742017210e-03  1.96213927119970e-03
  5.39645678306562e+04  1.04418979026377e-03  1.25021487474442e-03  1.88352307304740e-03  1.81440135929734e-03
  5.39682960862603e+04  1.17173406761140e-03  1.17857486475259e-03  2.00072024017572e-03  2.13652220554650e-03
  5.39720243420959e+04  1.09786388929933e-03  9.08004061784595e-04  2.33993795700371e-03  1.96704035624862e-03
  5.39757525981667e+04  1.55563594307750e-03  1.16138719022274e-03  2.38069728948176e-03  2.18374654650688e-03
  5.39794808544660e+04  1.12830195575953e-03  1.29382184240967e-03  2.15936196036637e-03  2.15655867941678e-03
  5.39832091110046e+04  1.18057080544531e-03  1.12320354674011e-03  2.26642866618931e-03  2.13395128957927e-03
  5.39869373675172e+04  1.22411525808275e-03  1.11239228863269e-03  1.94371643010527e-03  1.63818383589387e-03
  5.39906656245081e+04  1.05696916580200e-03  1.03949627373368e-03  2.05581914633512e-03  1.68257858604193e-03
  5.39943938814860e+04  1.23511382844299e-03  1.27493252512068e-03  1.98892736807466e-03  1.81746704038233e-03
  5.39981221389063e+04  1.32364453747869e-03  1.07987772207707e-03  2.08503147587180e-03  1.96315045468509e-03
  5.40018503963010e+04  1.17464619688690e-03  1.11612305045128e-03  2.15592118911445e-03  1.61168433260173e-03
  5.40055786541400e+04  1.40868220478296e-03  1.24272028915584e-03  1.98083277791739e-03  1.83213734999299e-03
  5.40093069119397e+04  1.41126348171383e-03  9.38480428885669e-04  2.04648496583104e-03  2.13812384754419e-03
  5.40130351700776e+04  1.15808518603444e-03  1.06382928788662e-03  2.42853676900268e-03  1.98175781406462e-03
  5.40167634285670e+04  1.07287510763854e-03  1.22325366828591e-03  2.26428662426770e-03  1.91154470667243e-03
  5.40204916869826e+04  9.81484074145555e-04  1.04477908462286e-03  2.40289070643485e-03  2.22874199971557e-03
  5.40242199460196e+04  1.33077381178737e-03  9.73237329162657e-04  2.22616759128869e-03  2.07657972350717e-03
  5.40279482047651e+04  1.11877801828086e-03  1.37807521969080e-03  1.97185063734651e-03  1.89506204333156e-03
  5.40316764641574e+04  1.25781341921538e-03  1.15882535465062e-03  1.96515931747854e-03  1.96003727614880e-03
  5.40354047234976e+04  1.10040605068207e-03  1.32675969507545e-03  2.04380159266293e-03  1.96921313181520e-03
  5.40391329829920e+04  1.22461479622871e-03  1.14251452032477e-03  2.08936445415020e-03  1.64925958961248e-03
  5.40428612426447e+04  1.28939992282540e-03  1.23568961862475e-03  2.02325405552983e-03  2.04014265909791e-03
  5.40486041669894e+04  1.52320181950927e-03  1.49058911483735e-03  2.61114048771560e-03  2.54034716635942e-03
  5.40492048613670e+04  1.26176734920591e-03  1.17132312152535e-03  2.25570285692811e-03  1.95422372780740e-03
  5.40529331215533e+04  1.11002998892218e-03  1.09368877019733e-03  1.96387339383364e-03  1.73270457889885e-03
  5.40566613816896e+04  1.18787132669240e-03  1.33412948343903e-03  2.23061675205827e-03  1.90143671352416e-03
  5.40603896417338e+04  1.32510776165873e-03  1.10285566188395e-03  2.10243393667042e-03  1.93460995797068e-03
  5.40641179021645e+04  1.20182870887220e-03  1.26140378415585e-03  2.14021699503064e-03  1.82399770710617e-03
  5.40678461627314e+04  1.20602804236114e-03  1.03426165878773e-03  2.15729442425072e-03  1.98014732450247e-03
  5.40715744232558e+04  1.20120903011411e-03  1.16493878886104e-03  1.96743826381862e-03  1.63493305444717e-03
  5.40753026840949e+04  1.33152585476637e-03  1.14010297693312e-03  1.98514922522008e-03  1.98208051733673e-03
  5.40790309446841e+04  1.04582391213626e-03  1.15858577191830e-03  2.02598981559277e-03  1.73706328496337e-03
  5.40827592057290e+04  1.17182394023985e-03  1.17783283349127e-03  1.95825845003128e-03  1.85326673090458e-03
  5.40864874664712e+04  1.25171057879925e-03  1.36647885665298e-03  1.94327661301941e-03  1.53037928976119e-03
  5.40902157273902e+04  1.15700962487608e-03  1.16564042400569e-03  1.89580686856061e-03  1.87881512101740e-03
  5.40939439882788e+04  1.18401180952787e-03  1.06062006670982e-03  2.06838361918926e-03  1.64392881561071e-03
  5.40976722493032e+04  1.20644294656813e-03  1.25551933888346e-03  2.03752028755844e-03  1.79035472683609e-03
  5.41014005102592e+04  1.34396820794791e-03  1.33752822875977e-03  1.94936629850417e-03  1.71352468896657e-03
  5.41051287713136e+04  1.03534222580492e-03  1.25153292901814e-03  1.95894925855100e-03  2.12979270145297e-03
  5.41088570323993e+04  1.21818541083485e-03  1.20555097237229e-03  2.02460493892431e-03  2.17390549369156e-03
  5.41125852935936e+04  1.18744163773954e-03  1.21317198500037e-03  2.08633393049240e-03  1.87869090586901e-03
  5.41163135545682e+04  1.26208516303450e-03  1.13900250289589e-03  2.09213537164032e-03  1.88041268847883e-03
  5.41200418154549e+04  1.47425371687859e-03  1.51911459397525e-03  2.18859245069325e-03  1.94131082389504e-03
  5.41237700764955e+04  1.26366154290736e-03  1.00358633790165e-03  2.01149052008986e-03  1.90297374501824e-03
  5.41274983375655e+04  1.17924402002245e-03  1.07261177618057e-03  2.18262616544962e-03  1.84031040407717e-03
  5.41312265985740e+04  1.31326925475150e-03  1.14904320798814e-03  1.84892723336816e-03  2.16062762774527e-03
  5.41349548594085e+04  1.27350038383156e-03  8.96509503945708e-04  2.17196973972023e-03  1.65604229550809e-03
  5.41386831204167e+04  1.09748833347112e-03  1.30660645663738e-03  2.16715736314654e-03  1.97370257228613e-03
  5.41424113810995e+04  1.35778111871332e-03  1.16355088539422e-03  2.12607602588832e-03  1.96358747780323e-03
  5.41461396418541e+04  1.25483609735966e-03  1.04156311135739e-03  2.13943375274539e-03  1.84567016549408e-03
  5.41498679026609e+04  1.12373125739396e-03  1.23641861137003e-03  2.25937087088823e-03  2.01455154456198e-03
  5.41535961630801e+04  1.09191332012415e-03  1.16851751226932e-03  1.84122298378497e-03  1.68023887090385e-03
  5.41573244237976e+04  1.42503052484244e-03  1.16891309153289e-03  2.15723132714629e-03  2.16998974792659e-03
  5.41610526840104e+04  1.34815939236432e-03  1.36385846417397e-03  2.27025011554360e-03  2.02318932861090e-03
  5.41675416668275e+04  2.06099124625325e-03  1.78068375680596e-03  3.64781660027802e-03  3.24724381789565e-03
  5.41681666669734e+04  1.08865671791136e-03  8.44151945784688e-04  2.06370488740504e-03  1.96009175851941e-03
  5.41718949270972e+04  1.26239680685103e-03  1.14446470979601e-03  1.90366164315492e-03  2.05539236776531e-03
  5.41756231869756e+04  1.35550799313933e-03  1.09400204382837e-03  2.34960555098951e-03  2.02661613002419e-03
  5.41793514467165e+04  1.33814278524369e-03  1.38120236806571e-03  2.15508206747472e-03  1.87047861982137e-03
  5.41830797065233e+04  1.13873940426856e-03  1.15652079693973e-03  2.43311678059399e-03  1.70429644640535e-03
  5.41868079659571e+04  1.22924114111811e-03  1.18789053522050e-03  1.83409079909325e-03  1.87293079216033e-03
  5.41905362253959e+04  1.47728621959686e-03  1.09783560037613e-03  1.93971174303442e-03  1.93838472478092e-03
  5.41942644846990e+04  1.03879452217370e-03  1.09285395592451e-03  2.19595152884722e-03  1.78597308695316e-03
  5.41979927437395e+04  1.17421185132116e-03  1.00790266878903e-03  2.23562773317099e-03  1.70972966589034e-03
  5.42017210031387e+04  1.03121902793646e-03  1.11368985380977e-03  1.94168800953776e-03  1.82395288720727e-03
  5.42054492616216e+04  1.31638208404183e-03  9.11818759050220e-04  1.63765845354646e-03  1.75107188988477e-03
  5.42091775203843e+04  1.21372810099274e-03  1.14349776413292e-03  2.24950793199241e-03  1.99321145191789e-03
  5.42129057788969e+04  1.12252729013562e-03  1.16578221786767e-03  1.65949610527605e-03  1.70182599686086e-03
  5.42166340373716e+04  1.37740175705403e-03  1.10846548341215e-03  1.82929402217269e-03  1.83961121365428e-03
  5.42203622953298e+04  1.31482805591077e-03  1.08290079515427e-03  1.88194902148098e-03  1.71483261510730e-03
  5.42240905532697e+04  1.39801111072302e-03  1.15881301462650e-03  1.94537453353405e-03  1.74114201217890e-03
  5.42278188112395e+04  1.27681600861251e-03  1.06283091008663e-03  1.95762398652732e-03  1.84160401113331e-03
  5.42315470688079e+04  1.26221356913447e-03  1.06270960532129e-03  1.95416971109807e-03  2.04367842525244e-03
  5.42352753263576e+04  1.32992654107511e-03  1.12721044570208e-03  1.80281186476350e-03  2.03231326304376e-03
  5.42390035839283e+04  1.08331243973225e-03  1.05519511271268e-03  1.91749655641615e-03  1.74438976682723e-03
  5.42427318410520e+04  1.30858609918505e-03  1.25007703900337e-03  2.05685314722359e-03  1.68291211593896e-03
  5.42464600981840e+04  1.25536997802556e-03  1.02835346478969e-03  2.17155111022294e-03  1.81466678623110e-03
  5.42501883556262e+04  1.25824019778520e-03  1.22252642177045e-03  2.16614967212081e-03  1.93273299373686e-03
  5.42539166123183e+04  1.28945149481297e-03  1.04002025909722e-03  2.12544947862625e-03  1.92441139370203e-03
  5.42576448692338e+04  1.27882976084948e-03  1.07698712963611e-03  2.07043997943401e-03  1.80754030589014e-03
  5.42613731259168e+04  1.39783381018788e-03  1.07131060212851e-03  2.20382213592529e-03  2.01192102394998e-03
  5.42651013826967e+04  1.23669719323516e-03  1.24062271788716e-03  2.33089923858643e-03  1.67641008738428e-03
  5.42688296394375e+04  1.34929490741342e-03  1.10103911720216e-03  1.86952552758157e-03  1.73500750679523e-03
  5.42725578958703e+04  1.44007056951523e-03  1.06365035753697e-03  2.26258486509323e-03  1.91410107072443e-03
  5.42764583333740e+04  1.64165953174233e-03  1.45978445652872e-03  2.84279673360288e-03  2.33492115512490e-03
  5.42768333335613e+04  1.00163451861590e-03  1.24188547488302e-03  1.68267427943647e-03  1.64325919467956e-03
  5.42779166672962e+04  1.30618631374091e-03  1.50810019113123e-03  2.49145855195820e-03  2.47890152968466e-03
  5.42785416671355e+04  1.24127790331841e-03  1.15617609117180e-03  2.14385590516031e-03  1.82585197035223e-03
  5.42822699235914e+04  1.00687181111425e-03  1.11624039709568e-03  2.08154506981373e-03  1.65567209478468e-03
  5.42859981795926e+04  1.17340194992721e-03  1.01608561817557e-03  2.31331819668412e-03  1.93590833805501e-03
  5.42897264359318e+04  1.31975545082241e-03  1.06272625271231e-03  1.97402248159051e-03  1.91734451800585e-03
  5.42934546922965e+04  1.29869440570474e-03  1.07936817221344e-03  1.87054136767983e-03  2.09803064353764e-03
  5.42971829488785e+04  1.14588532596827e-03  1.08885730151087e-03  2.02065007761121e-03  2.05560587346554e-03
  5.43009112052315e+04  1.20739231351763e-03  1.03218993172050e-03  1.77358975633979e-03  2.03634635545313e-03
  5.43046394618160e+04  1.21670111548156e-03  1.30424939561635e-03  2.00353260152042e-03  1.63318868726492e-03
  5.43083677183992e+04  1.26511091366410e-03  1.12000410445035e-03  1.96342007257044e-03  1.87298306263983e-03
  5.43120959751911e+04  1.32796075195074e-03  1.16344587877393e-03  1.99404871091247e-03  1.75251450855285e-03
  5.43158242319688e+04  1.31072790827602e-03  1.06234278064221e-03  2.03248090110719e-03  1.70502497348934e-03
  5.43195524889978e+04  1.34213059209287e-03  1.16165156941861e-03  1.84963212814182e-03  1.79432332515717e-03
  5.43232807460242e+04  1.06513011269271e-03  1.28732819575816e-03  2.23574251867831e-03  1.99899752624333e-03
  5.43270090030613e+04  1.32049806416035e-03  1.42913963645697e-03  1.91532529424876e-03  2.21601896919310e-03
  5.43307372603355e+04  1.45863392390311e-03  1.43669429235160e-03  1.87535479199141e-03  2.33200541697443e-03
  5.43344655178553e+04  1.35816843248904e-03  7.93553597759455e-04  2.53181089647114e-03  2.13315221481025e-03
  5.43381937755614e+04  1.26964633818716e-03  1.08328065834939e-03  2.30266037397087e-03  1.75640010274947e-03
  5.43419220333393e+04  1.03221554309130e-03  1.00003287661821e-03  2.21677264198661e-03  1.90491997636855e-03
  5.43485208339271e+04  2.16036336496472e-03  1.91932113375515e-03  3.51822096854448e-03  3.05644772015512e-03
  5.43495625008381e+04  1.45435915328562e-03  1.03501521516591e-03  2.00844951905310e-03  1.67762662749738e-03
  5.43532907596144e+04  1.31259171757847e-03  1.05462246574461e-03  2.33733770437539e-03  2.06657848320901e-03
  5.43570190178878e+04  1.15131039638072e-03  1.18908577132970e-03  2.06974917091429e-03  1.71495217364281e-03
  5.43607472768276e+04  1.45098369102925e-03  1.26545771490782e-03  2.10362207144499e-03  2.15799361467361e-03
  5.43644755357189e+04  1.32784107699990e-03  1.16494495887309e-03  2.18015513382852e-03  1.71146856155246e-03
  5.43695000000509e+04  2.06530373543501e-03  2.07631755620241e-03  3.66689451038837e-03  3.00878635607660e-03
  5.43701250000716e+04  1.25479151029140e-03  1.32307619787753e-03  1.77257473114878e-03  1.99015578255057e-03
  5.43738532595094e+04  1.31936091929674e-03  1.30478304345161e-03  2.27440195158124e-03  1.69584050308913e-03
  5.43775815191308e+04  1.32011424284428e-03  1.38092681299895e-03  2.12662131525576e-03  1.87449285294861e-03
  5.43813097791274e+04  1.32702360861003e-03  1.19180127512664e-03  2.18403222970665e-03  1.86760118231177e-03
  5.43850380391009e+04  1.05610059108585e-03  1.40507298056036e-03  2.07567447796464e-03  1.63461454212666e-03
  5.43887662992499e+04  1.24077452346683e-03  1.15742255002260e-03  2.26152082905173e-03  1.81489449460059e-03
  5.43924945599131e+04  1.23754749074578e-03  1.29527901299298e-03  2.18391604721546e-03  1.66609289590269e-03
  5.43962228202859e+04  1.20120542123914e-03  1.27421761862934e-03  2.14112037792802e-03  1.58595666289330e-03
  5.43999510810545e+04  1.26092054415494e-03  1.30660564173013e-03  2.17016460373998e-03  2.15324363671243e-03
  5.44036793417452e+04  1.17290054913610e-03  1.05106015689671e-03  1.98161299340427e-03  1.85813650023192e-03
  5.44074076029735e+04  1.18991290219128e-03  1.10787991434336e-03  2.37796176224947e-03  1.92649208474904e-03
  5.44145833337731e+04  1.54966022819281e-03  1.42579991370440e-03  2.80401599593461e-03  2.53015593625605e-03
  5.44200000003309e+04  1.43737427424639e-03  1.32436316926032e-03  2.08400259725749e-03  1.69690162874758e-03
  5.44237282617361e+04  1.15654361434281e-03  1.13397149834782e-03  2.21702456474304e-03  1.81861757300794e-03
  5.44274565232744e+04  1.17625726852566e-03  1.06657342985272e-03  2.14780797250569e-03  1.85620086267591e-03
  5.44311847849535e+04  1.32133322767913e-03  1.15772173739970e-03  1.78943714126945e-03  1.86031742487103e-03
  5.44349130465369e+04  1.23955949675292e-03  1.07243692036718e-03  2.28517479263246e-03  1.77219777833670e-03
  5.44386413082686e+04  1.26129924319685e-03  1.19959772564471e-03  2.08323565311730e-03  1.89541792497039e-03
  5.44423695701424e+04  1.28402095288038e-03  1.10455590765923e-03  1.88669527415186e-03  1.89751212019473e-03
  5.44460978321042e+04  1.24671775847673e-03  9.21526516322047e-04  2.00654310174286e-03  1.70116568915546e-03
  5.44498260938090e+04  1.26912735868245e-03  1.04307639412582e-03  2.23022676073015e-03  1.75203022081405e-03
  5.44535543559165e+04  1.24156265519559e-03  1.13943743053824e-03  2.00685230083764e-03  2.00259033590555e-03
  5.44572826179664e+04  1.08163687400520e-03  1.16798887029290e-03  2.06855521537364e-03  1.63526763208210e-03
  5.44610108799790e+04  1.18618225678802e-03  1.16901542060077e-03  1.96368573233485e-03  1.72693224158138e-03
  5.44647391421910e+04  1.26206432469189e-03  9.99269075691700e-04  2.21333699300885e-03  1.78629509173334e-03
  5.44684674039271e+04  1.05518184136599e-03  8.77428334206343e-04  1.90542463678867e-03  1.79115706123412e-03
  5.44721956661264e+04  1.31043419241905e-03  1.20981142390519e-03  1.90322194248438e-03  2.15278123505414e-03
  5.44759239283173e+04  1.07237987685949e-03  9.94454137980938e-04  1.86830980237573e-03  1.96453765965998e-03
  5.44796521904166e+04  1.24224973842502e-03  1.11595948692411e-03  1.97355938144028e-03  1.95265095680952e-03
  5.44833804527883e+04  1.16676709149033e-03  1.03040656540543e-03  2.03181593678892e-03  1.76816014572978e-03
  5.44885243060476e+04  1.73383601941168e-03  1.48701854050159e-03  2.97019979916513e-03  2.35512410290539e-03
  5.44889409727453e+04  1.20877544395626e-03  1.31016760133207e-03  1.96239375509322e-03  1.85647211037576e-03
  5.44926692348148e+04  1.32506585214287e-03  1.19645439554006e-03  2.13455036282539e-03  2.05822940915823e-03
  5.44963974964987e+04  1.14241405390203e-03  1.09479145612568e-03  2.03102407976985e-03  1.86023057904094e-03
  5.45001257582188e+04  1.12551019992679e-03  1.02143443655223e-03  2.40073143504560e-03  1.67312775738537e-03
  5.45038540200834e+04  1.23483594506979e-03  1.12780602648854e-03  1.95002928376198e-03  2.09466507658362e-03
  5.45075822821693e+04  1.47147395182401e-03  1.09121145214885e-03  2.26122816093266e-03  1.93223159294575e-03
  5.45113105437362e+04  1.25021452549845e-03  1.34719302877784e-03  2.00239452533424e-03  2.58796755224466e-03
  5.45150388053819e+04  1.29107909742743e-03  9.17777942959219e-04  2.17328616417944e-03  1.57288147602230e-03
  5.45187670666829e+04  1.29584968090057e-03  1.52416352648288e-03  2.10926914587617e-03  1.96066964417696e-03
  5.45224953283068e+04  1.04138930328190e-03  1.02539279032499e-03  2.13804049417377e-03  1.84035638812929e-03
  5.45262235900186e+04  1.54325563926250e-03  1.08765531331301e-03  1.98058993555605e-03  1.77313189487904e-03
  5.45299518510869e+04  1.26615038607270e-03  1.23540323693305e-03  2.03638128004968e-03  2.10837949998677e-03
  5.45336801124676e+04  1.23382103629410e-03  1.26690836623311e-03  1.84861745219678e-03  1.82795175351202e-03
  5.45374083737059e+04  1.60175038035959e-03  1.11560872755945e-03  2.10204417817295e-03  1.96505687199533e-03
  5.45411366347083e+04  1.32084719371051e-03  1.33305019699037e-03  1.80916104000062e-03  1.76832033321261e-03
  5.45448648956759e+04  1.31872948259115e-03  1.28879072144628e-03  2.15775379911065e-03  1.94659992121160e-03
  5.45485931564976e+04  1.34855625219643e-03  1.17326050531119e-03  2.23403656855226e-03  1.75171042792499e-03
  5.45523214172972e+04  1.16812670603395e-03  1.12230691593140e-03  1.87416083645076e-03  1.62314879707992e-03
  5.45560496778299e+04  1.20303977746516e-03  8.95624631084502e-04  2.06464109942317e-03  2.01874203048646e-03
  5.45597779382350e+04  1.32299959659576e-03  1.41576514579356e-03  2.29501398280263e-03  1.78116490133107e-03
  5.45635061984110e+04  1.17326620966196e-03  1.08672422356904e-03  2.14108754880726e-03  1.69622746761888e-03
  5.45672344588552e+04  1.46849115844816e-03  1.46877916995436e-03  2.16491031460464e-03  1.65869062766433e-03
  5.45709627186796e+04  1.24199362471700e-03  1.06457213405520e-03  1.87622080557048e-03  1.97128509171307e-03
  5.45746909786042e+04  1.10661692451686e-03  1.10090675298125e-03  2.14534252882004e-03  1.94051186554134e-03
  5.45784192381018e+04  1.24981021508574e-03  1.05620210524648e-03  1.88829586841166e-03  1.76904117688537e-03
  5.45821474978751e+04  1.34413770865649e-03  1.06801942456514e-03  2.30148620903492e-03  1.65463343728334e-03
  5.45858757572292e+04  1.34968699421734e-03  1.54255481902510e-03  1.89918640535325e-03  1.69651862233877e-03
  5.45896040163981e+04  1.25449581537396e-03  1.17907393723726e-03  1.92265212535858e-03  2.18157772906125e-03
  5.45933322754225e+04  1.32021063473076e-03  1.31891109049320e-03  2.31582787819207e-03  1.97881320491433e-03
  5.45970605345139e+04  1.19080592412502e-03  1.07016169931740e-03  1.80353480391204e-03  2.02995701692998e-03
  5.46007887931504e+04  1.27666373737156e-03  9.11996408831328e-04  1.87219318468124e-03  1.96760846301913e-03
  5.46045170517813e+04  1.33472681045532e-03  1.29768380429596e-03  2.02475138939917e-03  1.77423737477511e-03
  5.46082453104178e+04  1.06446398422122e-03  1.09405734110624e-03  2.12190253660083e-03  1.86152732931077e-03
  5.46119735688379e+04  1.17381068412215e-03  1.12517969682813e-03  2.08012503571808e-03  1.70387036632746e-03
  5.46157018272743e+04  1.05134677141905e-03  1.16635579615831e-03  1.79151364136487e-03  1.83734809979796e-03
  5.46216131948033e+04  1.40612863469869e-03  1.42389209941030e-03  2.34125135466456e-03  2.22717132419348e-03
  5.46222083341052e+04  1.11552549060434e-03  1.17132300511003e-03  2.20992369577289e-03  1.71325099654496e-03
  5.46259365921204e+04  1.22845219448209e-03  1.06433744076639e-03  1.97597290389240e-03  1.77349592559040e-03
  5.46296648501167e+04  1.25124026089907e-03  1.39766640495509e-03  2.01246235519648e-03  1.78012822289020e-03
  5.46333931079063e+04  1.23054906725883e-03  1.30761123728007e-03  1.99682754464447e-03  1.90822454169393e-03
  5.46371213659081e+04  1.22508604545146e-03  1.25752051826566e-03  2.10316968150437e-03  1.70370133128017e-03
  5.46408496236760e+04  1.26391206867993e-03  1.07128685340285e-03  2.17269547283649e-03  1.70869438443333e-03
  5.46445778812386e+04  1.29266106523573e-03  1.28819560632110e-03  1.72213756013662e-03  1.79826584644616e-03
  5.46483061390244e+04  1.27335137221962e-03  1.11390836536884e-03  1.99689483270049e-03  1.75750697962940e-03
  5.46520343968055e+04  1.26230006571859e-03  1.05121731758118e-03  1.86301686335355e-03  2.02438374981284e-03
  5.46557626545927e+04  1.19823426939547e-03  1.22174771968275e-03  2.07167095504701e-03  1.73068663571030e-03
  5.46594909123807e+04  1.16899155545980e-03  1.03650800883770e-03  2.25729541853070e-03  1.85872963629663e-03
  5.46633402781089e+04  1.67112483177334e-03  1.60761398728937e-03  2.80579761601985e-03  2.51079746522009e-03
  5.46634402778483e+04  1.23186281416565e-03  1.03629531804472e-03  1.70864968094975e-03  1.63337728008628e-03
  5.46671685356169e+04  1.19919760618359e-03  1.08557182829827e-03  2.18105735257268e-03  1.71390210743994e-03
  5.46708967935023e+04  1.40253163408488e-03  1.32169667631388e-03  2.11521680466831e-03  1.70223356690258e-03
  5.46746250516422e+04  1.29318633116782e-03  9.82932979241014e-04  2.06290092319250e-03  1.88212993089110e-03
  5.46797083335996e+04  1.96252879686654e-03  1.43017701338977e-03  3.17840999923646e-03  2.71018850617111e-03
  5.46811666667836e+04  1.56613951548934e-03  1.24309572856873e-03  1.87734782230109e-03  1.63702666759491e-03
  5.46848949247673e+04  1.48160278331488e-03  1.27930636517704e-03  2.09452770650387e-03  2.22472497262061e-03
  5.46886231829895e+04  9.30493464693427e-04  1.10841484274715e-03  2.06872285343707e-03  2.00060661882162e-03
  5.46923514416517e+04  1.27355672884732e-03  1.55603652819991e-03  2.25221598520875e-03  1.80162698961794e-03
  5.46960797061018e+04  1.33956631179899e-03  1.07839633710682e-03  2.48223426751792e-03  1.80751155130565e-03
  5.46998079751737e+04  1.65027996990830e-03  1.22643553186208e-03  2.05658352933824e-03  2.02450598590076e-03
  5.47035362442201e+04  1.64750055409968e-03  1.51168892625719e-03  2.35012569464743e-03  1.76276906859130e-03
  5.47072645132558e+04  1.27640960272402e-03  1.22126028873026e-03  1.95905100554228e-03  1.66628765873611e-03
  5.47109927362999e+04  1.04281527455896e-03  1.04481494054198e-03  2.20870901830494e-03  1.84733106289059e-03
  5.47147209958443e+04  1.75520451739430e-03  1.17180577944964e-03  2.12733377702534e-03  2.80112004838884e-03
  5.47184492553727e+04  1.22128007933497e-03  9.98205388896167e-04  2.18872353434563e-03  2.19005974940956e-03
  5.47221775152893e+04  1.37390755116940e-03  1.27233087550849e-03  1.81000144220889e-03  1.70815212186426e-03
  5.47259057754039e+04  1.46970339119434e-03  1.24285940546542e-03  2.02167755924165e-03  2.06170626915991e-03
  5.47296340354932e+04  1.60874065477401e-03  1.11203570850194e-03  2.05581937916577e-03  2.27502756752074e-03
  5.47333622957141e+04  1.15754129365087e-03  1.18328153621405e-03  1.91533623728901e-03  1.78589404094964e-03
  5.47370905563391e+04  1.32437807042152e-03  1.17374258115888e-03  2.08393018692732e-03  1.67655909899622e-03
  5.47444166667361e+04  1.90492637921125e-03  1.74705928657204e-03  3.24946292676032e-03  2.95301666483283e-03
  5.47445416673358e+04  1.29354523960501e-03  1.22340931557119e-03  1.91944336984307e-03  1.81541196070611e-03
  5.47475138892720e+04  1.74433155916631e-03  1.78994657471776e-03  2.84902611747384e-03  2.75339279323816e-03
  5.47479930561144e+04  1.26070051919669e-03  1.20469031389803e-03  2.12618801742792e-03  1.64788460824639e-03
  5.47517213173553e+04  1.28645019140095e-03  1.05816661380231e-03  2.00381362810731e-03  1.73866364639252e-03
  5.47554495786829e+04  1.11741642467678e-03  1.16335344500840e-03  2.01395386829972e-03  1.70508748851717e-03
  5.47591778399352e+04  1.25963706523180e-03  1.02213746868074e-03  2.27719545364380e-03  1.76829413976520e-03
  5.47629061015126e+04  1.03331042919308e-03  1.20391056407243e-03  2.47567379847169e-03  1.81008863728493e-03
  5.47674166671620e+04  1.60901667550206e-03  1.64171832147986e-03  3.54041717946529e-03  2.64351489022374e-03
  5.47679444450673e+04  1.46438612136990e-03  1.06398377101868e-03  1.70246115885675e-03  1.98620674200356e-03
  5.47716727068299e+04  1.17154931649566e-03  1.02499115746468e-03  1.93925900384784e-03  1.50395359378308e-03
  5.47754009686540e+04  1.19779875967652e-03  1.05490675196052e-03  2.14745220728219e-03  1.91539048682898e-03
  5.47791292307095e+04  1.25418789684772e-03  1.14489800762385e-03  1.77397846709937e-03  1.89432827755809e-03
  5.47828574928902e+04  1.32348923943937e-03  1.01570750121027e-03  2.07409565337002e-03  2.00516264885664e-03
  5.47865857551933e+04  1.28857826348394e-03  1.31110835354775e-03  2.17234808951616e-03  1.97301176376641e-03
  5.47903140176199e+04  1.20184617117047e-03  1.14415830466896e-03  1.83677684981376e-03  1.77917128894478e-03
  5.47940422801980e+04  1.36618467513472e-03  9.79673350229859e-04  2.05021048896015e-03  1.58227200154215e-03
  5.47977705426782e+04  1.32184592075646e-03  1.18417362682521e-03  2.07598740234971e-03  1.76031386945397e-03
  5.48014988052766e+04  1.16067822091281e-03  1.26743456348777e-03  1.95719511248171e-03  1.98922888375819e-03
  5.48052270677512e+04  1.02086400147527e-03  1.14676950033754e-03  2.05852068029344e-03  1.54725462198257e-03
  5.48089553307038e+04  1.28123490139842e-03  1.27384660299867e-03  2.14742915704846e-03  1.95000227540731e-03
  5.48126835932731e+04  1.18750112596899e-03  1.22537836432457e-03  2.03339662402868e-03  1.80715951137245e-03
  5.48164118561644e+04  1.14369404036552e-03  1.13355729263276e-03  1.99387571774423e-03  2.10524327121675e-03
  5.48201401188495e+04  1.34377204813063e-03  1.19116413407028e-03  1.89543946180493e-03  1.60486495587975e-03
  5.48238683817095e+04  1.26864435151219e-03  1.13236764445901e-03  2.03300407156348e-03  2.06290045753121e-03
  5.48275966447709e+04  1.06409238651395e-03  1.12222367897630e-03  2.14433227665722e-03  1.72689009923488e-03
  5.48313249078229e+04  1.22149556409568e-03  1.13774905912578e-03  1.91080139484257e-03  1.53200060594827e-03
  5.48350531589167e+04  1.27423240337521e-03  1.20860722381622e-03  2.27163056842983e-03  1.88809295650572e-03
  5.48394305558299e+04  1.53112504631281e-03  1.53433426748961e-03  2.80193914659321e-03  2.45309737510979e-03
  5.48405208336054e+04  1.12315884325653e-03  1.11311720684171e-03  2.32424074783921e-03  1.71283760573715e-03
  5.48442490953520e+04  1.41074636485428e-03  1.15451938472688e-03  2.19162064604461e-03  1.92461232654750e-03
  5.48479773583217e+04  1.21825269889086e-03  1.26171822194010e-03  1.86744518578053e-03  1.85622170101851e-03
  5.48517056213160e+04  1.43739348277450e-03  1.06288050301373e-03  1.71411689370871e-03  1.67542381677777e-03
  5.48554338841538e+04  1.21685559861362e-03  1.08292163349688e-03  2.17699608765543e-03  1.76711648236960e-03
  5.48591621470162e+04  1.17689545731992e-03  9.75151313468814e-04  1.96736096404493e-03  1.53639342170209e-03
  5.48628904097212e+04  1.18430296424776e-03  1.11887860111892e-03  2.20170035026968e-03  1.83108204510063e-03
  5.48666186724999e+04  1.15774676669389e-03  1.14617252256721e-03  2.13439646176994e-03  1.83373270556331e-03
  5.48738194447107e+04  1.84116314630955e-03  1.70983851421624e-03  3.25284805148840e-03  2.76226177811623e-03
  5.48744166673831e+04  1.18739681784064e-03  1.13276671618223e-03  2.22531892359257e-03  1.79164845030755e-03
  5.48781449303090e+04  1.01745536085218e-03  1.06217537540942e-03  2.28357850573957e-03  1.83200649917126e-03
  5.48818731929144e+04  1.68615672737360e-03  1.13082653842866e-03  2.39553838036954e-03  1.99204660020769e-03
  5.48861166667837e+04  2.11488339118659e-03  1.97754660621285e-03  3.36994463577867e-03  3.08869406580925e-03
  5.48862166673612e+04  1.17564713582397e-03  1.42697081901133e-03  2.19464953988791e-03  1.93940207827836e-03
  5.48899449297905e+04  1.19073421228677e-03  1.27405114471912e-03  1.87215954065323e-03  2.24495772272348e-03
  5.48936731923172e+04  1.14679778926075e-03  9.69876244198531e-04  1.85277976561338e-03  1.94034632295370e-03
  5.48974014545393e+04  1.01430190261453e-03  9.86753962934017e-04  2.18148087151349e-03  1.71940878499299e-03
  5.49011297170636e+04  1.35604885872453e-03  1.27012399025261e-03  2.37682973966002e-03  1.71723403036594e-03
  5.49048579791147e+04  1.21785898227245e-03  1.26450217794627e-03  2.05317675136030e-03  1.87920557800680e-03
  5.49085862411423e+04  1.29156908951700e-03  1.42323377076536e-03  2.16543278656900e-03  2.12585949338973e-03
  5.49123145030543e+04  1.20570533908904e-03  1.02511700242758e-03  2.07075430080295e-03  1.68574682902545e-03
  5.49160427647014e+04  1.32195325568318e-03  1.32937880698591e-03  1.99040072038770e-03  1.75800162833184e-03
  5.49197710265534e+04  1.07884989120066e-03  1.33287848439068e-03  1.99944758787751e-03  1.85385614167899e-03
  5.49234992882801e+04  1.14943785592914e-03  1.24118546955287e-03  2.44501326233149e-03  1.90323905553669e-03
  5.49272275496436e+04  1.28356670029461e-03  1.25661131460220e-03  2.02003913000226e-03  1.82635488454252e-03
  5.49309558110556e+04  1.17792107630521e-03  1.24859670177102e-03  1.82320119347423e-03  1.93682627286762e-03
  5.49346840727015e+04  1.44160806667060e-03  1.28203863278031e-03  2.68922303803265e-03  2.29054945521057e-03
  5.49384123334977e+04  1.15253240801394e-03  1.02729245554656e-03  2.14592786505818e-03  1.75898382440209e-03
  5.49421405943019e+04  1.15715165156871e-03  1.17550767026842e-03  1.99615303426981e-03  2.14539421722293e-03
  5.49458688551713e+04  1.38819334097207e-03  1.04096077848226e-03  2.12507881224155e-03  2.05401377752423e-03
  5.49495971158703e+04  1.36701832525432e-03  1.27660820726305e-03  2.19910894520581e-03  2.15179100632668e-03
  5.49533253764410e+04  1.10201095230877e-03  1.07883324380964e-03  2.14836443774402e-03  1.68066611513495e-03
  5.49570536367686e+04  1.02774251718074e-03  1.29629543516785e-03  2.04173801466823e-03  1.91707746125758e-03
  5.49607818971422e+04  1.36488117277622e-03  1.33666477631778e-03  1.98590080253780e-03  1.80409837048501e-03
  5.49645101571157e+04  1.11775181721896e-03  1.21014053002000e-03  2.32289545238018e-03  1.74372247420251e-03
  5.49682384171309e+04  1.46413792390376e-03  1.19121267925948e-03  1.79511436726898e-03  1.46993680391461e-03
  5.49719666771770e+04  1.21591507922858e-03  1.22102897148579e-03  1.97261199355125e-03  2.11895816028118e-03
  5.49756949367951e+04  1.39854429289699e-03  1.17044150829315e-03  2.13938183151186e-03  1.92126375623047e-03
  5.49794231966307e+04  1.22303201351315e-03  1.08153850305825e-03  2.13310169056058e-03  2.00127926655114e-03
  5.49831514561389e+04  1.30028917919844e-03  9.96910734102130e-04  1.82612461503595e-03  2.01797881163657e-03
  5.49868797155924e+04  1.14039680920541e-03  1.30105612333864e-03  1.98003160767257e-03  1.81751616764814e-03
  5.49906079752129e+04  1.07881613075733e-03  1.20916590094566e-03  2.07432499155402e-03  1.64407223928720e-03
  5.49943362344177e+04  1.35658518411219e-03  1.21898401994258e-03  1.86618254519999e-03  1.87159178312868e-03
  5.49980644936274e+04  1.32008094806224e-03  1.21902092359960e-03  2.19526840373874e-03  1.72945589292794e-03
  5.50017927528912e+04  1.20523362420499e-03  1.10261980444193e-03  1.99344218708575e-03  1.90051505342126e-03
  5.50055210122026e+04  1.48497580084950e-03  1.13946828059852e-03  2.05032853409648e-03  1.64583767764270e-03
  5.50092492712778e+04  1.47472170647234e-03  1.32430181838572e-03  1.70890963636339e-03  2.01878091320395e-03
  5.50129775303588e+04  1.17474177386612e-03  1.16392946802080e-03  1.98960420675576e-03  1.91958295181394e-03
  5.50167057894446e+04  1.35539623443037e-03  1.14388775546104e-03  2.00231629423797e-03  1.95468519814312e-03
  5.50204340485440e+04  1.19283609092236e-03  1.17360393051058e-03  2.60415044613183e-03  1.81331043131649e-03
  5.50241623076471e+04  1.03293452411890e-03  1.20648310985416e-03  2.17972579412162e-03  2.06417520530522e-03
  5.50285986111410e+04  1.61064078565687e-03  1.50616862811148e-03  2.87266913801432e-03  2.55174725316465e-03
  5.50290972229562e+04  1.14755576942116e-03  1.26940512564033e-03  2.00511235743761e-03  1.85053248424083e-03
  5.50328254822777e+04  1.40076910611242e-03  1.15009420551360e-03  1.72454980202019e-03  1.89116620458663e-03
  5.50365537413750e+04  1.39548676088452e-03  1.00394943729043e-03  1.89749523997307e-03  1.96972396224737e-03
  5.50402820006980e+04  1.26967718824744e-03  9.45775478612632e-04  1.96439540013671e-03  1.67498306836933e-03
  5.50440102602305e+04  1.18885538540781e-03  1.09914306085557e-03  2.16985028237104e-03  1.55446061398834e-03
  5.50477385197327e+04  1.33837561588734e-03  1.19337195064873e-03  1.96708086878061e-03  1.84433697722852e-03
  5.50514667792187e+04  1.12631975207478e-03  1.32161367218941e-03  2.08272715099156e-03  1.83180777821690e-03
  5.50551950389156e+04  1.44192681182176e-03  1.30908424034715e-03  1.90219085197896e-03  1.63067213725299e-03
  5.50589232988276e+04  1.04878807906061e-03  1.07710505835712e-03  2.16070422902703e-03  2.11025774478912e-03
  5.50626515587523e+04  1.27274729311466e-03  1.33023690432310e-03  2.18033860437572e-03  1.81979185435921e-03
  5.50663798176920e+04  1.29993213340640e-03  9.76742128841579e-04  2.44451477192342e-03  1.97759107686579e-03
  5.50701080766470e+04  1.24705175403506e-03  1.49023975245655e-03  1.95135234389454e-03  1.45491841249168e-03
  5.50738363355950e+04  1.40821677632630e-03  1.49060273543000e-03  2.10534199140966e-03  2.11355602368712e-03
  5.50775645948959e+04  1.42349640373141e-03  1.09073752537370e-03  2.33696354553103e-03  2.03274260275066e-03
  5.50812928540508e+04  1.24929612502456e-03  9.67804167885333e-04  1.76218734122813e-03  2.14367243461311e-03
  5.50850211138817e+04  1.28871924243867e-03  1.21407897677273e-03  2.05530645325780e-03  2.43923114612699e-03
  5.50887493735035e+04  1.34583516046405e-03  1.24008394777775e-03  1.98326213285327e-03  1.55495770741254e-03
  5.50924776337638e+04  1.23949814587831e-03  1.22761703096330e-03  2.35602492466569e-03  1.76664348691702e-03
  5.50962058933032e+04  1.59853987861425e-03  1.03860907256603e-03  2.31496850028634e-03  1.68935628607869e-03
  5.50999341528705e+04  1.43379624933004e-03  1.49463873822242e-03  1.93830579519272e-03  1.83580035809427e-03
  5.51036624126145e+04  1.51128810830414e-03  1.12717028241605e-03  2.28821905329823e-03  2.30028457008302e-03
  5.51073906731272e+04  1.29505817312747e-03  1.01427442859858e-03  2.17228848487139e-03  1.93589343689382e-03
  5.51111189331238e+04  1.21519214008003e-03  1.17557076737285e-03  2.14265566319227e-03  2.12515564635396e-03
  5.51148471931736e+04  1.03200785815716e-03  1.06809602584690e-03  2.59313290007412e-03  2.00151093304157e-03
  5.51185754533532e+04  1.60691468045115e-03  1.16126751527190e-03  1.88555847853422e-03  1.83165585622191e-03
  5.51223037136285e+04  9.98771633021533e-04  1.24771322589368e-03  1.96607643738389e-03  2.17911298386753e-03
  5.51260319739028e+04  1.31683482322842e-03  1.21113902423531e-03  2.05677584744990e-03  1.97911378927529e-03
  5.51297602341643e+04  1.37955590616912e-03  1.13689433783293e-03  1.91187846940011e-03  1.85300305020064e-03
  5.51334884955901e+04  1.18456163909286e-03  1.17710011545569e-03  2.16377619653940e-03  2.10463046096265e-03
  5.51372167579747e+04  1.29585945978761e-03  1.13987689837813e-03  1.82773079723120e-03  1.80674763396382e-03
  5.51409450204432e+04  1.00828718859702e-03  1.04069872759283e-03  2.24088807590306e-03  1.90400297287852e-03
  5.51446732828184e+04  1.07324321288615e-03  1.08339067082852e-03  2.17978772707283e-03  1.90921884495765e-03
  5.51484015456887e+04  1.00882654078305e-03  1.01254822220653e-03  1.76452053710818e-03  1.96061725728214e-03
  5.51521298083947e+04  1.02263898588717e-03  1.06401857919991e-03  1.85416755266488e-03  1.75067083910108e-03
  5.51558580714838e+04  1.31844577845186e-03  1.36563496198505e-03  1.99721730314195e-03  1.88949017319828e-03
  5.51595863342512e+04  1.18478108197451e-03  1.16487406194210e-03  1.85222621075809e-03  1.64130330085754e-03
  5.51633145972776e+04  1.32725341245532e-03  1.08133046887815e-03  2.09699501283467e-03  1.66579964570701e-03
  5.51670428604861e+04  1.28695694729686e-03  1.12254463601857e-03  2.10435013286769e-03  1.82164204306901e-03
  5.51707711238310e+04  1.34946312755346e-03  1.14396528806537e-03  1.79141177795827e-03  1.68240617495030e-03
  5.51744993868541e+04  1.40495598316193e-03  1.07111048419029e-03  1.90471741370857e-03  1.75771198701113e-03
  5.51782276498889e+04  1.05890922714025e-03  1.21712859254330e-03  2.26755533367395e-03  1.83468451723456e-03
  5.51819559130916e+04  1.35757448151708e-03  1.36710784863681e-03  1.90826226025820e-03  1.82778411544859e-03
  5.51856841759097e+04  1.11063523218036e-03  1.02948024868965e-03  1.72334804665297e-03  1.77760422229767e-03
  5.51894124385429e+04  1.03097129613161e-03  1.26897019799799e-03  1.85770273674279e-03  1.73123728018254e-03
  5.51931407018217e+04  1.18093169294298e-03  1.08062732033432e-03  2.03226972371340e-03  1.80363701656461e-03
  5.51968689648517e+04  1.30254426039755e-03  1.02614657953382e-03  2.19805282540619e-03  1.65965722408146e-03
  5.52005972278437e+04  1.04681996162981e-03  1.16964487824589e-03  2.06249277107418e-03  1.91835942678154e-03
  5.52043254902847e+04  1.31321279332042e-03  1.38611614238471e-03  1.93744734860957e-03  2.06790352240205e-03
  5.52080537529029e+04  1.26497773453593e-03  1.06886017601937e-03  2.03658966347575e-03  1.85873452574015e-03
  5.52117820162513e+04  1.14844820927829e-03  1.01378594990820e-03  1.91048753913492e-03  1.69456528965384e-03
  5.52165520841458e+04  1.64403114467859e-03  1.48345448542386e-03  2.77963303960860e-03  2.50281044282019e-03
  5.52173854169745e+04  1.38220388907939e-03  1.38317281380296e-03  2.10450123995543e-03  1.86161079909652e-03
  5.52211136802780e+04  1.42373738344759e-03  1.18029629811645e-03  2.01607192866504e-03  1.74031488131732e-03
  5.52248419443530e+04  1.49941677227616e-03  1.38281797990203e-03  2.03928980045021e-03  1.89211964607239e-03
  5.52285702079489e+04  1.16291688755155e-03  9.89355379715562e-04  1.89891341142356e-03  1.96373066864908e-03
  5.52322984714722e+04  1.11837463919073e-03  1.20879092719406e-03  2.46820249594748e-03  1.88209849875420e-03
  5.52360267350359e+04  9.32551629375666e-04  1.22331292368472e-03  1.91861181519926e-03  1.87428318895400e-03
  5.52397549987753e+04  1.08185166027397e-03  1.22621888294816e-03  2.36814189702272e-03  1.90652406308800e-03
  5.52434832622663e+04  1.31521676667035e-03  1.20972562581301e-03  2.22517037764192e-03  1.77980843000114e-03
  5.52472115257014e+04  1.63786706980318e-03  1.42037298064679e-03  2.11769528687000e-03  1.99969951063395e-03
  5.52509397893554e+04  1.13189965486526e-03  1.34397530928254e-03  1.95811502635479e-03  1.86925288289785e-03
  5.52546680526262e+04  1.36579072568566e-03  1.20082765351981e-03  2.68115196377039e-03  1.96091667748988e-03
  5.52583963156390e+04  1.14146177656949e-03  1.27194193191826e-03  1.94162852130830e-03  1.98036129586399e-03
  5.52621245789735e+04  1.26794353127480e-03  1.02740118745714e-03  2.49191164039075e-03  1.99005194008350e-03
  5.52658528421239e+04  1.22459977865219e-03  1.05220428667963e-03  2.36897286958992e-03  2.05164379440248e-03
  5.52695811051053e+04  1.25279545318335e-03  1.20204011909664e-03  1.88928039278835e-03  1.99407385662198e-03
  5.52741583337636e+04  2.15303921140730e-03  1.74216693267226e-03  3.47243319265544e-03  3.30788874998689e-03
  5.52742583336516e+04  1.33056123740971e-03  1.06268457602710e-03  2.20134411938488e-03  1.67729577515274e-03
  5.52779865965798e+04  1.67139980476350e-03  1.58595433458686e-03  2.45387875474989e-03  1.63667008746415e-03
  5.52817148594397e+04  1.36101979296654e-03  1.33410200942308e-03  2.19146395102143e-03  1.59489456564188e-03
  5.52854431222662e+04  1.09748425893486e-03  1.28822412807494e-03  1.92446087021381e-03  1.84324930887669e-03
  5.52891713849791e+04  1.32569717243314e-03  1.09388225246221e-03  2.33769975602627e-03  2.20408337190747e-03
  5.52928996473809e+04  1.24949344899505e-03  1.17717345710844e-03  2.50439159572124e-03  1.93459901493043e-03
  5.52966279100417e+04  1.57240370754153e-03  1.11086084507406e-03  2.02466524206102e-03  2.09130952134728e-03
  5.53003561721227e+04  1.30620133131742e-03  1.14263501018286e-03  2.18401267193258e-03  2.14554416015744e-03
  5.53040844337487e+04  1.08526903204620e-03  1.09473522752523e-03  2.24020844325423e-03  2.11501750163734e-03
  5.53078126955326e+04  1.32526247762144e-03  1.14965264219791e-03  2.30729789473116e-03  1.65268243290484e-03
  5.53115409570371e+04  1.04659481439739e-03  1.16817001253366e-03  1.85843126382679e-03  1.57131091691554e-03
  5.53152692188136e+04  1.36206392198801e-03  1.31164956837893e-03  1.72733410727233e-03  1.60533655434847e-03
  5.53189974796643e+04  1.26561895012856e-03  1.25342002138495e-03  1.94265798199922e-03  1.70669192448258e-03
  5.53227257401909e+04  1.29504734650254e-03  1.20135489851236e-03  2.07282137125731e-03  1.76528131123632e-03
  5.53296666673832e+04  1.60879094619304e-03  1.53888971544802e-03  2.90755438618362e-03  2.30055581778288e-03
  5.53303541667384e+04  1.28786289133132e-03  1.21619703713804e-03  1.75579008646309e-03  1.90009863581508e-03
  5.53340824270844e+04  1.36152887716889e-03  1.44220551010221e-03  1.98102160356939e-03  1.79930415470153e-03
  5.53378106864109e+04  1.22601690236479e-03  1.07475079130381e-03  2.01901490800083e-03  1.60407344810665e-03
  5.53415389454630e+04  1.49581709410995e-03  1.44340412225574e-03  2.07021064125001e-03  1.62884674500674e-03
  5.53452672048843e+04  1.26174511387944e-03  1.31251232232898e-03  2.05969926901162e-03  1.61493837367743e-03
  5.53490416671389e+04  1.64762430358678e-03  1.30048650316894e-03  2.63795466162264e-03  2.02623195946217e-03
  5.53505625001794e+04  1.16123619955033e-03  1.10856757964939e-03  2.22859135828912e-03  1.95328961126506e-03
  5.53543750006228e+04  1.35695235803723e-03  1.30040931981057e-03  2.28578434325755e-03  2.22425302490592e-03
  5.53557500005092e+04  1.13118451554328e-03  1.13452936057001e-03  1.88328535296023e-03  1.84791674837470e-03
  5.53594782584873e+04  1.24000676441938e-03  1.18926761206239e-03  1.75119948107749e-03  1.76404486410320e-03
  5.53632065162419e+04  1.18513777852058e-03  1.09634012915194e-03  1.90651707816869e-03  1.91512808669358e-03
  5.53669347743219e+04  1.17539509665221e-03  1.37719407211989e-03  2.05468642525375e-03  1.88850180711597e-03
  5.53706630308182e+04  1.34107063058764e-03  1.24484056141227e-03  1.97504111565650e-03  1.78806984331459e-03
  5.53743912874547e+04  1.18347629904747e-03  1.15985528100282e-03  2.04153987579048e-03  1.70813756994903e-03
  5.53781195438597e+04  1.41742976848036e-03  1.07520876917988e-03  2.23477138206363e-03  2.00451933778822e-03
  5.53818478005637e+04  1.14257365930825e-03  1.20722316205502e-03  1.94362725596875e-03  1.76578713580966e-03
  5.53855760570277e+04  1.35709531605244e-03  1.12400681246072e-03  2.03096470795572e-03  1.77058042027056e-03
  5.53893043136504e+04  1.42882787622511e-03  1.12950929906219e-03  1.88709760550410e-03  1.89756532199681e-03
  5.53930325701100e+04  1.20909383986145e-03  1.21142319403589e-03  1.86310952994972e-03  1.89747614786029e-03
  5.53967608272834e+04  1.34069938212633e-03  1.25273421872407e-03  1.82886119000614e-03  1.91291561350226e-03
  5.54004890837303e+04  1.21226091869175e-03  1.16257893387228e-03  1.99368130415678e-03  1.59519992303103e-03
  5.54042173407055e+04  1.04734255000949e-03  1.21859926730394e-03  1.96778657846153e-03  1.97117822244763e-03
  5.54116738545463e+04  1.24647992197424e-03  7.74453452322632e-04  2.63369572348893e-03  1.42978795338422e-03
