  5.21309998712442e+04  1.00000000000000e+00  1.00000000000000e+00  1.00000000000000e+00  1.00000000000000e+00
  5.21347281046878e+04  1.00000000000000e+00  1.00000000000000e+00  1.00000000000000e+00  1.00000000000000e+00
  5.21384563382441e+04  1.00000000000000e+00  1.00000000000000e+00  1.00000000000000e+00  1.00000000000000e+00
  5.21421845719525e+04  1.00000000000000e+00  1.00000000000000e+00  1.00000000000000e+00  1.00000000000000e+00
  5.21459128054655e+04  1.00000000000000e+00  1.00000000000000e+00  1.00000000000000e+00  1.00000000000000e+00
  5.21496410384886e+04  0.00000000000000e+00  0.00000000000000e+00  0.00000000000000e+00  0.00000000000000e+00
  5.21533692710499e+04  1.00000000000000e+00  1.00000000000000e+00  1.00000000000000e+00  1.00000000000000e+00
  5.21570975034480e+04  1.00000000000000e+00  1.00000000000000e+00  1.00000000000000e+00  1.00000000000000e+00
  5.21608257388101e+04  1.00000000000000e+00  1.00000000000000e+00  1.00000000000000e+00  1.00000000000000e+00
  5.21666250005311e+04  0.00000000000000e+00  0.00000000000000e+00  0.00000000000000e+00  0.00000000000000e+00
  5.21673750004977e+04  1.00000000000000e+00  1.00000000000000e+00  1.00000000000000e+00  1.00000000000000e+00
  5.21711032361123e+04  1.00000000000000e+00  1.00000000000000e+00  1.00000000000000e+00  1.00000000000000e+00
  5.21748314705902e+04  0.00000000000000e+00  0.00000000000000e+00  0.00000000000000e+00  0.00000000000000e+00
  5.21785597052801e+04  1.00000000000000e+00  1.00000000000000e+00  1.00000000000000e+00  1.00000000000000e+00
  5.21822879417800e+04  1.00000000000000e+00  1.00000000000000e+00  1.00000000000000e+00  1.00000000000000e+00
  5.21860161770762e+04  1.00000000000000e+00  1.00000000000000e+00  1.00000000000000e+00  1.00000000000000e+00
  5.21897444126146e+04  1.00000000000000e+00  1.00000000000000e+00  1.00000000000000e+00  1.00000000000000e+00
  5.21934726508287e+04  1.00000000000000e+00  1.00000000000000e+00  1.00000000000000e+00  1.00000000000000e+00
  5.21972008871654e+04  1.00000000000000e+00  1.00000000000000e+00  1.00000000000000e+00  1.00000000000000e+00
  5.22009291248667e+04  1.00000000000000e+00  1.00000000000000e+00  1.00000000000000e+00  1.00000000000000e+00
  5.22046573620418e+04  1.00000000000000e+00  1.00000000000000e+00  1.00000000000000e+00  1.00000000000000e+00
  5.22083856009492e+04  1.00000000000000e+00  1.00000000000000e+00  1.00000000000000e+00  1.00000000000000e+00
  5.22121138397650e+04  1.00000000000000e+00  1.00000000000000e+00  1.00000000000000e+00  1.00000000000000e+00
  5.22186875000291e+04  0.00000000000000e+00  0.00000000000000e+00  0.00000000000000e+00  0.00000000000000e+00
  5.22200000003866e+04  0.00000000000000e+00  0.00000000000000e+00  0.00000000000000e+00  0.00000000000000e+00
  5.22237282384665e+04  1.00000000000000e+00  1.00000000000000e+00  1.00000000000000e+00  1.00000000000000e+00
  5.22274564790914e+04  1.00000000000000e+00  1.00000000000000e+00  1.00000000000000e+00  1.00000000000000e+00
  5.22311847183681e+04  1.00000000000000e+00  1.00000000000000e+00  1.00000000000000e+00  1.00000000000000e+00
  5.22349129592338e+04  0.00000000000000e+00  0.00000000000000e+00  0.00000000000000e+00  0.00000000000000e+00
  5.22386411994585e+04  1.00000000000000e+00  1.00000000000000e+00  1.00000000000000e+00  1.00000000000000e+00
  5.22423694396595e+04  1.00000000000000e+00  1.00000000000000e+00  1.00000000000000e+00  1.00000000000000e+00
  5.22460976815904e+04  1.00000000000000e+00  1.00000000000000e+00  1.00000000000000e+00  1.00000000000000e+00
  5.22498259227721e+04  1.00000000000000e+00  1.00000000000000e+00  1.00000000000000e+00  1.00000000000000e+00
  5.22535541654237e+04  1.00000000000000e+00  1.00000000000000e+00  1.00000000000000e+00  1.00000000000000e+00
  5.22572824069863e+04  1.00000000000000e+00  1.00000000000000e+00  1.00000000000000e+00  1.00000000000000e+00
  5.22610106485685e+04  1.00000000000000e+00  1.00000000000000e+00  1.00000000000000e+00  1.00000000000000e+00
  5.22647388921238e+04  1.00000000000000e+00  1.00000000000000e+00  1.00000000000000e+00  1.00000000000000e+00
  5.22684671344480e+04  1.00000000000000e+00  1.00000000000000e+00  1.00000000000000e+00  1.00000000000000e+00
  5.22721953767513e+04  1.00000000000000e+00  1.00000000000000e+00  1.00000000000000e+00  1.00000000000000e+00
  5.22759236210716e+04  1.00000000000000e+00  1.00000000000000e+00  1.00000000000000e+00  1.00000000000000e+00
  5.22796518640708e+04  1.00000000000000e+00  1.00000000000000e+00  1.00000000000000e+00  1.00000000000000e+00
  5.22833801074191e+04  1.00000000000000e+00  1.00000000000000e+00  1.00000000000000e+00  1.00000000000000e+00
  5.22906250006377e+04  0.00000000000000e+00  0.00000000000000e+00  0.00000000000000e+00  0.00000000000000e+00
  5.22909791668705e+04  1.00000000000000e+00  1.00000000000000e+00  1.00000000000000e+00  1.00000000000000e+00
  5.22947074099965e+04  1.00000000000000e+00  1.00000000000000e+00  1.00000000000000e+00  1.00000000000000e+00
  5.22984356532778e+04  1.00000000000000e+00  1.00000000000000e+00  1.00000000000000e+00  1.00000000000000e+00
  5.23021638964097e+04  1.00000000000000e+00  1.00000000000000e+00  1.00000000000000e+00  1.00000000000000e+00
  5.23058921412292e+04  1.00000000000000e+00  1.00000000000000e+00  1.00000000000000e+00  1.00000000000000e+00
  5.23096203838263e+04  1.00000000000000e+00  1.00000000000000e+00  1.00000000000000e+00  1.00000000000000e+00
  5.23133486272152e+04  1.00000000000000e+00  1.00000000000000e+00  1.00000000000000e+00  1.00000000000000e+00
  5.23170768706330e+04  1.00000000000000e+00  1.00000000000000e+00  1.00000000000000e+00  1.00000000000000e+00
  5.23208051139422e+04  1.00000000000000e+00  1.00000000000000e+00  1.00000000000000e+00  1.00000000000000e+00
  5.23245333573670e+04  1.00000000000000e+00  1.00000000000000e+00  1.00000000000000e+00  1.00000000000000e+00
  5.23310833333993e+04  0.00000000000000e+00  0.00000000000000e+00  0.00000000000000e+00  0.00000000000000e+00
  5.23314319452801e+04  0.00000000000000e+00  0.00000000000000e+00  0.00000000000000e+00  0.00000000000000e+00
  5.23351601865557e+04  1.00000000000000e+00  1.00000000000000e+00  1.00000000000000e+00  1.00000000000000e+00
  5.23388884279237e+04  1.00000000000000e+00  1.00000000000000e+00  1.00000000000000e+00  1.00000000000000e+00
  5.23426166692837e+04  1.00000000000000e+00  1.00000000000000e+00  1.00000000000000e+00  1.00000000000000e+00
  5.23463454437963e+04  1.00000000000000e+00  1.00000000000000e+00  1.00000000000000e+00  1.00000000000000e+00
  5.23500736851830e+04  1.00000000000000e+00  1.00000000000000e+00  1.00000000000000e+00  1.00000000000000e+00
  5.23538019251796e+04  1.00000000000000e+00  1.00000000000000e+00  1.00000000000000e+00  1.00000000000000e+00
  5.23575301658831e+04  1.00000000000000e+00  1.00000000000000e+00  1.00000000000000e+00  1.00000000000000e+00
  5.23612584067327e+04  1.00000000000000e+00  1.00000000000000e+00  1.00000000000000e+00  1.00000000000000e+00
  5.23649866475621e+04  1.00000000000000e+00  1.00000000000000e+00  1.00000000000000e+00  1.00000000000000e+00
  5.23687148867256e+04  1.00000000000000e+00  1.00000000000000e+00  1.00000000000000e+00  1.00000000000000e+00
  5.23724431268555e+04  1.00000000000000e+00  1.00000000000000e+00  1.00000000000000e+00  1.00000000000000e+00
  5.23761713670463e+04  1.00000000000000e+00  1.00000000000000e+00  1.00000000000000e+00  1.00000000000000e+00
  5.23798996071354e+04  1.00000000000000e+00  1.00000000000000e+00  1.00000000000000e+00  1.00000000000000e+00
  5.23836278454978e+04  1.00000000000000e+00  1.00000000000000e+00  1.00000000000000e+00  1.00000000000000e+00
  5.23873560850139e+04  1.00000000000000e+00  1.00000000000000e+00  1.00000000000000e+00  1.00000000000000e+00
  5.23910843245219e+04  1.00000000000000e+00  1.00000000000000e+00  1.00000000000000e+00  1.00000000000000e+00
  5.23948125638634e+04  1.00000000000000e+00  1.00000000000000e+00  1.00000000000000e+00  1.00000000000000e+00
  5.23985408019004e+04  1.00000000000000e+00  1.00000000000000e+00  1.00000000000000e+00  1.00000000000000e+00
  5.24025833334432e+04  0.00000000000000e+00  0.00000000000000e+00  0.00000000000000e+00  0.00000000000000e+00
  5.24030000000625e+04  1.00000000000000e+00  1.00000000000000e+00  1.00000000000000e+00  1.00000000000000e+00
  5.24067282394317e+04  1.00000000000000e+00  1.00000000000000e+00  1.00000000000000e+00  1.00000000000000e+00
  5.24104564765857e+04  1.00000000000000e+00  1.00000000000000e+00  1.00000000000000e+00  1.00000000000000e+00
  5.24141847149456e+04  1.00000000000000e+00  1.00000000000000e+00  1.00000000000000e+00  1.00000000000000e+00
  5.24179129531945e+04  1.00000000000000e+00  1.00000000000000e+00  1.00000000000000e+00  1.00000000000000e+00
  5.24216411914606e+04  1.00000000000000e+00  1.00000000000000e+00  1.00000000000000e+00  1.00000000000000e+00
  5.24253694287349e+04  1.00000000000000e+00  1.00000000000000e+00  1.00000000000000e+00  1.00000000000000e+00
  5.24290976669918e+04  1.00000000000000e+00  1.00000000000000e+00  1.00000000000000e+00  1.00000000000000e+00
  5.24328259041668e+04  1.00000000000000e+00  1.00000000000000e+00  1.00000000000000e+00  1.00000000000000e+00
  5.24365541420325e+04  1.00000000000000e+00  1.00000000000000e+00  1.00000000000000e+00  1.00000000000000e+00
  5.24402823800278e+04  1.00000000000000e+00  1.00000000000000e+00  1.00000000000000e+00  1.00000000000000e+00
  5.24440106186989e+04  1.00000000000000e+00  1.00000000000000e+00  1.00000000000000e+00  1.00000000000000e+00
  5.24477388564212e+04  1.00000000000000e+00  1.00000000000000e+00  1.00000000000000e+00  1.00000000000000e+00
  5.24514670942081e+04  1.00000000000000e+00  1.00000000000000e+00  1.00000000000000e+00  1.00000000000000e+00
  5.24551953321051e+04  1.00000000000000e+00  1.00000000000000e+00  1.00000000000000e+00  1.00000000000000e+00
  5.24589235701482e+04  1.00000000000000e+00  1.00000000000000e+00  1.00000000000000e+00  1.00000000000000e+00
  5.24626518080290e+04  1.00000000000000e+00  1.00000000000000e+00  1.00000000000000e+00  1.00000000000000e+00
  5.24663800463357e+04  1.00000000000000e+00  1.00000000000000e+00  1.00000000000000e+00  1.00000000000000e+00
  5.24701082845033e+04  1.00000000000000e+00  1.00000000000000e+00  1.00000000000000e+00  1.00000000000000e+00
  5.24738365227226e+04  1.00000000000000e+00  1.00000000000000e+00  1.00000000000000e+00  1.00000000000000e+00
  5.24775647610486e+04  1.00000000000000e+00  1.00000000000000e+00  1.00000000000000e+00  1.00000000000000e+00
  5.24812929993751e+04  1.00000000000000e+00  1.00000000000000e+00  1.00000000000000e+00  1.00000000000000e+00
  5.24856222230941e+04  0.00000000000000e+00  0.00000000000000e+00  0.00000000000000e+00  0.00000000000000e+00
  5.24860416675244e+04  1.00000000000000e+00  1.00000000000000e+00  1.00000000000000e+00  1.00000000000000e+00
  5.24897699064444e+04  1.00000000000000e+00  1.00000000000000e+00  1.00000000000000e+00  1.00000000000000e+00
  5.24934981452383e+04  1.00000000000000e+00  1.00000000000000e+00  1.00000000000000e+00  1.00000000000000e+00
  5.24972263845592e+04  1.00000000000000e+00  1.00000000000000e+00  1.00000000000000e+00  1.00000000000000e+00
  5.25009546240938e+04  1.00000000000000e+00  1.00000000000000e+00  1.00000000000000e+00  1.00000000000000e+00
  5.25046828637420e+04  1.00000000000000e+00  1.00000000000000e+00  1.00000000000000e+00  1.00000000000000e+00
  5.25084111030511e+04  1.00000000000000e+00  1.00000000000000e+00  1.00000000000000e+00  1.00000000000000e+00
  5.25121393429733e+04  1.00000000000000e+00  1.00000000000000e+00  1.00000000000000e+00  1.00000000000000e+00
  5.25158675834341e+04  1.00000000000000e+00  1.00000000000000e+00  1.00000000000000e+00  1.00000000000000e+00
  5.25195958241482e+04  1.00000000000000e+00  1.00000000000000e+00  1.00000000000000e+00  1.00000000000000e+00
  5.25233240649617e+04  1.00000000000000e+00  1.00000000000000e+00  1.00000000000000e+00  1.00000000000000e+00
  5.25270523062860e+04  1.00000000000000e+00  1.00000000000000e+00  1.00000000000000e+00  1.00000000000000e+00
  5.25307805478415e+04  1.00000000000000e+00  1.00000000000000e+00  1.00000000000000e+00  1.00000000000000e+00
  5.25345087894956e+04  1.00000000000000e+00  1.00000000000000e+00  1.00000000000000e+00  1.00000000000000e+00
  5.25382370321655e+04  1.00000000000000e+00  1.00000000000000e+00  1.00000000000000e+00  1.00000000000000e+00
  5.25419652742176e+04  1.00000000000000e+00  1.00000000000000e+00  1.00000000000000e+00  1.00000000000000e+00
  5.25456935170960e+04  1.00000000000000e+00  1.00000000000000e+00  1.00000000000000e+00  1.00000000000000e+00
  5.25494217600163e+04  1.00000000000000e+00  1.00000000000000e+00  1.00000000000000e+00  1.00000000000000e+00
  5.25531500037061e+04  1.00000000000000e+00  1.00000000000000e+00  1.00000000000000e+00  1.00000000000000e+00
  5.25568782474317e+04  1.00000000000000e+00  1.00000000000000e+00  1.00000000000000e+00  1.00000000000000e+00
  5.25606064916724e+04  1.00000000000000e+00  1.00000000000000e+00  1.00000000000000e+00  1.00000000000000e+00
  5.25643347360701e+04  1.00000000000000e+00  1.00000000000000e+00  1.00000000000000e+00  1.00000000000000e+00
  5.25680629809515e+04  1.00000000000000e+00  1.00000000000000e+00  1.00000000000000e+00  1.00000000000000e+00
  5.25717912263321e+04  1.00000000000000e+00  1.00000000000000e+00  1.00000000000000e+00  1.00000000000000e+00
  5.25755194716573e+04  1.00000000000000e+00  1.00000000000000e+00  1.00000000000000e+00  1.00000000000000e+00
  5.25792477174966e+04  1.00000000000000e+00  1.00000000000000e+00  1.00000000000000e+00  1.00000000000000e+00
  5.25837534723345e+04  0.00000000000000e+00  0.00000000000000e+00  0.00000000000000e+00  0.00000000000000e+00
  5.25841701397489e+04  0.00000000000000e+00  0.00000000000000e+00  0.00000000000000e+00  0.00000000000000e+00
  5.25878983861064e+04  1.00000000000000e+00  1.00000000000000e+00  1.00000000000000e+00  1.00000000000000e+00
  5.25916266333611e+04  1.00000000000000e+00  1.00000000000000e+00  1.00000000000000e+00  1.00000000000000e+00
  5.25953548807548e+04  1.00000000000000e+00  1.00000000000000e+00  1.00000000000000e+00  1.00000000000000e+00
  5.25990831280567e+04  1.00000000000000e+00  1.00000000000000e+00  1.00000000000000e+00  1.00000000000000e+00
  5.26028113759826e+04  1.00000000000000e+00  1.00000000000000e+00  1.00000000000000e+00  1.00000000000000e+00
  5.26065396240590e+04  1.00000000000000e+00  1.00000000000000e+00  1.00000000000000e+00  1.00000000000000e+00
  5.26102678727603e+04  1.00000000000000e+00  1.00000000000000e+00  1.00000000000000e+00  1.00000000000000e+00
  5.26139961216850e+04  1.00000000000000e+00  1.00000000000000e+00  1.00000000000000e+00  1.00000000000000e+00
  5.26177243702362e+04  1.00000000000000e+00  1.00000000000000e+00  1.00000000000000e+00  1.00000000000000e+00
  5.26214526189282e+04  1.00000000000000e+00  1.00000000000000e+00  1.00000000000000e+00  1.00000000000000e+00
  5.26251808682280e+04  1.00000000000000e+00  1.00000000000000e+00  1.00000000000000e+00  1.00000000000000e+00
  5.26289091173854e+04  1.00000000000000e+00  1.00000000000000e+00  1.00000000000000e+00  1.00000000000000e+00
  5.26326373670115e+04  1.00000000000000e+00  1.00000000000000e+00  1.00000000000000e+00  1.00000000000000e+00
  5.26363656168773e+04  1.00000000000000e+00  1.00000000000000e+00  1.00000000000000e+00  1.00000000000000e+00
  5.26400938668259e+04  1.00000000000000e+00  1.00000000000000e+00  1.00000000000000e+00  1.00000000000000e+00
  5.26438221163124e+04  1.00000000000000e+00  1.00000000000000e+00  1.00000000000000e+00  1.00000000000000e+00
  5.26475503659920e+04  1.00000000000000e+00  1.00000000000000e+00  1.00000000000000e+00  1.00000000000000e+00
  5.26512786158798e+04  1.00000000000000e+00  1.00000000000000e+00  1.00000000000000e+00  1.00000000000000e+00
  5.26550068659445e+04  1.00000000000000e+00  1.00000000000000e+00  1.00000000000000e+00  1.00000000000000e+00
  5.26587351156539e+04  1.00000000000000e+00  1.00000000000000e+00  1.00000000000000e+00  1.00000000000000e+00
  5.26624633655925e+04  1.00000000000000e+00  1.00000000000000e+00  1.00000000000000e+00  1.00000000000000e+00
  5.26661916156413e+04  1.00000000000000e+00  1.00000000000000e+00  1.00000000000000e+00  1.00000000000000e+00
  5.26699198654307e+04  1.00000000000000e+00  1.00000000000000e+00  1.00000000000000e+00  1.00000000000000e+00
  5.26736481151680e+04  1.00000000000000e+00  1.00000000000000e+00  1.00000000000000e+00  1.00000000000000e+00
  5.26773763648982e+04  1.00000000000000e+00  1.00000000000000e+00  1.00000000000000e+00  1.00000000000000e+00
  5.26811046147626e+04  1.00000000000000e+00  1.00000000000000e+00  1.00000000000000e+00  1.00000000000000e+00
  5.26848328644617e+04  1.00000000000000e+00  1.00000000000000e+00  1.00000000000000e+00  1.00000000000000e+00
  5.26885611139423e+04  1.00000000000000e+00  1.00000000000000e+00  1.00000000000000e+00  1.00000000000000e+00
  5.26922893634259e+04  1.00000000000000e+00  1.00000000000000e+00  1.00000000000000e+00  1.00000000000000e+00
  5.26960176121805e+04  1.00000000000000e+00  1.00000000000000e+00  1.00000000000000e+00  1.00000000000000e+00
  5.26997458612754e+04  1.00000000000000e+00  1.00000000000000e+00  1.00000000000000e+00  1.00000000000000e+00
  5.27034741103102e+04  1.00000000000000e+00  1.00000000000000e+00  1.00000000000000e+00  1.00000000000000e+00
  5.27105243062604e+04  0.00000000000000e+00  0.00000000000000e+00  0.00000000000000e+00  0.00000000000000e+00
  5.27109687506251e+04  1.00000000000000e+00  1.00000000000000e+00  1.00000000000000e+00  1.00000000000000e+00
  5.27146969988937e+04  1.00000000000000e+00  1.00000000000000e+00  1.00000000000000e+00  1.00000000000000e+00
  5.27184252469372e+04  1.00000000000000e+00  1.00000000000000e+00  1.00000000000000e+00  1.00000000000000e+00
  5.27221534948681e+04  1.00000000000000e+00  1.00000000000000e+00  1.00000000000000e+00  1.00000000000000e+00
  5.27258817421399e+04  1.00000000000000e+00  1.00000000000000e+00  1.00000000000000e+00  1.00000000000000e+00
  5.27296099896597e+04  1.00000000000000e+00  1.00000000000000e+00  1.00000000000000e+00  1.00000000000000e+00
  5.27333382370183e+04  1.00000000000000e+00  1.00000000000000e+00  1.00000000000000e+00  1.00000000000000e+00
  5.27370664842964e+04  1.00000000000000e+00  1.00000000000000e+00  1.00000000000000e+00  1.00000000000000e+00
  5.27407947308785e+04  1.00000000000000e+00  1.00000000000000e+00  1.00000000000000e+00  1.00000000000000e+00
  5.27445229778971e+04  1.00000000000000e+00  1.00000000000000e+00  1.00000000000000e+00  1.00000000000000e+00
  5.27482512241632e+04  1.00000000000000e+00  1.00000000000000e+00  1.00000000000000e+00  1.00000000000000e+00
  5.27519794701100e+04  1.00000000000000e+00  1.00000000000000e+00  1.00000000000000e+00  1.00000000000000e+00
  5.27557077160625e+04  1.00000000000000e+00  1.00000000000000e+00  1.00000000000000e+00  1.00000000000000e+00
  5.27594359619791e+04  1.00000000000000e+00  1.00000000000000e+00  1.00000000000000e+00  1.00000000000000e+00
  5.27631642074339e+04  1.00000000000000e+00  1.00000000000000e+00  1.00000000000000e+00  1.00000000000000e+00
  5.27668924532698e+04  1.00000000000000e+00  1.00000000000000e+00  1.00000000000000e+00  1.00000000000000e+00
  5.27706206984282e+04  1.00000000000000e+00  1.00000000000000e+00  1.00000000000000e+00  1.00000000000000e+00
  5.27743489435764e+04  1.00000000000000e+00  1.00000000000000e+00  1.00000000000000e+00  1.00000000000000e+00
  5.27780771884849e+04  1.00000000000000e+00  1.00000000000000e+00  1.00000000000000e+00  1.00000000000000e+00
  5.27842805563626e+04  0.00000000000000e+00  0.00000000000000e+00  0.00000000000000e+00  0.00000000000000e+00
  5.27844027786088e+04  1.00000000000000e+00  1.00000000000000e+00  1.00000000000000e+00  1.00000000000000e+00
  5.27881310232478e+04  1.00000000000000e+00  1.00000000000000e+00  1.00000000000000e+00  1.00000000000000e+00
  5.27918592680822e+04  1.00000000000000e+00  1.00000000000000e+00  1.00000000000000e+00  1.00000000000000e+00
  5.27955875126842e+04  1.00000000000000e+00  1.00000000000000e+00  1.00000000000000e+00  1.00000000000000e+00
  5.27993157572732e+04  1.00000000000000e+00  1.00000000000000e+00  1.00000000000000e+00  1.00000000000000e+00
  5.28030440014165e+04  1.00000000000000e+00  1.00000000000000e+00  1.00000000000000e+00  1.00000000000000e+00
  5.28067722459874e+04  1.00000000000000e+00  1.00000000000000e+00  1.00000000000000e+00  1.00000000000000e+00
  5.28105004902533e+04  1.00000000000000e+00  1.00000000000000e+00  1.00000000000000e+00  1.00000000000000e+00
  5.28142287348231e+04  1.00000000000000e+00  1.00000000000000e+00  1.00000000000000e+00  1.00000000000000e+00
  5.28179569794535e+04  1.00000000000000e+00  1.00000000000000e+00  1.00000000000000e+00  1.00000000000000e+00
  5.28216852238264e+04  1.00000000000000e+00  1.00000000000000e+00  1.00000000000000e+00  1.00000000000000e+00
  5.28254134681968e+04  1.00000000000000e+00  1.00000000000000e+00  1.00000000000000e+00  1.00000000000000e+00
  5.28291417126077e+04  1.00000000000000e+00  1.00000000000000e+00  1.00000000000000e+00  1.00000000000000e+00
  5.28328699572778e+04  1.00000000000000e+00  1.00000000000000e+00  1.00000000000000e+00  1.00000000000000e+00
  5.28365982017326e+04  1.00000000000000e+00  1.00000000000000e+00  1.00000000000000e+00  1.00000000000000e+00
  5.28403264464155e+04  1.00000000000000e+00  1.00000000000000e+00  1.00000000000000e+00  1.00000000000000e+00
  5.28440546913483e+04  1.00000000000000e+00  1.00000000000000e+00  1.00000000000000e+00  1.00000000000000e+00
  5.28477829362940e+04  1.00000000000000e+00  1.00000000000000e+00  1.00000000000000e+00  1.00000000000000e+00
  5.28515111814664e+04  1.00000000000000e+00  1.00000000000000e+00  1.00000000000000e+00  1.00000000000000e+00
  5.28552394266678e+04  1.00000000000000e+00  1.00000000000000e+00  1.00000000000000e+00  1.00000000000000e+00
  5.28616458338831e+04  0.00000000000000e+00  0.00000000000000e+00  0.00000000000000e+00  0.00000000000000e+00
  5.28640500002661e+04  0.00000000000000e+00  0.00000000000000e+00  0.00000000000000e+00  0.00000000000000e+00
  5.28677782463252e+04  1.00000000000000e+00  1.00000000000000e+00  1.00000000000000e+00  1.00000000000000e+00
  5.28715064921828e+04  1.00000000000000e+00  1.00000000000000e+00  1.00000000000000e+00  1.00000000000000e+00
  5.28752347380728e+04  1.00000000000000e+00  1.00000000000000e+00  1.00000000000000e+00  1.00000000000000e+00
  5.28789629845798e+04  1.00000000000000e+00  1.00000000000000e+00  1.00000000000000e+00  1.00000000000000e+00
  5.28826912314675e+04  1.00000000000000e+00  1.00000000000000e+00  1.00000000000000e+00  1.00000000000000e+00
  5.28864194783946e+04  1.00000000000000e+00  1.00000000000000e+00  1.00000000000000e+00  1.00000000000000e+00
  5.28901477258496e+04  1.00000000000000e+00  1.00000000000000e+00  1.00000000000000e+00  1.00000000000000e+00
  5.28938759731133e+04  1.00000000000000e+00  1.00000000000000e+00  1.00000000000000e+00  1.00000000000000e+00
  5.28976042206586e+04  1.00000000000000e+00  1.00000000000000e+00  1.00000000000000e+00  1.00000000000000e+00
  5.29013324691480e+04  1.00000000000000e+00  1.00000000000000e+00  1.00000000000000e+00  1.00000000000000e+00
  5.29050607172223e+04  1.00000000000000e+00  1.00000000000000e+00  1.00000000000000e+00  1.00000000000000e+00
  5.29087889662813e+04  1.00000000000000e+00  1.00000000000000e+00  1.00000000000000e+00  1.00000000000000e+00
  5.29125172149849e+04  1.00000000000000e+00  1.00000000000000e+00  1.00000000000000e+00  1.00000000000000e+00
  5.29162454641355e+04  1.00000000000000e+00  1.00000000000000e+00  1.00000000000000e+00  1.00000000000000e+00
  5.29199737135832e+04  1.00000000000000e+00  1.00000000000000e+00  1.00000000000000e+00  1.00000000000000e+00
  5.29237019635197e+04  1.00000000000000e+00  1.00000000000000e+00  1.00000000000000e+00  1.00000000000000e+00
  5.29274302138241e+04  1.00000000000000e+00  1.00000000000000e+00  1.00000000000000e+00  1.00000000000000e+00
  5.29311584640753e+04  1.00000000000000e+00  1.00000000000000e+00  1.00000000000000e+00  1.00000000000000e+00
  5.29348867147976e+04  1.00000000000000e+00  1.00000000000000e+00  1.00000000000000e+00  1.00000000000000e+00
  5.29409479171836e+04  0.00000000000000e+00  0.00000000000000e+00  0.00000000000000e+00  0.00000000000000e+00
  5.29411805560647e+04  0.00000000000000e+00  0.00000000000000e+00  0.00000000000000e+00  0.00000000000000e+00
  5.29449088066563e+04  1.00000000000000e+00  1.00000000000000e+00  1.00000000000000e+00  1.00000000000000e+00
  5.29486370585787e+04  1.00000000000000e+00  1.00000000000000e+00  1.00000000000000e+00  1.00000000000000e+00
  5.29555659730705e+04  0.00000000000000e+00  0.00000000000000e+00  0.00000000000000e+00  0.00000000000000e+00
  5.29560000001954e+04  1.00000000000000e+00  1.00000000000000e+00  1.00000000000000e+00  1.00000000000000e+00
  5.29597282524491e+04  1.00000000000000e+00  1.00000000000000e+00  1.00000000000000e+00  1.00000000000000e+00
  5.29634565048934e+04  1.00000000000000e+00  1.00000000000000e+00  1.00000000000000e+00  1.00000000000000e+00
  5.29671847584781e+04  1.00000000000000e+00  1.00000000000000e+00  1.00000000000000e+00  1.00000000000000e+00
  5.29709130114583e+04  1.00000000000000e+00  1.00000000000000e+00  1.00000000000000e+00  1.00000000000000e+00
  5.29746412646610e+04  1.00000000000000e+00  1.00000000000000e+00  1.00000000000000e+00  1.00000000000000e+00
  5.29783695185116e+04  1.00000000000000e+00  1.00000000000000e+00  1.00000000000000e+00  1.00000000000000e+00
  5.29820977723612e+04  1.00000000000000e+00  1.00000000000000e+00  1.00000000000000e+00  1.00000000000000e+00
  5.29858260261875e+04  1.00000000000000e+00  1.00000000000000e+00  1.00000000000000e+00  1.00000000000000e+00
  5.29895542800278e+04  1.00000000000000e+00  1.00000000000000e+00  1.00000000000000e+00  1.00000000000000e+00
  5.29932825340949e+04  1.00000000000000e+00  1.00000000000000e+00  1.00000000000000e+00  1.00000000000000e+00
  5.29970107881642e+04  1.00000000000000e+00  1.00000000000000e+00  1.00000000000000e+00  1.00000000000000e+00
  5.30007390422385e+04  1.00000000000000e+00  1.00000000000000e+00  1.00000000000000e+00  1.00000000000000e+00
  5.30044672972860e+04  1.00000000000000e+00  1.00000000000000e+00  1.00000000000000e+00  1.00000000000000e+00
  5.30081955519584e+04  1.00000000000000e+00  1.00000000000000e+00  1.00000000000000e+00  1.00000000000000e+00
  5.30119238060950e+04  1.00000000000000e+00  1.00000000000000e+00  1.00000000000000e+00  1.00000000000000e+00
  5.30156520601888e+04  1.00000000000000e+00  1.00000000000000e+00  1.00000000000000e+00  1.00000000000000e+00
  5.30193803158125e+04  1.00000000000000e+00  1.00000000000000e+00  1.00000000000000e+00  1.00000000000000e+00
  5.30231085701992e+04  1.00000000000000e+00  1.00000000000000e+00  1.00000000000000e+00  1.00000000000000e+00
  5.30268368250626e+04  1.00000000000000e+00  1.00000000000000e+00  1.00000000000000e+00  1.00000000000000e+00
  5.30305650798239e+04  1.00000000000000e+00  1.00000000000000e+00  1.00000000000000e+00  1.00000000000000e+00
  5.30342933339490e+04  1.00000000000000e+00  1.00000000000000e+00  1.00000000000000e+00  1.00000000000000e+00
  5.30380215883969e+04  1.00000000000000e+00  1.00000000000000e+00  1.00000000000000e+00  1.00000000000000e+00
  5.30417498428670e+04  1.00000000000000e+00  1.00000000000000e+00  1.00000000000000e+00  1.00000000000000e+00
  5.30454780969527e+04  1.00000000000000e+00  1.00000000000000e+00  1.00000000000000e+00  1.00000000000000e+00
  5.30492063511874e+04  1.00000000000000e+00  1.00000000000000e+00  1.00000000000000e+00  1.00000000000000e+00
  5.30529346052096e+04  1.00000000000000e+00  1.00000000000000e+00  1.00000000000000e+00  1.00000000000000e+00
  5.30566628592582e+04  1.00000000000000e+00  1.00000000000000e+00  1.00000000000000e+00  1.00000000000000e+00
  5.30603911132177e+04  1.00000000000000e+00  1.00000000000000e+00  1.00000000000000e+00  1.00000000000000e+00
  5.30641193666887e+04  1.00000000000000e+00  1.00000000000000e+00  1.00000000000000e+00  1.00000000000000e+00
  5.30678476201424e+04  1.00000000000000e+00  1.00000000000000e+00  1.00000000000000e+00  1.00000000000000e+00
  5.30735833336862e+04  0.00000000000000e+00  0.00000000000000e+00  0.00000000000000e+00  0.00000000000000e+00
  5.30740416674825e+04  0.00000000000000e+00  0.00000000000000e+00  0.00000000000000e+00  0.00000000000000e+00
  5.30777699204342e+04  1.00000000000000e+00  1.00000000000000e+00  1.00000000000000e+00  1.00000000000000e+00
  5.30814981732038e+04  1.00000000000000e+00  1.00000000000000e+00  1.00000000000000e+00  1.00000000000000e+00
  5.30852264257881e+04  1.00000000000000e+00  1.00000000000000e+00  1.00000000000000e+00  1.00000000000000e+00
  5.30889546781944e+04  1.00000000000000e+00  1.00000000000000e+00  1.00000000000000e+00  1.00000000000000e+00
  5.30926829303149e+04  1.00000000000000e+00  1.00000000000000e+00  1.00000000000000e+00  1.00000000000000e+00
  5.30964111821632e+04  1.00000000000000e+00  1.00000000000000e+00  1.00000000000000e+00  1.00000000000000e+00
  5.31001394339606e+04  1.00000000000000e+00  1.00000000000000e+00  1.00000000000000e+00  1.00000000000000e+00
  5.31038676855476e+04  1.00000000000000e+00  1.00000000000000e+00  1.00000000000000e+00  1.00000000000000e+00
  5.31075959368911e+04  1.00000000000000e+00  1.00000000000000e+00  1.00000000000000e+00  1.00000000000000e+00
  5.31113241879792e+04  1.00000000000000e+00  1.00000000000000e+00  1.00000000000000e+00  1.00000000000000e+00
  5.31150524390521e+04  1.00000000000000e+00  1.00000000000000e+00  1.00000000000000e+00  1.00000000000000e+00
  5.31187806896215e+04  1.00000000000000e+00  1.00000000000000e+00  1.00000000000000e+00  1.00000000000000e+00
  5.31225089401666e+04  1.00000000000000e+00  1.00000000000000e+00  1.00000000000000e+00  1.00000000000000e+00
  5.31262371905185e+04  1.00000000000000e+00  1.00000000000000e+00  1.00000000000000e+00  1.00000000000000e+00
  5.31299654406287e+04  1.00000000000000e+00  1.00000000000000e+00  1.00000000000000e+00  1.00000000000000e+00
  5.31336936906748e+04  1.00000000000000e+00  1.00000000000000e+00  1.00000000000000e+00  1.00000000000000e+00
  5.31374219404953e+04  1.00000000000000e+00  1.00000000000000e+00  1.00000000000000e+00  1.00000000000000e+00
  5.31411501902940e+04  1.00000000000000e+00  1.00000000000000e+00  1.00000000000000e+00  1.00000000000000e+00
  5.31448784398067e+04  1.00000000000000e+00  1.00000000000000e+00  1.00000000000000e+00  1.00000000000000e+00
  5.31486066891490e+04  1.00000000000000e+00  1.00000000000000e+00  1.00000000000000e+00  1.00000000000000e+00
  5.31523349383370e+04  1.00000000000000e+00  1.00000000000000e+00  1.00000000000000e+00  1.00000000000000e+00
  5.31560631873703e+04  1.00000000000000e+00  1.00000000000000e+00  1.00000000000000e+00  1.00000000000000e+00
  5.31597914366550e+04  1.00000000000000e+00  1.00000000000000e+00  1.00000000000000e+00  1.00000000000000e+00
  5.31635196856539e+04  1.00000000000000e+00  1.00000000000000e+00  1.00000000000000e+00  1.00000000000000e+00
  5.31672479344388e+04  1.00000000000000e+00  1.00000000000000e+00  1.00000000000000e+00  1.00000000000000e+00
  5.31709761834558e+04  1.00000000000000e+00  1.00000000000000e+00  1.00000000000000e+00  1.00000000000000e+00
  5.31747044321760e+04  1.00000000000000e+00  1.00000000000000e+00  1.00000000000000e+00  1.00000000000000e+00
  5.31784326807640e+04  1.00000000000000e+00  1.00000000000000e+00  1.00000000000000e+00  1.00000000000000e+00
  5.31821609295498e+04  1.00000000000000e+00  1.00000000000000e+00  1.00000000000000e+00  1.00000000000000e+00
  5.31858891783391e+04  1.00000000000000e+00  1.00000000000000e+00  1.00000000000000e+00  1.00000000000000e+00
  5.31896174271562e+04  1.00000000000000e+00  1.00000000000000e+00  1.00000000000000e+00  1.00000000000000e+00
  5.31933456757698e+04  1.00000000000000e+00  1.00000000000000e+00  1.00000000000000e+00  1.00000000000000e+00
  5.31970739246239e+04  1.00000000000000e+00  1.00000000000000e+00  1.00000000000000e+00  1.00000000000000e+00
  5.32008021734918e+04  1.00000000000000e+00  1.00000000000000e+00  1.00000000000000e+00  1.00000000000000e+00
  5.32045304223505e+04  1.00000000000000e+00  1.00000000000000e+00  1.00000000000000e+00  1.00000000000000e+00
  5.32082586714005e+04  1.00000000000000e+00  1.00000000000000e+00  1.00000000000000e+00  1.00000000000000e+00
  5.32119869204560e+04  1.00000000000000e+00  1.00000000000000e+00  1.00000000000000e+00  1.00000000000000e+00
  5.32157151695902e+04  1.00000000000000e+00  1.00000000000000e+00  1.00000000000000e+00  1.00000000000000e+00
  5.32194434188716e+04  1.00000000000000e+00  1.00000000000000e+00  1.00000000000000e+00  1.00000000000000e+00
  5.32231716684723e+04  1.00000000000000e+00  1.00000000000000e+00  1.00000000000000e+00  1.00000000000000e+00
  5.32286736116699e+04  0.00000000000000e+00  0.00000000000000e+00  0.00000000000000e+00  0.00000000000000e+00
  5.32291250003379e+04  1.00000000000000e+00  1.00000000000000e+00  1.00000000000000e+00  1.00000000000000e+00
  5.32328532502396e+04  1.00000000000000e+00  1.00000000000000e+00  1.00000000000000e+00  1.00000000000000e+00
  5.32365815001758e+04  1.00000000000000e+00  1.00000000000000e+00  1.00000000000000e+00  1.00000000000000e+00
  5.32403097506088e+04  1.00000000000000e+00  1.00000000000000e+00  1.00000000000000e+00  1.00000000000000e+00
  5.32440380010682e+04  1.00000000000000e+00  1.00000000000000e+00  1.00000000000000e+00  1.00000000000000e+00
  5.32477662517027e+04  1.00000000000000e+00  1.00000000000000e+00  1.00000000000000e+00  1.00000000000000e+00
  5.32514945024617e+04  1.00000000000000e+00  1.00000000000000e+00  1.00000000000000e+00  1.00000000000000e+00
  5.32552227537235e+04  1.00000000000000e+00  1.00000000000000e+00  1.00000000000000e+00  1.00000000000000e+00
  5.32589510054641e+04  1.00000000000000e+00  1.00000000000000e+00  1.00000000000000e+00  1.00000000000000e+00
  5.32626792569897e+04  1.00000000000000e+00  1.00000000000000e+00  1.00000000000000e+00  1.00000000000000e+00
  5.32664075090480e+04  1.00000000000000e+00  1.00000000000000e+00  1.00000000000000e+00  1.00000000000000e+00
  5.32701357613761e+04  1.00000000000000e+00  1.00000000000000e+00  1.00000000000000e+00  1.00000000000000e+00
  5.32738640139167e+04  1.00000000000000e+00  1.00000000000000e+00  1.00000000000000e+00  1.00000000000000e+00
  5.32775922665150e+04  1.00000000000000e+00  1.00000000000000e+00  1.00000000000000e+00  1.00000000000000e+00
  5.32813205195242e+04  1.00000000000000e+00  1.00000000000000e+00  1.00000000000000e+00  1.00000000000000e+00
  5.32850487732105e+04  1.00000000000000e+00  1.00000000000000e+00  1.00000000000000e+00  1.00000000000000e+00
  5.32887770266712e+04  1.00000000000000e+00  1.00000000000000e+00  1.00000000000000e+00  1.00000000000000e+00
  5.32925052804318e+04  1.00000000000000e+00  1.00000000000000e+00  1.00000000000000e+00  1.00000000000000e+00
  5.32962335345718e+04  1.00000000000000e+00  1.00000000000000e+00  1.00000000000000e+00  1.00000000000000e+00
  5.32999617889364e+04  1.00000000000000e+00  1.00000000000000e+00  1.00000000000000e+00  1.00000000000000e+00
  5.33036900434559e+04  1.00000000000000e+00  1.00000000000000e+00  1.00000000000000e+00  1.00000000000000e+00
  5.33074182985150e+04  1.00000000000000e+00  1.00000000000000e+00  1.00000000000000e+00  1.00000000000000e+00
  5.33111465534446e+04  1.00000000000000e+00  1.00000000000000e+00  1.00000000000000e+00  1.00000000000000e+00
  5.33148748087452e+04  1.00000000000000e+00  1.00000000000000e+00  1.00000000000000e+00  1.00000000000000e+00
  5.33186030641238e+04  1.00000000000000e+00  1.00000000000000e+00  1.00000000000000e+00  1.00000000000000e+00
  5.33223313200497e+04  1.00000000000000e+00  1.00000000000000e+00  1.00000000000000e+00  1.00000000000000e+00
  5.33260595760338e+04  1.00000000000000e+00  1.00000000000000e+00  1.00000000000000e+00  1.00000000000000e+00
  5.33297878323425e+04  1.00000000000000e+00  1.00000000000000e+00  1.00000000000000e+00  1.00000000000000e+00
  5.33335160885869e+04  1.00000000000000e+00  1.00000000000000e+00  1.00000000000000e+00  1.00000000000000e+00
  5.33372443450126e+04  1.00000000000000e+00  1.00000000000000e+00  1.00000000000000e+00  1.00000000000000e+00
  5.33409726018645e+04  1.00000000000000e+00  1.00000000000000e+00  1.00000000000000e+00  1.00000000000000e+00
  5.33447008610602e+04  1.00000000000000e+00  1.00000000000000e+00  1.00000000000000e+00  1.00000000000000e+00
  5.33484291157964e+04  1.00000000000000e+00  1.00000000000000e+00  1.00000000000000e+00  1.00000000000000e+00
  5.33537361112801e+04  0.00000000000000e+00  0.00000000000000e+00  0.00000000000000e+00  0.00000000000000e+00
  5.33541875008611e+04  1.00000000000000e+00  1.00000000000000e+00  1.00000000000000e+00  1.00000000000000e+00
  5.33579157581066e+04  1.00000000000000e+00  1.00000000000000e+00  1.00000000000000e+00  1.00000000000000e+00
  5.33616440155917e+04  1.00000000000000e+00  1.00000000000000e+00  1.00000000000000e+00  1.00000000000000e+00
  5.33653722730522e+04  1.00000000000000e+00  1.00000000000000e+00  1.00000000000000e+00  1.00000000000000e+00
  5.33691005307383e+04  1.00000000000000e+00  1.00000000000000e+00  1.00000000000000e+00  1.00000000000000e+00
  5.33728287884026e+04  1.00000000000000e+00  1.00000000000000e+00  1.00000000000000e+00  1.00000000000000e+00
  5.33765570458911e+04  1.00000000000000e+00  1.00000000000000e+00  1.00000000000000e+00  1.00000000000000e+00
  5.33802853036271e+04  1.00000000000000e+00  1.00000000000000e+00  1.00000000000000e+00  1.00000000000000e+00
  5.33840135613936e+04  1.00000000000000e+00  1.00000000000000e+00  1.00000000000000e+00  1.00000000000000e+00
  5.33902500004677e+04  0.00000000000000e+00  0.00000000000000e+00  0.00000000000000e+00  0.00000000000000e+00
  5.33918333339862e+04  1.00000000000000e+00  1.00000000000000e+00  1.00000000000000e+00  1.00000000000000e+00
  5.33955615912790e+04  1.00000000000000e+00  1.00000000000000e+00  1.00000000000000e+00  1.00000000000000e+00
  5.33992898490624e+04  1.00000000000000e+00  1.00000000000000e+00  1.00000000000000e+00  1.00000000000000e+00
  5.34030181064073e+04  1.00000000000000e+00  1.00000000000000e+00  1.00000000000000e+00  1.00000000000000e+00
  5.34067463639779e+04  1.00000000000000e+00  1.00000000000000e+00  1.00000000000000e+00  1.00000000000000e+00
  5.34104746212986e+04  1.00000000000000e+00  1.00000000000000e+00  1.00000000000000e+00  1.00000000000000e+00
  5.34142028783496e+04  1.00000000000000e+00  1.00000000000000e+00  1.00000000000000e+00  1.00000000000000e+00
  5.34188750008530e+04  0.00000000000000e+00  0.00000000000000e+00  0.00000000000000e+00  0.00000000000000e+00
  5.34230000006620e+04  0.00000000000000e+00  0.00000000000000e+00  0.00000000000000e+00  0.00000000000000e+00
  5.34267282574816e+04  1.00000000000000e+00  1.00000000000000e+00  1.00000000000000e+00  1.00000000000000e+00
  5.34304565139700e+04  1.00000000000000e+00  1.00000000000000e+00  1.00000000000000e+00  1.00000000000000e+00
  5.34341847701841e+04  1.00000000000000e+00  1.00000000000000e+00  1.00000000000000e+00  1.00000000000000e+00
  5.34379130270432e+04  1.00000000000000e+00  1.00000000000000e+00  1.00000000000000e+00  1.00000000000000e+00
  5.34416412829663e+04  1.00000000000000e+00  1.00000000000000e+00  1.00000000000000e+00  1.00000000000000e+00
  5.34453695389238e+04  1.00000000000000e+00  1.00000000000000e+00  1.00000000000000e+00  1.00000000000000e+00
  5.34490977949098e+04  1.00000000000000e+00  1.00000000000000e+00  1.00000000000000e+00  1.00000000000000e+00
  5.34528260504605e+04  1.00000000000000e+00  1.00000000000000e+00  1.00000000000000e+00  1.00000000000000e+00
  5.34565543060394e+04  1.00000000000000e+00  1.00000000000000e+00  1.00000000000000e+00  1.00000000000000e+00
  5.34602825612835e+04  1.00000000000000e+00  1.00000000000000e+00  1.00000000000000e+00  1.00000000000000e+00
  5.34644375008820e+04  0.00000000000000e+00  0.00000000000000e+00  0.00000000000000e+00  0.00000000000000e+00
  5.34648958333970e+04  1.00000000000000e+00  1.00000000000000e+00  1.00000000000000e+00  1.00000000000000e+00
  5.34686240880811e+04  1.00000000000000e+00  1.00000000000000e+00  1.00000000000000e+00  1.00000000000000e+00
  5.34723523427363e+04  1.00000000000000e+00  1.00000000000000e+00  1.00000000000000e+00  1.00000000000000e+00
  5.34760805971214e+04  1.00000000000000e+00  1.00000000000000e+00  1.00000000000000e+00  1.00000000000000e+00
  5.34798088513104e+04  1.00000000000000e+00  1.00000000000000e+00  1.00000000000000e+00  1.00000000000000e+00
  5.34835371053010e+04  1.00000000000000e+00  1.00000000000000e+00  1.00000000000000e+00  1.00000000000000e+00
  5.34872653592082e+04  1.00000000000000e+00  1.00000000000000e+00  1.00000000000000e+00  1.00000000000000e+00
  5.34909936126818e+04  1.00000000000000e+00  1.00000000000000e+00  1.00000000000000e+00  1.00000000000000e+00
  5.34947218659167e+04  1.00000000000000e+00  1.00000000000000e+00  1.00000000000000e+00  1.00000000000000e+00
  5.34984501191377e+04  1.00000000000000e+00  1.00000000000000e+00  1.00000000000000e+00  1.00000000000000e+00
  5.35021783721261e+04  0.00000000000000e+00  0.00000000000000e+00  0.00000000000000e+00  0.00000000000000e+00
  5.35059066253402e+04  1.00000000000000e+00  1.00000000000000e+00  1.00000000000000e+00  1.00000000000000e+00
  5.35096348783276e+04  1.00000000000000e+00  1.00000000000000e+00  1.00000000000000e+00  1.00000000000000e+00
  5.35133631308783e+04  1.00000000000000e+00  1.00000000000000e+00  1.00000000000000e+00  1.00000000000000e+00
  5.35170913834049e+04  1.00000000000000e+00  1.00000000000000e+00  1.00000000000000e+00  1.00000000000000e+00
  5.35208196359110e+04  1.00000000000000e+00  1.00000000000000e+00  1.00000000000000e+00  1.00000000000000e+00
  5.35256479170070e+04  0.00000000000000e+00  0.00000000000000e+00  0.00000000000000e+00  0.00000000000000e+00
  5.35257479173611e+04  1.00000000000000e+00  1.00000000000000e+00  1.00000000000000e+00  1.00000000000000e+00
  5.35294761694901e+04  1.00000000000000e+00  1.00000000000000e+00  1.00000000000000e+00  1.00000000000000e+00
  5.35332044216494e+04  1.00000000000000e+00  1.00000000000000e+00  1.00000000000000e+00  1.00000000000000e+00
  5.35369326736619e+04  1.00000000000000e+00  1.00000000000000e+00  1.00000000000000e+00  1.00000000000000e+00
  5.35406609259143e+04  1.00000000000000e+00  1.00000000000000e+00  1.00000000000000e+00  1.00000000000000e+00
  5.35443891779444e+04  1.00000000000000e+00  1.00000000000000e+00  1.00000000000000e+00  1.00000000000000e+00
  5.35481174301690e+04  1.00000000000000e+00  1.00000000000000e+00  1.00000000000000e+00  1.00000000000000e+00
  5.35518456822118e+04  1.00000000000000e+00  1.00000000000000e+00  1.00000000000000e+00  1.00000000000000e+00
  5.35555739342672e+04  1.00000000000000e+00  1.00000000000000e+00  1.00000000000000e+00  1.00000000000000e+00
  5.35593021863888e+04  1.00000000000000e+00  1.00000000000000e+00  1.00000000000000e+00  1.00000000000000e+00
  5.35630304384307e+04  1.00000000000000e+00  1.00000000000000e+00  1.00000000000000e+00  1.00000000000000e+00
  5.35667586907119e+04  1.00000000000000e+00  1.00000000000000e+00  1.00000000000000e+00  1.00000000000000e+00
  5.35704869427698e+04  1.00000000000000e+00  1.00000000000000e+00  1.00000000000000e+00  1.00000000000000e+00
  5.35742151950416e+04  1.00000000000000e+00  1.00000000000000e+00  1.00000000000000e+00  1.00000000000000e+00
  5.35785694449122e+04  0.00000000000000e+00  0.00000000000000e+00  0.00000000000000e+00  0.00000000000000e+00
  5.35790277779273e+04  1.00000000000000e+00  1.00000000000000e+00  1.00000000000000e+00  1.00000000000000e+00
  5.35827560304305e+04  1.00000000000000e+00  1.00000000000000e+00  1.00000000000000e+00  1.00000000000000e+00
  5.35864842830346e+04  1.00000000000000e+00  1.00000000000000e+00  1.00000000000000e+00  1.00000000000000e+00
  5.35902125356563e+04  1.00000000000000e+00  1.00000000000000e+00  1.00000000000000e+00  1.00000000000000e+00
  5.35939407887487e+04  1.00000000000000e+00  1.00000000000000e+00  1.00000000000000e+00  1.00000000000000e+00
  5.35976690418464e+04  1.00000000000000e+00  1.00000000000000e+00  1.00000000000000e+00  1.00000000000000e+00
  5.36013972947222e+04  1.00000000000000e+00  1.00000000000000e+00  1.00000000000000e+00  1.00000000000000e+00
  5.36051255485359e+04  1.00000000000000e+00  1.00000000000000e+00  1.00000000000000e+00  1.00000000000000e+00
  5.36088538018994e+04  1.00000000000000e+00  1.00000000000000e+00  1.00000000000000e+00  1.00000000000000e+00
  5.36125820562151e+04  1.00000000000000e+00  1.00000000000000e+00  1.00000000000000e+00  1.00000000000000e+00
  5.36163103101563e+04  1.00000000000000e+00  1.00000000000000e+00  1.00000000000000e+00  1.00000000000000e+00
  5.36200385643310e+04  1.00000000000000e+00  1.00000000000000e+00  1.00000000000000e+00  1.00000000000000e+00
  5.36237668185161e+04  1.00000000000000e+00  1.00000000000000e+00  1.00000000000000e+00  1.00000000000000e+00
  5.36274950736434e+04  1.00000000000000e+00  1.00000000000000e+00  1.00000000000000e+00  1.00000000000000e+00
  5.36312233285592e+04  1.00000000000000e+00  1.00000000000000e+00  1.00000000000000e+00  1.00000000000000e+00
  5.36349515839292e+04  1.00000000000000e+00  1.00000000000000e+00  1.00000000000000e+00  1.00000000000000e+00
  5.36386798397858e+04  1.00000000000000e+00  1.00000000000000e+00  1.00000000000000e+00  1.00000000000000e+00
  5.36424080952454e+04  1.00000000000000e+00  1.00000000000000e+00  1.00000000000000e+00  1.00000000000000e+00
  5.36461363512015e+04  1.00000000000000e+00  1.00000000000000e+00  1.00000000000000e+00  1.00000000000000e+00
  5.36498646074697e+04  1.00000000000000e+00  1.00000000000000e+00  1.00000000000000e+00  1.00000000000000e+00
  5.36535928637174e+04  1.00000000000000e+00  1.00000000000000e+00  1.00000000000000e+00  1.00000000000000e+00
  5.36573211204214e+04  1.00000000000000e+00  1.00000000000000e+00  1.00000000000000e+00  1.00000000000000e+00
  5.36610493773321e+04  1.00000000000000e+00  1.00000000000000e+00  1.00000000000000e+00  1.00000000000000e+00
  5.36647776344584e+04  1.00000000000000e+00  1.00000000000000e+00  1.00000000000000e+00  1.00000000000000e+00
  5.36685058919872e+04  1.00000000000000e+00  1.00000000000000e+00  1.00000000000000e+00  1.00000000000000e+00
  5.36722341494851e+04  1.00000000000000e+00  1.00000000000000e+00  1.00000000000000e+00  1.00000000000000e+00
  5.36759624069502e+04  1.00000000000000e+00  1.00000000000000e+00  1.00000000000000e+00  1.00000000000000e+00
  5.36796906652557e+04  1.00000000000000e+00  1.00000000000000e+00  1.00000000000000e+00  1.00000000000000e+00
  5.36843854171435e+04  0.00000000000000e+00  0.00000000000000e+00  0.00000000000000e+00  0.00000000000000e+00
  5.36848750005071e+04  1.00000000000000e+00  1.00000000000000e+00  1.00000000000000e+00  1.00000000000000e+00
  5.36886032588379e+04  1.00000000000000e+00  1.00000000000000e+00  1.00000000000000e+00  1.00000000000000e+00
  5.36923315172464e+04  1.00000000000000e+00  1.00000000000000e+00  1.00000000000000e+00  1.00000000000000e+00
  5.36960597758461e+04  1.00000000000000e+00  1.00000000000000e+00  1.00000000000000e+00  1.00000000000000e+00
  5.36997880347244e+04  1.00000000000000e+00  1.00000000000000e+00  1.00000000000000e+00  1.00000000000000e+00
  5.37035162938900e+04  1.00000000000000e+00  1.00000000000000e+00  1.00000000000000e+00  1.00000000000000e+00
  5.37072445525219e+04  1.00000000000000e+00  1.00000000000000e+00  1.00000000000000e+00  1.00000000000000e+00
  5.37109728122534e+04  1.00000000000000e+00  1.00000000000000e+00  1.00000000000000e+00  1.00000000000000e+00
  5.37147010712177e+04  1.00000000000000e+00  1.00000000000000e+00  1.00000000000000e+00  1.00000000000000e+00
  5.37184293307013e+04  1.00000000000000e+00  1.00000000000000e+00  1.00000000000000e+00  1.00000000000000e+00
  5.37221575901448e+04  1.00000000000000e+00  1.00000000000000e+00  1.00000000000000e+00  1.00000000000000e+00
  5.37258858493333e+04  1.00000000000000e+00  1.00000000000000e+00  1.00000000000000e+00  1.00000000000000e+00
  5.37296141086726e+04  1.00000000000000e+00  1.00000000000000e+00  1.00000000000000e+00  1.00000000000000e+00
  5.37333423680729e+04  1.00000000000000e+00  1.00000000000000e+00  1.00000000000000e+00  1.00000000000000e+00
  5.37370706163126e+04  1.00000000000000e+00  1.00000000000000e+00  1.00000000000000e+00  1.00000000000000e+00
  5.37407988758809e+04  1.00000000000000e+00  1.00000000000000e+00  1.00000000000000e+00  1.00000000000000e+00
  5.37445271354964e+04  1.00000000000000e+00  1.00000000000000e+00  1.00000000000000e+00  1.00000000000000e+00
  5.37482553951342e+04  1.00000000000000e+00  1.00000000000000e+00  1.00000000000000e+00  1.00000000000000e+00
  5.37519836547929e+04  1.00000000000000e+00  1.00000000000000e+00  1.00000000000000e+00  1.00000000000000e+00
  5.37557119144665e+04  1.00000000000000e+00  1.00000000000000e+00  1.00000000000000e+00  1.00000000000000e+00
  5.37594401741712e+04  1.00000000000000e+00  1.00000000000000e+00  1.00000000000000e+00  1.00000000000000e+00
  5.37631684335728e+04  1.00000000000000e+00  1.00000000000000e+00  1.00000000000000e+00  1.00000000000000e+00
  5.37668966932569e+04  1.00000000000000e+00  1.00000000000000e+00  1.00000000000000e+00  1.00000000000000e+00
  5.37706249526852e+04  1.00000000000000e+00  1.00000000000000e+00  1.00000000000000e+00  1.00000000000000e+00
  5.37743532118563e+04  1.00000000000000e+00  1.00000000000000e+00  1.00000000000000e+00  1.00000000000000e+00
  5.37780814712723e+04  1.00000000000000e+00  1.00000000000000e+00  1.00000000000000e+00  1.00000000000000e+00
  5.37818097305139e+04  1.00000000000000e+00  1.00000000000000e+00  1.00000000000000e+00  1.00000000000000e+00
  5.37855379897987e+04  1.00000000000000e+00  1.00000000000000e+00  1.00000000000000e+00  1.00000000000000e+00
  5.37892662485392e+04  1.00000000000000e+00  1.00000000000000e+00  1.00000000000000e+00  1.00000000000000e+00
  5.37929945074570e+04  1.00000000000000e+00  1.00000000000000e+00  1.00000000000000e+00  1.00000000000000e+00
  5.37967227664098e+04  1.00000000000000e+00  1.00000000000000e+00  1.00000000000000e+00  1.00000000000000e+00
  5.38015729173634e+04  0.00000000000000e+00  0.00000000000000e+00  0.00000000000000e+00  0.00000000000000e+00
  5.38021319451505e+04  1.00000000000000e+00  1.00000000000000e+00  1.00000000000000e+00  1.00000000000000e+00
  5.38058602035672e+04  1.00000000000000e+00  1.00000000000000e+00  1.00000000000000e+00  1.00000000000000e+00
  5.38095884620487e+04  1.00000000000000e+00  1.00000000000000e+00  1.00000000000000e+00  1.00000000000000e+00
  5.38133167200254e+04  1.00000000000000e+00  1.00000000000000e+00  1.00000000000000e+00  1.00000000000000e+00
  5.38170449779862e+04  1.00000000000000e+00  1.00000000000000e+00  1.00000000000000e+00  1.00000000000000e+00
  5.38207732356516e+04  1.00000000000000e+00  1.00000000000000e+00  1.00000000000000e+00  1.00000000000000e+00
  5.38245014933472e+04  1.00000000000000e+00  1.00000000000000e+00  1.00000000000000e+00  1.00000000000000e+00
  5.38282297508586e+04  1.00000000000000e+00  1.00000000000000e+00  1.00000000000000e+00  1.00000000000000e+00
  5.38319580081712e+04  1.00000000000000e+00  1.00000000000000e+00  1.00000000000000e+00  1.00000000000000e+00
  5.38356862654964e+04  1.00000000000000e+00  1.00000000000000e+00  1.00000000000000e+00  1.00000000000000e+00
  5.38394145223923e+04  1.00000000000000e+00  1.00000000000000e+00  1.00000000000000e+00  1.00000000000000e+00
  5.38431427793137e+04  1.00000000000000e+00  1.00000000000000e+00  1.00000000000000e+00  1.00000000000000e+00
  5.38468710355116e+04  1.00000000000000e+00  1.00000000000000e+00  1.00000000000000e+00  1.00000000000000e+00
  5.38505992919954e+04  1.00000000000000e+00  1.00000000000000e+00  1.00000000000000e+00  1.00000000000000e+00
  5.38543275482570e+04  1.00000000000000e+00  1.00000000000000e+00  1.00000000000000e+00  1.00000000000000e+00
  5.38580558042767e+04  1.00000000000000e+00  1.00000000000000e+00  1.00000000000000e+00  1.00000000000000e+00
  5.38617840603136e+04  1.00000000000000e+00  1.00000000000000e+00  1.00000000000000e+00  1.00000000000000e+00
  5.38655123158856e+04  1.00000000000000e+00  1.00000000000000e+00  1.00000000000000e+00  1.00000000000000e+00
  5.38692405714605e+04  1.00000000000000e+00  1.00000000000000e+00  1.00000000000000e+00  1.00000000000000e+00
  5.38729688270370e+04  1.00000000000000e+00  1.00000000000000e+00  1.00000000000000e+00  1.00000000000000e+00
  5.38766970823900e+04  1.00000000000000e+00  1.00000000000000e+00  1.00000000000000e+00  1.00000000000000e+00
  5.38804253375207e+04  1.00000000000000e+00  1.00000000000000e+00  1.00000000000000e+00  1.00000000000000e+00
  5.38841535926387e+04  1.00000000000000e+00  1.00000000000000e+00  1.00000000000000e+00  1.00000000000000e+00
  5.38878818477361e+04  1.00000000000000e+00  1.00000000000000e+00  1.00000000000000e+00  1.00000000000000e+00
  5.38916101025614e+04  1.00000000000000e+00  1.00000000000000e+00  1.00000000000000e+00  1.00000000000000e+00
  5.38953383571805e+04  1.00000000000000e+00  1.00000000000000e+00  1.00000000000000e+00  1.00000000000000e+00
  5.39005868062604e+04  0.00000000000000e+00  0.00000000000000e+00  0.00000000000000e+00  0.00000000000000e+00
  5.39011875000566e+04  1.00000000000000e+00  1.00000000000000e+00  1.00000000000000e+00  1.00000000000000e+00
  5.39049157546736e+04  1.00000000000000e+00  1.00000000000000e+00  1.00000000000000e+00  1.00000000000000e+00
  5.39086440093022e+04  1.00000000000000e+00  1.00000000000000e+00  1.00000000000000e+00  1.00000000000000e+00
  5.39123722639594e+04  1.00000000000000e+00  1.00000000000000e+00  1.00000000000000e+00  1.00000000000000e+00
  5.39161005188021e+04  1.00000000000000e+00  1.00000000000000e+00  1.00000000000000e+00  1.00000000000000e+00
  5.39198287727141e+04  1.00000000000000e+00  1.00000000000000e+00  1.00000000000000e+00  1.00000000000000e+00
  5.39235570270613e+04  1.00000000000000e+00  1.00000000000000e+00  1.00000000000000e+00  1.00000000000000e+00
  5.39272852816678e+04  1.00000000000000e+00  1.00000000000000e+00  1.00000000000000e+00  1.00000000000000e+00
  5.39310135360487e+04  1.00000000000000e+00  1.00000000000000e+00  1.00000000000000e+00  1.00000000000000e+00
  5.39347417906690e+04  1.00000000000000e+00  1.00000000000000e+00  1.00000000000000e+00  1.00000000000000e+00
  5.39384700453022e+04  1.00000000000000e+00  1.00000000000000e+00  1.00000000000000e+00  1.00000000000000e+00
  5.39421982999468e+04  1.00000000000000e+00  1.00000000000000e+00  1.00000000000000e+00  1.00000000000000e+00
  5.39459265547696e+04  1.00000000000000e+00  1.00000000000000e+00  1.00000000000000e+00  1.00000000000000e+00
  5.39496548098958e+04  1.00000000000000e+00  1.00000000000000e+00  1.00000000000000e+00  1.00000000000000e+00
  5.39533830650253e+04  1.00000000000000e+00  1.00000000000000e+00  1.00000000000000e+00  1.00000000000000e+00
  5.39571113199305e+04  1.00000000000000e+00  1.00000000000000e+00  1.00000000000000e+00  1.00000000000000e+00
  5.39608395752958e+04  1.00000000000000e+00  1.00000000000000e+00  1.00000000000000e+00  1.00000000000000e+00
  5.39645678306562e+04  1.00000000000000e+00  1.00000000000000e+00  1.00000000000000e+00  1.00000000000000e+00
  5.39682960862603e+04  1.00000000000000e+00  1.00000000000000e+00  1.00000000000000e+00  1.00000000000000e+00
  5.39720243420959e+04  1.00000000000000e+00  1.00000000000000e+00  1.00000000000000e+00  1.00000000000000e+00
  5.39757525981667e+04  1.00000000000000e+00  1.00000000000000e+00  1.00000000000000e+00  1.00000000000000e+00
  5.39794808544660e+04  1.00000000000000e+00  1.00000000000000e+00  1.00000000000000e+00  1.00000000000000e+00
  5.39832091110046e+04  1.00000000000000e+00  1.00000000000000e+00  1.00000000000000e+00  1.00000000000000e+00
  5.39869373675172e+04  1.00000000000000e+00  1.00000000000000e+00  1.00000000000000e+00  1.00000000000000e+00
  5.39906656245081e+04  1.00000000000000e+00  1.00000000000000e+00  1.00000000000000e+00  1.00000000000000e+00
  5.39943938814860e+04  1.00000000000000e+00  1.00000000000000e+00  1.00000000000000e+00  1.00000000000000e+00
  5.39981221389063e+04  1.00000000000000e+00  1.00000000000000e+00  1.00000000000000e+00  1.00000000000000e+00
  5.40018503963010e+04  1.00000000000000e+00  1.00000000000000e+00  1.00000000000000e+00  1.00000000000000e+00
  5.40055786541400e+04  1.00000000000000e+00  1.00000000000000e+00  1.00000000000000e+00  1.00000000000000e+00
  5.40093069119397e+04  1.00000000000000e+00  1.00000000000000e+00  1.00000000000000e+00  1.00000000000000e+00
  5.40130351700776e+04  1.00000000000000e+00  1.00000000000000e+00  1.00000000000000e+00  1.00000000000000e+00
  5.40167634285670e+04  1.00000000000000e+00  1.00000000000000e+00  1.00000000000000e+00  1.00000000000000e+00
  5.40204916869826e+04  1.00000000000000e+00  1.00000000000000e+00  1.00000000000000e+00  1.00000000000000e+00
  5.40242199460196e+04  1.00000000000000e+00  1.00000000000000e+00  1.00000000000000e+00  1.00000000000000e+00
  5.40279482047651e+04  1.00000000000000e+00  1.00000000000000e+00  1.00000000000000e+00  1.00000000000000e+00
  5.40316764641574e+04  1.00000000000000e+00  1.00000000000000e+00  1.00000000000000e+00  1.00000000000000e+00
  5.40354047234976e+04  1.00000000000000e+00  1.00000000000000e+00  1.00000000000000e+00  1.00000000000000e+00
  5.40391329829920e+04  1.00000000000000e+00  1.00000000000000e+00  1.00000000000000e+00  1.00000000000000e+00
  5.40428612426447e+04  1.00000000000000e+00  1.00000000000000e+00  1.00000000000000e+00  1.00000000000000e+00
  5.40486041669894e+04  0.00000000000000e+00  0.00000000000000e+00  0.00000000000000e+00  0.00000000000000e+00
  5.40492048613670e+04  1.00000000000000e+00  1.00000000000000e+00  1.00000000000000e+00  1.00000000000000e+00
  5.40529331215533e+04  1.00000000000000e+00  1.00000000000000e+00  1.00000000000000e+00  1.00000000000000e+00
  5.40566613816896e+04  1.00000000000000e+00  1.00000000000000e+00  1.00000000000000e+00  1.00000000000000e+00
  5.40603896417338e+04  1.00000000000000e+00  1.00000000000000e+00  1.00000000000000e+00  1.00000000000000e+00
  5.40641179021645e+04  1.00000000000000e+00  1.00000000000000e+00  1.00000000000000e+00  1.00000000000000e+00
  5.40678461627314e+04  1.00000000000000e+00  1.00000000000000e+00  1.00000000000000e+00  1.00000000000000e+00
  5.40715744232558e+04  1.00000000000000e+00  1.00000000000000e+00  1.00000000000000e+00  1.00000000000000e+00
  5.40753026840949e+04  1.00000000000000e+00  1.00000000000000e+00  1.00000000000000e+00  1.00000000000000e+00
  5.40790309446841e+04  1.00000000000000e+00  1.00000000000000e+00  1.00000000000000e+00  1.00000000000000e+00
  5.40827592057290e+04  1.00000000000000e+00  1.00000000000000e+00  1.00000000000000e+00  1.00000000000000e+00
  5.40864874664712e+04  1.00000000000000e+00  1.00000000000000e+00  1.00000000000000e+00  1.00000000000000e+00
  5.40902157273902e+04  1.00000000000000e+00  1.00000000000000e+00  1.00000000000000e+00  1.00000000000000e+00
  5.40939439882788e+04  1.00000000000000e+00  1.00000000000000e+00  1.00000000000000e+00  1.00000000000000e+00
  5.40976722493032e+04  1.00000000000000e+00  1.00000000000000e+00  1.00000000000000e+00  1.00000000000000e+00
  5.41014005102592e+04  1.00000000000000e+00  1.00000000000000e+00  1.00000000000000e+00  1.00000000000000e+00
  5.41051287713136e+04  1.00000000000000e+00  1.00000000000000e+00  1.00000000000000e+00  1.00000000000000e+00
  5.41088570323993e+04  1.00000000000000e+00  1.00000000000000e+00  1.00000000000000e+00  1.00000000000000e+00
  5.41125852935936e+04  1.00000000000000e+00  1.00000000000000e+00  1.00000000000000e+00  1.00000000000000e+00
  5.41163135545682e+04  1.00000000000000e+00  1.00000000000000e+00  1.00000000000000e+00  1.00000000000000e+00
  5.41200418154549e+04  1.00000000000000e+00  1.00000000000000e+00  1.00000000000000e+00  1.00000000000000e+00
  5.41237700764955e+04  1.00000000000000e+00  1.00000000000000e+00  1.00000000000000e+00  1.00000000000000e+00
  5.41274983375655e+04  1.00000000000000e+00  1.00000000000000e+00  1.00000000000000e+00  1.00000000000000e+00
  5.41312265985740e+04  1.00000000000000e+00  1.00000000000000e+00  1.00000000000000e+00  1.00000000000000e+00
  5.41349548594085e+04  1.00000000000000e+00  1.00000000000000e+00  1.00000000000000e+00  1.00000000000000e+00
  5.41386831204167e+04  1.00000000000000e+00  1.00000000000000e+00  1.00000000000000e+00  1.00000000000000e+00
  5.41424113810995e+04  1.00000000000000e+00  1.00000000000000e+00  1.00000000000000e+00  1.00000000000000e+00
  5.41461396418541e+04  1.00000000000000e+00  1.00000000000000e+00  1.00000000000000e+00  1.00000000000000e+00
  5.41498679026609e+04  1.00000000000000e+00  1.00000000000000e+00  1.00000000000000e+00  1.00000000000000e+00
  5.41535961630801e+04  1.00000000000000e+00  1.00000000000000e+00  1.00000000000000e+00  1.00000000000000e+00
  5.41573244237976e+04  1.00000000000000e+00  1.00000000000000e+00  1.00000000000000e+00  1.00000000000000e+00
  5.41610526840104e+04  1.00000000000000e+00  1.00000000000000e+00  1.00000000000000e+00  1.00000000000000e+00
  5.41675416668275e+04  0.00000000000000e+00  0.00000000000000e+00  0.00000000000000e+00  0.00000000000000e+00
  5.41681666669734e+04  1.00000000000000e+00  1.00000000000000e+00  1.00000000000000e+00  1.00000000000000e+00
  5.41718949270972e+04  1.00000000000000e+00  1.00000000000000e+00  1.00000000000000e+00  1.00000000000000e+00
  5.41756231869756e+04  1.00000000000000e+00  1.00000000000000e+00  1.00000000000000e+00  1.00000000000000e+00
  5.41793514467165e+04  1.00000000000000e+00  1.00000000000000e+00  1.00000000000000e+00  1.00000000000000e+00
  5.41830797065233e+04  1.00000000000000e+00  1.00000000000000e+00  1.00000000000000e+00  1.00000000000000e+00
  5.41868079659571e+04  1.00000000000000e+00  1.00000000000000e+00  1.00000000000000e+00  1.00000000000000e+00
  5.41905362253959e+04  1.00000000000000e+00  1.00000000000000e+00  1.00000000000000e+00  1.00000000000000e+00
  5.41942644846990e+04  1.00000000000000e+00  1.00000000000000e+00  1.00000000000000e+00  1.00000000000000e+00
  5.41979927437395e+04  1.00000000000000e+00  1.00000000000000e+00  1.00000000000000e+00  1.00000000000000e+00
  5.42017210031387e+04  1.00000000000000e+00  1.00000000000000e+00  1.00000000000000e+00  1.00000000000000e+00
  5.42054492616216e+04  1.00000000000000e+00  1.00000000000000e+00  1.00000000000000e+00  1.00000000000000e+00
  5.42091775203843e+04  1.00000000000000e+00  1.00000000000000e+00  1.00000000000000e+00  1.00000000000000e+00
  5.42129057788969e+04  1.00000000000000e+00  1.00000000000000e+00  1.00000000000000e+00  1.00000000000000e+00
  5.42166340373716e+04  1.00000000000000e+00  1.00000000000000e+00  1.00000000000000e+00  1.00000000000000e+00
  5.42203622953298e+04  1.00000000000000e+00  1.00000000000000e+00  1.00000000000000e+00  1.00000000000000e+00
  5.42240905532697e+04  1.00000000000000e+00  1.00000000000000e+00  1.00000000000000e+00  1.00000000000000e+00
  5.42278188112395e+04  1.00000000000000e+00  1.00000000000000e+00  1.00000000000000e+00  1.00000000000000e+00
  5.42315470688079e+04  1.00000000000000e+00  1.00000000000000e+00  1.00000000000000e+00  1.00000000000000e+00
  5.42352753263576e+04  1.00000000000000e+00  1.00000000000000e+00  1.00000000000000e+00  1.00000000000000e+00
  5.42390035839283e+04  1.00000000000000e+00  1.00000000000000e+00  1.00000000000000e+00  1.00000000000000e+00
  5.42427318410520e+04  1.00000000000000e+00  1.00000000000000e+00  1.00000000000000e+00  1.00000000000000e+00
  5.42464600981840e+04  1.00000000000000e+00  1.00000000000000e+00  1.00000000000000e+00  1.00000000000000e+00
  5.42501883556262e+04  1.00000000000000e+00  1.00000000000000e+00  1.00000000000000e+00  1.00000000000000e+00
  5.42539166123183e+04  1.00000000000000e+00  1.00000000000000e+00  1.00000000000000e+00  1.00000000000000e+00
  5.42576448692338e+04  1.00000000000000e+00  1.00000000000000e+00  1.00000000000000e+00  1.00000000000000e+00
  5.42613731259168e+04  1.00000000000000e+00  1.00000000000000e+00  1.00000000000000e+00  1.00000000000000e+00
  5.42651013826967e+04  1.00000000000000e+00  1.00000000000000e+00  1.00000000000000e+00  1.00000000000000e+00
  5.42688296394375e+04  1.00000000000000e+00  1.00000000000000e+00  1.00000000000000e+00  1.00000000000000e+00
  5.42725578958703e+04  1.00000000000000e+00  1.00000000000000e+00  1.00000000000000e+00  1.00000000000000e+00
  5.42764583333740e+04  0.00000000000000e+00  0.00000000000000e+00  0.00000000000000e+00  0.00000000000000e+00
  5.42768333335613e+04  0.00000000000000e+00  0.00000000000000e+00  0.00000000000000e+00  0.00000000000000e+00
  5.42779166672962e+04  0.00000000000000e+00  0.00000000000000e+00  0.00000000000000e+00  0.00000000000000e+00
  5.42785416671355e+04  1.00000000000000e+00  1.00000000000000e+00  1.00000000000000e+00  1.00000000000000e+00
  5.42822699235914e+04  1.00000000000000e+00  1.00000000000000e+00  1.00000000000000e+00  1.00000000000000e+00
  5.42859981795926e+04  1.00000000000000e+00  1.00000000000000e+00  1.00000000000000e+00  1.00000000000000e+00
  5.42897264359318e+04  1.00000000000000e+00  1.00000000000000e+00  1.00000000000000e+00  1.00000000000000e+00
  5.42934546922965e+04  1.00000000000000e+00  1.00000000000000e+00  1.00000000000000e+00  1.00000000000000e+00
  5.42971829488785e+04  1.00000000000000e+00  1.00000000000000e+00  1.00000000000000e+00  1.00000000000000e+00
  5.43009112052315e+04  1.00000000000000e+00  1.00000000000000e+00  1.00000000000000e+00  1.00000000000000e+00
  5.43046394618160e+04  1.00000000000000e+00  1.00000000000000e+00  1.00000000000000e+00  1.00000000000000e+00
  5.43083677183992e+04  1.00000000000000e+00  1.00000000000000e+00  1.00000000000000e+00  1.00000000000000e+00
  5.43120959751911e+04  1.00000000000000e+00  1.00000000000000e+00  1.00000000000000e+00  1.00000000000000e+00
  5.43158242319688e+04  1.00000000000000e+00  1.00000000000000e+00  1.00000000000000e+00  1.00000000000000e+00
  5.43195524889978e+04  1.00000000000000e+00  1.00000000000000e+00  1.00000000000000e+00  1.00000000000000e+00
  5.43232807460242e+04  1.00000000000000e+00  1.00000000000000e+00  1.00000000000000e+00  1.00000000000000e+00
  5.43270090030613e+04  1.00000000000000e+00  1.00000000000000e+00  1.00000000000000e+00  1.00000000000000e+00
  5.43307372603355e+04  1.00000000000000e+00  1.00000000000000e+00  1.00000000000000e+00  1.00000000000000e+00
  5.43344655178553e+04  1.00000000000000e+00  1.00000000000000e+00  1.00000000000000e+00  1.00000000000000e+00
  5.43381937755614e+04  1.00000000000000e+00  1.00000000000000e+00  1.00000000000000e+00  1.00000000000000e+00
  5.43419220333393e+04  1.00000000000000e+00  1.00000000000000e+00  1.00000000000000e+00  1.00000000000000e+00
  5.43485208339271e+04  0.00000000000000e+00  0.00000000000000e+00  0.00000000000000e+00  0.00000000000000e+00
  5.43495625008381e+04  0.00000000000000e+00  0.00000000000000e+00  0.00000000000000e+00  0.00000000000000e+00
  5.43532907596144e+04  1.00000000000000e+00  1.00000000000000e+00  1.00000000000000e+00  1.00000000000000e+00
  5.43570190178878e+04  1.00000000000000e+00  1.00000000000000e+00  1.00000000000000e+00  1.00000000000000e+00
  5.43607472768276e+04  1.00000000000000e+00  1.00000000000000e+00  1.00000000000000e+00  1.00000000000000e+00
  5.43644755357189e+04  1.00000000000000e+00  1.00000000000000e+00  1.00000000000000e+00  1.00000000000000e+00
  5.43695000000509e+04  0.00000000000000e+00  0.00000000000000e+00  0.00000000000000e+00  0.00000000000000e+00
  5.43701250000716e+04  1.00000000000000e+00  1.00000000000000e+00  1.00000000000000e+00  1.00000000000000e+00
  5.43738532595094e+04  1.00000000000000e+00  1.00000000000000e+00  1.00000000000000e+00  1.00000000000000e+00
  5.43775815191308e+04  1.00000000000000e+00  1.00000000000000e+00  1.00000000000000e+00  1.00000000000000e+00
  5.43813097791274e+04  1.00000000000000e+00  1.00000000000000e+00  1.00000000000000e+00  1.00000000000000e+00
  5.43850380391009e+04  1.00000000000000e+00  1.00000000000000e+00  1.00000000000000e+00  1.00000000000000e+00
  5.43887662992499e+04  1.00000000000000e+00  1.00000000000000e+00  1.00000000000000e+00  1.00000000000000e+00
  5.43924945599131e+04  1.00000000000000e+00  1.00000000000000e+00  1.00000000000000e+00  1.00000000000000e+00
  5.43962228202859e+04  1.00000000000000e+00  1.00000000000000e+00  1.00000000000000e+00  1.00000000000000e+00
  5.43999510810545e+04  1.00000000000000e+00  1.00000000000000e+00  1.00000000000000e+00  1.00000000000000e+00
  5.44036793417452e+04  1.00000000000000e+00  1.00000000000000e+00  1.00000000000000e+00  1.00000000000000e+00
  5.44074076029735e+04  1.00000000000000e+00  1.00000000000000e+00  1.00000000000000e+00  1.00000000000000e+00
  5.44145833337731e+04  0.00000000000000e+00  0.00000000000000e+00  0.00000000000000e+00  0.00000000000000e+00
  5.44200000003309e+04  1.00000000000000e+00  1.00000000000000e+00  1.00000000000000e+00  1.00000000000000e+00
  5.44237282617361e+04  1.00000000000000e+00  1.00000000000000e+00  1.00000000000000e+00  1.00000000000000e+00
  5.44274565232744e+04  1.00000000000000e+00  1.00000000000000e+00  1.00000000000000e+00  1.00000000000000e+00
  5.44311847849535e+04  1.00000000000000e+00  1.00000000000000e+00  1.00000000000000e+00  1.00000000000000e+00
  5.44349130465369e+04  1.00000000000000e+00  1.00000000000000e+00  1.00000000000000e+00  1.00000000000000e+00
  5.44386413082686e+04  1.00000000000000e+00  1.00000000000000e+00  1.00000000000000e+00  1.00000000000000e+00
  5.44423695701424e+04  1.00000000000000e+00  1.00000000000000e+00  1.00000000000000e+00  1.00000000000000e+00
  5.44460978321042e+04  1.00000000000000e+00  1.00000000000000e+00  1.00000000000000e+00  1.00000000000000e+00
  5.44498260938090e+04  1.00000000000000e+00  1.00000000000000e+00  1.00000000000000e+00  1.00000000000000e+00
  5.44535543559165e+04  1.00000000000000e+00  1.00000000000000e+00  1.00000000000000e+00  1.00000000000000e+00
  5.44572826179664e+04  1.00000000000000e+00  1.00000000000000e+00  1.00000000000000e+00  1.00000000000000e+00
  5.44610108799790e+04  1.00000000000000e+00  1.00000000000000e+00  1.00000000000000e+00  1.00000000000000e+00
  5.44647391421910e+04  1.00000000000000e+00  1.00000000000000e+00  1.00000000000000e+00  1.00000000000000e+00
  5.44684674039271e+04  1.00000000000000e+00  1.00000000000000e+00  1.00000000000000e+00  1.00000000000000e+00
  5.44721956661264e+04  1.00000000000000e+00  1.00000000000000e+00  1.00000000000000e+00  1.00000000000000e+00
  5.44759239283173e+04  1.00000000000000e+00  1.00000000000000e+00  1.00000000000000e+00  1.00000000000000e+00
  5.44796521904166e+04  1.00000000000000e+00  1.00000000000000e+00  1.00000000000000e+00  1.00000000000000e+00
  5.44833804527883e+04  1.00000000000000e+00  1.00000000000000e+00  1.00000000000000e+00  1.00000000000000e+00
  5.44885243060476e+04  0.00000000000000e+00  0.00000000000000e+00  0.00000000000000e+00  0.00000000000000e+00
  5.44889409727453e+04  1.00000000000000e+00  1.00000000000000e+00  1.00000000000000e+00  1.00000000000000e+00
  5.44926692348148e+04  1.00000000000000e+00  1.00000000000000e+00  1.00000000000000e+00  1.00000000000000e+00
  5.44963974964987e+04  1.00000000000000e+00  1.00000000000000e+00  1.00000000000000e+00  1.00000000000000e+00
  5.45001257582188e+04  1.00000000000000e+00  1.00000000000000e+00  1.00000000000000e+00  1.00000000000000e+00
  5.45038540200834e+04  1.00000000000000e+00  1.00000000000000e+00  1.00000000000000e+00  1.00000000000000e+00
  5.45075822821693e+04  1.00000000000000e+00  1.00000000000000e+00  1.00000000000000e+00  1.00000000000000e+00
  5.45113105437362e+04  1.00000000000000e+00  1.00000000000000e+00  1.00000000000000e+00  1.00000000000000e+00
  5.45150388053819e+04  1.00000000000000e+00  1.00000000000000e+00  1.00000000000000e+00  1.00000000000000e+00
  5.45187670666829e+04  1.00000000000000e+00  1.00000000000000e+00  1.00000000000000e+00  1.00000000000000e+00
  5.45224953283068e+04  1.00000000000000e+00  1.00000000000000e+00  1.00000000000000e+00  1.00000000000000e+00
  5.45262235900186e+04  1.00000000000000e+00  1.00000000000000e+00  1.00000000000000e+00  1.00000000000000e+00
  5.45299518510869e+04  1.00000000000000e+00  1.00000000000000e+00  1.00000000000000e+00  1.00000000000000e+00
  5.45336801124676e+04  1.00000000000000e+00  1.00000000000000e+00  1.00000000000000e+00  1.00000000000000e+00
  5.45374083737059e+04  1.00000000000000e+00  1.00000000000000e+00  1.00000000000000e+00  1.00000000000000e+00
  5.45411366347083e+04  1.00000000000000e+00  1.00000000000000e+00  1.00000000000000e+00  1.00000000000000e+00
  5.45448648956759e+04  1.00000000000000e+00  1.00000000000000e+00  1.00000000000000e+00  1.00000000000000e+00
  5.45485931564976e+04  1.00000000000000e+00  1.00000000000000e+00  1.00000000000000e+00  1.00000000000000e+00
  5.45523214172972e+04  1.00000000000000e+00  1.00000000000000e+00  1.00000000000000e+00  1.00000000000000e+00
  5.45560496778299e+04  1.00000000000000e+00  1.00000000000000e+00  1.00000000000000e+00  1.00000000000000e+00
  5.45597779382350e+04  1.00000000000000e+00  1.00000000000000e+00  1.00000000000000e+00  1.00000000000000e+00
  5.45635061984110e+04  1.00000000000000e+00  1.00000000000000e+00  1.00000000000000e+00  1.00000000000000e+00
  5.45672344588552e+04  1.00000000000000e+00  1.00000000000000e+00  1.00000000000000e+00  1.00000000000000e+00
  5.45709627186796e+04  1.00000000000000e+00  1.00000000000000e+00  1.00000000000000e+00  1.00000000000000e+00
  5.45746909786042e+04  1.00000000000000e+00  1.00000000000000e+00  1.00000000000000e+00  1.00000000000000e+00
  5.45784192381018e+04  1.00000000000000e+00  1.00000000000000e+00  1.00000000000000e+00  1.00000000000000e+00
  5.45821474978751e+04  1.00000000000000e+00  1.00000000000000e+00  1.00000000000000e+00  1.00000000000000e+00
  5.45858757572292e+04  1.00000000000000e+00  1.00000000000000e+00  1.00000000000000e+00  1.00000000000000e+00
  5.45896040163981e+04  1.00000000000000e+00  1.00000000000000e+00  1.00000000000000e+00  1.00000000000000e+00
  5.45933322754225e+04  1.00000000000000e+00  1.00000000000000e+00  1.00000000000000e+00  1.00000000000000e+00
  5.45970605345139e+04  1.00000000000000e+00  1.00000000000000e+00  1.00000000000000e+00  1.00000000000000e+00
  5.46007887931504e+04  1.00000000000000e+00  1.00000000000000e+00  1.00000000000000e+00  1.00000000000000e+00
  5.46045170517813e+04  1.00000000000000e+00  1.00000000000000e+00  1.00000000000000e+00  1.00000000000000e+00
  5.46082453104178e+04  1.00000000000000e+00  1.00000000000000e+00  1.00000000000000e+00  1.00000000000000e+00
  5.46119735688379e+04  1.00000000000000e+00  1.00000000000000e+00  1.00000000000000e+00  1.00000000000000e+00
  5.46157018272743e+04  1.00000000000000e+00  1.00000000000000e+00  1.00000000000000e+00  1.00000000000000e+00
  5.46216131948033e+04  0.00000000000000e+00  0.00000000000000e+00  0.00000000000000e+00  0.00000000000000e+00
  5.46222083341052e+04  1.00000000000000e+00  1.00000000000000e+00  1.00000000000000e+00  1.00000000000000e+00
  5.46259365921204e+04  1.00000000000000e+00  1.00000000000000e+00  1.00000000000000e+00  1.00000000000000e+00
  5.46296648501167e+04  1.00000000000000e+00  1.00000000000000e+00  1.00000000000000e+00  1.00000000000000e+00
  5.46333931079063e+04  1.00000000000000e+00  1.00000000000000e+00  1.00000000000000e+00  1.00000000000000e+00
  5.46371213659081e+04  1.00000000000000e+00  1.00000000000000e+00  1.00000000000000e+00  1.00000000000000e+00
  5.46408496236760e+04  1.00000000000000e+00  1.00000000000000e+00  1.00000000000000e+00  1.00000000000000e+00
  5.46445778812386e+04  1.00000000000000e+00  1.00000000000000e+00  1.00000000000000e+00  1.00000000000000e+00
  5.46483061390244e+04  1.00000000000000e+00  1.00000000000000e+00  1.00000000000000e+00  1.00000000000000e+00
  5.46520343968055e+04  1.00000000000000e+00  1.00000000000000e+00  1.00000000000000e+00  1.00000000000000e+00
  5.46557626545927e+04  1.00000000000000e+00  1.00000000000000e+00  1.00000000000000e+00  1.00000000000000e+00
  5.46594909123807e+04  1.00000000000000e+00  1.00000000000000e+00  1.00000000000000e+00  1.00000000000000e+00
  5.46633402781089e+04  0.00000000000000e+00  0.00000000000000e+00  0.00000000000000e+00  0.00000000000000e+00
  5.46634402778483e+04  1.00000000000000e+00  1.00000000000000e+00  1.00000000000000e+00  1.00000000000000e+00
  5.46671685356169e+04  1.00000000000000e+00  1.00000000000000e+00  1.00000000000000e+00  1.00000000000000e+00
  5.46708967935023e+04  1.00000000000000e+00  1.00000000000000e+00  1.00000000000000e+00  1.00000000000000e+00
  5.46746250516422e+04  1.00000000000000e+00  1.00000000000000e+00  1.00000000000000e+00  1.00000000000000e+00
  5.46797083335996e+04  0.00000000000000e+00  0.00000000000000e+00  0.00000000000000e+00  0.00000000000000e+00
  5.46811666667836e+04  1.00000000000000e+00  1.00000000000000e+00  1.00000000000000e+00  1.00000000000000e+00
  5.46848949247673e+04  1.00000000000000e+00  1.00000000000000e+00  1.00000000000000e+00  1.00000000000000e+00
  5.46886231829895e+04  1.00000000000000e+00  1.00000000000000e+00  1.00000000000000e+00  1.00000000000000e+00
  5.46923514416517e+04  1.00000000000000e+00  1.00000000000000e+00  1.00000000000000e+00  1.00000000000000e+00
  5.46960797061018e+04  1.00000000000000e+00  1.00000000000000e+00  1.00000000000000e+00  1.00000000000000e+00
  5.46998079751737e+04  1.00000000000000e+00  1.00000000000000e+00  1.00000000000000e+00  1.00000000000000e+00
  5.47035362442201e+04  1.00000000000000e+00  1.00000000000000e+00  1.00000000000000e+00  1.00000000000000e+00
  5.47072645132558e+04  1.00000000000000e+00  1.00000000000000e+00  1.00000000000000e+00  1.00000000000000e+00
  5.47109927362999e+04  1.00000000000000e+00  1.00000000000000e+00  1.00000000000000e+00  1.00000000000000e+00
  5.47147209958443e+04  1.00000000000000e+00  1.00000000000000e+00  1.00000000000000e+00  1.00000000000000e+00
  5.47184492553727e+04  1.00000000000000e+00  1.00000000000000e+00  1.00000000000000e+00  1.00000000000000e+00
  5.47221775152893e+04  1.00000000000000e+00  1.00000000000000e+00  1.00000000000000e+00  1.00000000000000e+00
  5.47259057754039e+04  1.00000000000000e+00  1.00000000000000e+00  1.00000000000000e+00  1.00000000000000e+00
  5.47296340354932e+04  1.00000000000000e+00  1.00000000000000e+00  1.00000000000000e+00  1.00000000000000e+00
  5.47333622957141e+04  1.00000000000000e+00  1.00000000000000e+00  1.00000000000000e+00  1.00000000000000e+00
  5.47370905563391e+04  1.00000000000000e+00  1.00000000000000e+00  1.00000000000000e+00  1.00000000000000e+00
  5.47408188168714e+04  1.00000000000000e+00  1.00000000000000e+00  1.00000000000000e+00  1.00000000000000e+00
  5.47475138892720e+04  0.00000000000000e+00  0.00000000000000e+00  0.00000000000000e+00  0.00000000000000e+00
  5.47479930561144e+04  1.00000000000000e+00  1.00000000000000e+00  1.00000000000000e+00  1.00000000000000e+00
  5.47517213173553e+04  1.00000000000000e+00  1.00000000000000e+00  1.00000000000000e+00  1.00000000000000e+00
  5.47554495786829e+04  1.00000000000000e+00  1.00000000000000e+00  1.00000000000000e+00  1.00000000000000e+00
  5.47591778399352e+04  1.00000000000000e+00  1.00000000000000e+00  1.00000000000000e+00  1.00000000000000e+00
  5.47629061015126e+04  1.00000000000000e+00  1.00000000000000e+00  1.00000000000000e+00  1.00000000000000e+00
  5.47674166671620e+04  0.00000000000000e+00  0.00000000000000e+00  0.00000000000000e+00  0.00000000000000e+00
  5.47679444450673e+04  1.00000000000000e+00  1.00000000000000e+00  1.00000000000000e+00  1.00000000000000e+00
  5.47716727068299e+04  1.00000000000000e+00  1.00000000000000e+00  1.00000000000000e+00  1.00000000000000e+00
  5.47754009686540e+04  1.00000000000000e+00  1.00000000000000e+00  1.00000000000000e+00  1.00000000000000e+00
  5.47791292307095e+04  1.00000000000000e+00  1.00000000000000e+00  1.00000000000000e+00  1.00000000000000e+00
  5.47828574928902e+04  1.00000000000000e+00  1.00000000000000e+00  1.00000000000000e+00  1.00000000000000e+00
  5.47865857551933e+04  1.00000000000000e+00  1.00000000000000e+00  1.00000000000000e+00  1.00000000000000e+00
  5.47903140176199e+04  1.00000000000000e+00  1.00000000000000e+00  1.00000000000000e+00  1.00000000000000e+00
  5.47940422801980e+04  1.00000000000000e+00  1.00000000000000e+00  1.00000000000000e+00  1.00000000000000e+00
  5.47977705426782e+04  1.00000000000000e+00  1.00000000000000e+00  1.00000000000000e+00  1.00000000000000e+00
  5.48014988052766e+04  1.00000000000000e+00  1.00000000000000e+00  1.00000000000000e+00  1.00000000000000e+00
  5.48052270677512e+04  1.00000000000000e+00  1.00000000000000e+00  1.00000000000000e+00  1.00000000000000e+00
  5.48089553307038e+04  1.00000000000000e+00  1.00000000000000e+00  1.00000000000000e+00  1.00000000000000e+00
  5.48126835932731e+04  1.00000000000000e+00  1.00000000000000e+00  1.00000000000000e+00  1.00000000000000e+00
  5.48164118561644e+04  1.00000000000000e+00  1.00000000000000e+00  1.00000000000000e+00  1.00000000000000e+00
  5.48201401188495e+04  1.00000000000000e+00  1.00000000000000e+00  1.00000000000000e+00  1.00000000000000e+00
  5.48238683817095e+04  1.00000000000000e+00  1.00000000000000e+00  1.00000000000000e+00  1.00000000000000e+00
  5.48275966447709e+04  1.00000000000000e+00  1.00000000000000e+00  1.00000000000000e+00  1.00000000000000e+00
  5.48313249078229e+04  1.00000000000000e+00  1.00000000000000e+00  1.00000000000000e+00  1.00000000000000e+00
  5.48350531589167e+04  1.00000000000000e+00  1.00000000000000e+00  1.00000000000000e+00  1.00000000000000e+00
  5.48394305558299e+04  0.00000000000000e+00  0.00000000000000e+00  0.00000000000000e+00  0.00000000000000e+00
  5.48405208336054e+04  1.00000000000000e+00  1.00000000000000e+00  1.00000000000000e+00  1.00000000000000e+00
  5.48442490953520e+04  1.00000000000000e+00  1.00000000000000e+00  1.00000000000000e+00  1.00000000000000e+00
  5.48479773583217e+04  1.00000000000000e+00  1.00000000000000e+00  1.00000000000000e+00  1.00000000000000e+00
  5.48517056213160e+04  1.00000000000000e+00  1.00000000000000e+00  1.00000000000000e+00  1.00000000000000e+00
  5.48554338841538e+04  1.00000000000000e+00  1.00000000000000e+00  1.00000000000000e+00  1.00000000000000e+00
  5.48591621470162e+04  1.00000000000000e+00  1.00000000000000e+00  1.00000000000000e+00  1.00000000000000e+00
  5.48628904097212e+04  1.00000000000000e+00  1.00000000000000e+00  1.00000000000000e+00  1.00000000000000e+00
  5.48666186724999e+04  1.00000000000000e+00  1.00000000000000e+00  1.00000000000000e+00  1.00000000000000e+00
  5.48738194447107e+04  0.00000000000000e+00  0.00000000000000e+00  0.00000000000000e+00  0.00000000000000e+00
  5.48744166673831e+04  1.00000000000000e+00  1.00000000000000e+00  1.00000000000000e+00  1.00000000000000e+00
  5.48781449303090e+04  1.00000000000000e+00  1.00000000000000e+00  1.00000000000000e+00  1.00000000000000e+00
  5.48818731929144e+04  1.00000000000000e+00  1.00000000000000e+00  1.00000000000000e+00  1.00000000000000e+00
  5.48856014556794e+04  1.00000000000000e+00  1.00000000000000e+00  1.00000000000000e+00  1.00000000000000e+00
  5.48893297178624e+04  1.00000000000000e+00  1.00000000000000e+00  1.00000000000000e+00  1.00000000000000e+00
  5.48930579801390e+04  1.00000000000000e+00  1.00000000000000e+00  1.00000000000000e+00  1.00000000000000e+00
  5.48967862425776e+04  1.00000000000000e+00  1.00000000000000e+00  1.00000000000000e+00  1.00000000000000e+00
  5.49005145048472e+04  1.00000000000000e+00  1.00000000000000e+00  1.00000000000000e+00  1.00000000000000e+00
  5.49042427671205e+04  1.00000000000000e+00  1.00000000000000e+00  1.00000000000000e+00  1.00000000000000e+00
  5.49079710291239e+04  1.00000000000000e+00  1.00000000000000e+00  1.00000000000000e+00  1.00000000000000e+00
  5.49116992910220e+04  1.00000000000000e+00  1.00000000000000e+00  1.00000000000000e+00  1.00000000000000e+00
  5.49154275529062e+04  1.00000000000000e+00  1.00000000000000e+00  1.00000000000000e+00  1.00000000000000e+00
  5.49191558144871e+04  1.00000000000000e+00  1.00000000000000e+00  1.00000000000000e+00  1.00000000000000e+00
  5.49228840761989e+04  1.00000000000000e+00  1.00000000000000e+00  1.00000000000000e+00  1.00000000000000e+00
  5.49266123377766e+04  1.00000000000000e+00  1.00000000000000e+00  1.00000000000000e+00  1.00000000000000e+00
  5.49303405993946e+04  1.00000000000000e+00  1.00000000000000e+00  1.00000000000000e+00  1.00000000000000e+00
  5.49340688605660e+04  1.00000000000000e+00  1.00000000000000e+00  1.00000000000000e+00  1.00000000000000e+00
  5.49377971215868e+04  1.00000000000000e+00  1.00000000000000e+00  1.00000000000000e+00  1.00000000000000e+00
  5.49415253826089e+04  1.00000000000000e+00  1.00000000000000e+00  1.00000000000000e+00  1.00000000000000e+00
  5.49452536434675e+04  1.00000000000000e+00  1.00000000000000e+00  1.00000000000000e+00  1.00000000000000e+00
  5.49489819041562e+04  1.00000000000000e+00  1.00000000000000e+00  1.00000000000000e+00  1.00000000000000e+00
  5.49527101646642e+04  1.00000000000000e+00  1.00000000000000e+00  1.00000000000000e+00  1.00000000000000e+00
  5.49564384250395e+04  1.00000000000000e+00  1.00000000000000e+00  1.00000000000000e+00  1.00000000000000e+00
  5.49601666854050e+04  1.00000000000000e+00  1.00000000000000e+00  1.00000000000000e+00  1.00000000000000e+00
  5.49638949456030e+04  1.00000000000000e+00  1.00000000000000e+00  1.00000000000000e+00  1.00000000000000e+00
  5.49676232056100e+04  1.00000000000000e+00  1.00000000000000e+00  1.00000000000000e+00  1.00000000000000e+00
  5.49713514656529e+04  1.00000000000000e+00  1.00000000000000e+00  1.00000000000000e+00  1.00000000000000e+00
  5.49750797252637e+04  1.00000000000000e+00  1.00000000000000e+00  1.00000000000000e+00  1.00000000000000e+00
  5.49788079849015e+04  1.00000000000000e+00  1.00000000000000e+00  1.00000000000000e+00  1.00000000000000e+00
  5.49825362446007e+04  1.00000000000000e+00  1.00000000000000e+00  1.00000000000000e+00  1.00000000000000e+00
  5.49862645040533e+04  1.00000000000000e+00  1.00000000000000e+00  1.00000000000000e+00  1.00000000000000e+00
  5.49899927637464e+04  1.00000000000000e+00  1.00000000000000e+00  1.00000000000000e+00  1.00000000000000e+00
  5.49937210228993e+04  1.00000000000000e+00  1.00000000000000e+00  1.00000000000000e+00  1.00000000000000e+00
  5.49974492823378e+04  1.00000000000000e+00  1.00000000000000e+00  1.00000000000000e+00  1.00000000000000e+00
  5.50011775413460e+04  1.00000000000000e+00  1.00000000000000e+00  1.00000000000000e+00  1.00000000000000e+00
  5.50049058005474e+04  1.00000000000000e+00  1.00000000000000e+00  1.00000000000000e+00  1.00000000000000e+00
  5.50086340597210e+04  1.00000000000000e+00  1.00000000000000e+00  1.00000000000000e+00  1.00000000000000e+00
  5.50123623188032e+04  1.00000000000000e+00  1.00000000000000e+00  1.00000000000000e+00  1.00000000000000e+00
  5.50160905778867e+04  1.00000000000000e+00  1.00000000000000e+00  1.00000000000000e+00  1.00000000000000e+00
  5.50198188369872e+04  1.00000000000000e+00  1.00000000000000e+00  1.00000000000000e+00  1.00000000000000e+00
  5.50235470963218e+04  1.00000000000000e+00  1.00000000000000e+00  1.00000000000000e+00  1.00000000000000e+00
  5.50285986111410e+04  0.00000000000000e+00  0.00000000000000e+00  0.00000000000000e+00  0.00000000000000e+00
  5.50290972229562e+04  1.00000000000000e+00  1.00000000000000e+00  1.00000000000000e+00  1.00000000000000e+00
  5.50328254822777e+04  1.00000000000000e+00  1.00000000000000e+00  1.00000000000000e+00  1.00000000000000e+00
  5.50365537413750e+04  1.00000000000000e+00  1.00000000000000e+00  1.00000000000000e+00  1.00000000000000e+00
  5.50402820006980e+04  1.00000000000000e+00  1.00000000000000e+00  1.00000000000000e+00  1.00000000000000e+00
  5.50440102602305e+04  1.00000000000000e+00  1.00000000000000e+00  1.00000000000000e+00  1.00000000000000e+00
  5.50477385197327e+04  1.00000000000000e+00  1.00000000000000e+00  1.00000000000000e+00  1.00000000000000e+00
  5.50514667792187e+04  1.00000000000000e+00  1.00000000000000e+00  1.00000000000000e+00  1.00000000000000e+00
  5.50551950389156e+04  1.00000000000000e+00  1.00000000000000e+00  1.00000000000000e+00  1.00000000000000e+00
  5.50589232988276e+04  1.00000000000000e+00  1.00000000000000e+00  1.00000000000000e+00  1.00000000000000e+00
  5.50626515587523e+04  1.00000000000000e+00  1.00000000000000e+00  1.00000000000000e+00  1.00000000000000e+00
  5.50663798176920e+04  1.00000000000000e+00  1.00000000000000e+00  1.00000000000000e+00  1.00000000000000e+00
  5.50701080766470e+04  1.00000000000000e+00  1.00000000000000e+00  1.00000000000000e+00  1.00000000000000e+00
  5.50738363355950e+04  1.00000000000000e+00  1.00000000000000e+00  1.00000000000000e+00  1.00000000000000e+00
  5.50775645948959e+04  1.00000000000000e+00  1.00000000000000e+00  1.00000000000000e+00  1.00000000000000e+00
  5.50812928540508e+04  1.00000000000000e+00  1.00000000000000e+00  1.00000000000000e+00  1.00000000000000e+00
  5.50850211138817e+04  1.00000000000000e+00  1.00000000000000e+00  1.00000000000000e+00  1.00000000000000e+00
  5.50887493735035e+04  1.00000000000000e+00  1.00000000000000e+00  1.00000000000000e+00  1.00000000000000e+00
  5.50924776337638e+04  1.00000000000000e+00  1.00000000000000e+00  1.00000000000000e+00  1.00000000000000e+00
  5.50962058933032e+04  1.00000000000000e+00  1.00000000000000e+00  1.00000000000000e+00  1.00000000000000e+00
  5.50999341528705e+04  1.00000000000000e+00  1.00000000000000e+00  1.00000000000000e+00  1.00000000000000e+00
  5.51036624126145e+04  1.00000000000000e+00  1.00000000000000e+00  1.00000000000000e+00  1.00000000000000e+00
  5.51073906731272e+04  1.00000000000000e+00  1.00000000000000e+00  1.00000000000000e+00  1.00000000000000e+00
  5.51111189331238e+04  1.00000000000000e+00  1.00000000000000e+00  1.00000000000000e+00  1.00000000000000e+00
  5.51148471931736e+04  1.00000000000000e+00  1.00000000000000e+00  1.00000000000000e+00  1.00000000000000e+00
  5.51185754533532e+04  1.00000000000000e+00  1.00000000000000e+00  1.00000000000000e+00  1.00000000000000e+00
  5.51223037136285e+04  1.00000000000000e+00  1.00000000000000e+00  1.00000000000000e+00  1.00000000000000e+00
  5.51260319739028e+04  1.00000000000000e+00  1.00000000000000e+00  1.00000000000000e+00  1.00000000000000e+00
  5.51297602341643e+04  1.00000000000000e+00  1.00000000000000e+00  1.00000000000000e+00  1.00000000000000e+00
  5.51334884955901e+04  1.00000000000000e+00  1.00000000000000e+00  1.00000000000000e+00  1.00000000000000e+00
  5.51372167579747e+04  1.00000000000000e+00  1.00000000000000e+00  1.00000000000000e+00  1.00000000000000e+00
  5.51409450204432e+04  1.00000000000000e+00  1.00000000000000e+00  1.00000000000000e+00  1.00000000000000e+00
  5.51446732828184e+04  1.00000000000000e+00  1.00000000000000e+00  1.00000000000000e+00  1.00000000000000e+00
  5.51484015456887e+04  1.00000000000000e+00  1.00000000000000e+00  1.00000000000000e+00  1.00000000000000e+00
  5.51521298083947e+04  1.00000000000000e+00  1.00000000000000e+00  1.00000000000000e+00  1.00000000000000e+00
  5.51558580714838e+04  1.00000000000000e+00  1.00000000000000e+00  1.00000000000000e+00  1.00000000000000e+00
  5.51595863342512e+04  1.00000000000000e+00  1.00000000000000e+00  1.00000000000000e+00  1.00000000000000e+00
  5.51633145972776e+04  1.00000000000000e+00  1.00000000000000e+00  1.00000000000000e+00  1.00000000000000e+00
  5.51670428604861e+04  1.00000000000000e+00  1.00000000000000e+00  1.00000000000000e+00  1.00000000000000e+00
  5.51707711238310e+04  1.00000000000000e+00  1.00000000000000e+00  1.00000000000000e+00  1.00000000000000e+00
  5.51744993868541e+04  1.00000000000000e+00  1.00000000000000e+00  1.00000000000000e+00  1.00000000000000e+00
  5.51782276498889e+04  1.00000000000000e+00  1.00000000000000e+00  1.00000000000000e+00  1.00000000000000e+00
  5.51819559130916e+04  1.00000000000000e+00  1.00000000000000e+00  1.00000000000000e+00  1.00000000000000e+00
  5.51856841759097e+04  1.00000000000000e+00  1.00000000000000e+00  1.00000000000000e+00  1.00000000000000e+00
  5.51894124385429e+04  1.00000000000000e+00  1.00000000000000e+00  1.00000000000000e+00  1.00000000000000e+00
  5.51931407018217e+04  1.00000000000000e+00  1.00000000000000e+00  1.00000000000000e+00  1.00000000000000e+00
  5.51968689648517e+04  1.00000000000000e+00  1.00000000000000e+00  1.00000000000000e+00  1.00000000000000e+00
  5.52005972278437e+04  1.00000000000000e+00  1.00000000000000e+00  1.00000000000000e+00  1.00000000000000e+00
  5.52043254902847e+04  1.00000000000000e+00  1.00000000000000e+00  1.00000000000000e+00  1.00000000000000e+00
  5.52080537529029e+04  1.00000000000000e+00  1.00000000000000e+00  1.00000000000000e+00  1.00000000000000e+00
  5.52117820162513e+04  1.00000000000000e+00  1.00000000000000e+00  1.00000000000000e+00  1.00000000000000e+00
  5.52165520841458e+04  0.00000000000000e+00  0.00000000000000e+00  0.00000000000000e+00  0.00000000000000e+00
  5.52173854169745e+04  1.00000000000000e+00  1.00000000000000e+00  1.00000000000000e+00  1.00000000000000e+00
  5.52211136802780e+04  1.00000000000000e+00  1.00000000000000e+00  1.00000000000000e+00  1.00000000000000e+00
  5.52248419443530e+04  1.00000000000000e+00  1.00000000000000e+00  1.00000000000000e+00  1.00000000000000e+00
  5.52285702079489e+04  1.00000000000000e+00  1.00000000000000e+00  1.00000000000000e+00  1.00000000000000e+00
  5.52322984714722e+04  1.00000000000000e+00  1.00000000000000e+00  1.00000000000000e+00  1.00000000000000e+00
  5.52360267350359e+04  1.00000000000000e+00  1.00000000000000e+00  1.00000000000000e+00  1.00000000000000e+00
  5.52397549987753e+04  1.00000000000000e+00  1.00000000000000e+00  1.00000000000000e+00  1.00000000000000e+00
  5.52434832622663e+04  1.00000000000000e+00  1.00000000000000e+00  1.00000000000000e+00  1.00000000000000e+00
  5.52472115257014e+04  1.00000000000000e+00  1.00000000000000e+00  1.00000000000000e+00  1.00000000000000e+00
  5.52509397893554e+04  1.00000000000000e+00  1.00000000000000e+00  1.00000000000000e+00  1.00000000000000e+00
  5.52546680526262e+04  1.00000000000000e+00  1.00000000000000e+00  1.00000000000000e+00  1.00000000000000e+00
  5.52583963156390e+04  1.00000000000000e+00  1.00000000000000e+00  1.00000000000000e+00  1.00000000000000e+00
  5.52621245789735e+04  1.00000000000000e+00  1.00000000000000e+00  1.00000000000000e+00  1.00000000000000e+00
  5.52658528421239e+04  1.00000000000000e+00  1.00000000000000e+00  1.00000000000000e+00  1.00000000000000e+00
  5.52695811051053e+04  1.00000000000000e+00  1.00000000000000e+00  1.00000000000000e+00  1.00000000000000e+00
  5.52733093683970e+04  1.00000000000000e+00  1.00000000000000e+00  1.00000000000000e+00  1.00000000000000e+00
  5.52770376311783e+04  1.00000000000000e+00  1.00000000000000e+00  1.00000000000000e+00  1.00000000000000e+00
  5.52807658942233e+04  1.00000000000000e+00  1.00000000000000e+00  1.00000000000000e+00  1.00000000000000e+00
  5.52844941567778e+04  1.00000000000000e+00  1.00000000000000e+00  1.00000000000000e+00  1.00000000000000e+00
  5.52882224194721e+04  1.00000000000000e+00  1.00000000000000e+00  1.00000000000000e+00  1.00000000000000e+00
  5.52919506822883e+04  1.00000000000000e+00  1.00000000000000e+00  1.00000000000000e+00  1.00000000000000e+00
  5.52956789449477e+04  1.00000000000000e+00  1.00000000000000e+00  1.00000000000000e+00  1.00000000000000e+00
  5.52994072082292e+04  1.00000000000000e+00  1.00000000000000e+00  1.00000000000000e+00  1.00000000000000e+00
  5.53031354689351e+04  1.00000000000000e+00  1.00000000000000e+00  1.00000000000000e+00  1.00000000000000e+00
  5.53068637307153e+04  1.00000000000000e+00  1.00000000000000e+00  1.00000000000000e+00  1.00000000000000e+00
  5.53105919921295e+04  1.00000000000000e+00  1.00000000000000e+00  1.00000000000000e+00  1.00000000000000e+00
  5.53143202539166e+04  1.00000000000000e+00  1.00000000000000e+00  1.00000000000000e+00  1.00000000000000e+00
  5.53180485151423e+04  1.00000000000000e+00  1.00000000000000e+00  1.00000000000000e+00  1.00000000000000e+00
  5.53217767755938e+04  1.00000000000000e+00  1.00000000000000e+00  1.00000000000000e+00  1.00000000000000e+00
  5.53255050355323e+04  1.00000000000000e+00  1.00000000000000e+00  1.00000000000000e+00  1.00000000000000e+00
  5.53296666673832e+04  0.00000000000000e+00  0.00000000000000e+00  0.00000000000000e+00  0.00000000000000e+00
  5.53303541667384e+04  1.00000000000000e+00  1.00000000000000e+00  1.00000000000000e+00  1.00000000000000e+00
  5.53340824270844e+04  1.00000000000000e+00  1.00000000000000e+00  1.00000000000000e+00  1.00000000000000e+00
  5.53378106864109e+04  1.00000000000000e+00  1.00000000000000e+00  1.00000000000000e+00  1.00000000000000e+00
  5.53415389454630e+04  1.00000000000000e+00  1.00000000000000e+00  1.00000000000000e+00  1.00000000000000e+00
  5.53452672048843e+04  1.00000000000000e+00  1.00000000000000e+00  1.00000000000000e+00  1.00000000000000e+00
  5.53490416671389e+04  0.00000000000000e+00  0.00000000000000e+00  0.00000000000000e+00  0.00000000000000e+00
  5.53505625001794e+04  1.00000000000000e+00  1.00000000000000e+00  1.00000000000000e+00  1.00000000000000e+00
  5.53543750006228e+04  0.00000000000000e+00  0.00000000000000e+00  0.00000000000000e+00  0.00000000000000e+00
  5.53557500005092e+04  1.00000000000000e+00  1.00000000000000e+00  1.00000000000000e+00  1.00000000000000e+00
  5.53594782584873e+04  1.00000000000000e+00  1.00000000000000e+00  1.00000000000000e+00  1.00000000000000e+00
  5.53632065162419e+04  1.00000000000000e+00  1.00000000000000e+00  1.00000000000000e+00  1.00000000000000e+00
  5.53669347743219e+04  1.00000000000000e+00  1.00000000000000e+00  1.00000000000000e+00  1.00000000000000e+00
  5.53706630308182e+04  1.00000000000000e+00  1.00000000000000e+00  1.00000000000000e+00  1.00000000000000e+00
  5.53743912874547e+04  1.00000000000000e+00  1.00000000000000e+00  1.00000000000000e+00  1.00000000000000e+00
  5.53781195438597e+04  1.00000000000000e+00  1.00000000000000e+00  1.00000000000000e+00  1.00000000000000e+00
  5.53818478005637e+04  1.00000000000000e+00  1.00000000000000e+00  1.00000000000000e+00  1.00000000000000e+00
  5.53855760570277e+04  1.00000000000000e+00  1.00000000000000e+00  1.00000000000000e+00  1.00000000000000e+00
  5.53893043136504e+04  1.00000000000000e+00  1.00000000000000e+00  1.00000000000000e+00  1.00000000000000e+00
  5.53930325701100e+04  1.00000000000000e+00  1.00000000000000e+00  1.00000000000000e+00  1.00000000000000e+00
  5.53967608272834e+04  1.00000000000000e+00  1.00000000000000e+00  1.00000000000000e+00  1.00000000000000e+00
  5.54004890837303e+04  1.00000000000000e+00  1.00000000000000e+00  1.00000000000000e+00  1.00000000000000e+00
  5.54042173407055e+04  1.00000000000000e+00  1.00000000000000e+00  1.00000000000000e+00  1.00000000000000e+00
  5.54116738545463e+04  0.00000000000000e+00  0.00000000000000e+00  0.00000000000000e+00  0.00000000000000e+00
