  5.21309998712442e+04  3.86079406738281e+00  2.37371865659952e-03 -1.00570750236511e+00  0.00000000000000e+00
  5.21347281046878e+04  3.85746288299561e+00  1.88339257147163e-03 -9.89828348159790e-01  0.00000000000000e+00
  5.21384563382441e+04  3.84426927566528e+00  2.17854604125023e-03 -9.27665948867798e-01  0.00000000000000e+00
  5.21421845719525e+04  3.84163093566895e+00  2.26664543151855e-03 -8.88058423995972e-01  0.00000000000000e+00
  5.21459128054655e+04  3.83903574943542e+00  2.27773049846292e-03 -1.01712870597839e+00  0.00000000000000e+00
  5.21496410384886e+04  3.83131980895996e+00  2.39832955412567e-03 -9.62702631950378e-01  0.00000000000000e+00
  5.21533692710499e+04  3.82659888267517e+00  2.44623003527522e-03 -1.01104855537415e+00  0.00000000000000e+00
  5.21570975034480e+04  3.82687377929688e+00  2.84012523479760e-03 -1.02124989032745e+00  0.00000000000000e+00
  5.21608257388101e+04  3.81787323951721e+00  2.15177773497999e-03 -9.60886120796204e-01  0.00000000000000e+00
  5.21666250005311e+04  0.00000000000000e+00  3.91754368320107e-03 -7.21798121929169e-01  0.00000000000000e+00
  5.21673750004977e+04  3.81659317016602e+00  2.56956415250897e-03 -9.29794669151306e-01  0.00000000000000e+00
  5.21711032361123e+04  3.81301665306091e+00  2.65281554311514e-03 -9.27798807621002e-01  0.00000000000000e+00
  5.21748314705902e+04  3.80916714668274e+00  2.48690322041512e-03 -9.89400804042816e-01  0.00000000000000e+00
  5.21785597052801e+04  3.80037403106689e+00  2.33546202071011e-03 -9.81091320514679e-01  0.00000000000000e+00
  5.21822879417800e+04  3.80047082901001e+00  2.26855278015137e-03 -9.84543323516846e-01  0.00000000000000e+00
  5.21860161770762e+04  3.79284906387329e+00  2.70762154832482e-03 -8.66987824440002e-01  0.00000000000000e+00
  5.21897444126146e+04  3.79203844070435e+00  1.99975911527872e-03 -1.03231060504913e+00  0.00000000000000e+00
  5.21934726508287e+04  3.79072594642639e+00  2.26563564501703e-03 -9.40981626510620e-01  0.00000000000000e+00
  5.21972008871654e+04  3.78491020202637e+00  2.16612988151610e-03 -1.00764095783234e+00  0.00000000000000e+00
  5.22009291248667e+04  3.78558683395386e+00  2.09561665542424e-03 -1.05603241920471e+00  0.00000000000000e+00
  5.22046573620418e+04  3.77955555915833e+00  1.96271156892180e-03 -1.01937270164490e+00  0.00000000000000e+00
  5.22083856009492e+04  3.78154826164246e+00  2.28168675675988e-03 -9.55283880233765e-01  0.00000000000000e+00
  5.22121138397650e+04  3.77341628074646e+00  2.09460197947919e-03 -9.42323088645935e-01  0.00000000000000e+00
  5.22186875000291e+04  0.00000000000000e+00  2.97874934040010e-03 -8.17850828170776e-01  0.00000000000000e+00
  5.22200000003866e+04  3.77359652519226e+00  2.63416650705040e-03 -9.89206969738007e-01  0.00000000000000e+00
  5.22237282384665e+04  3.76943469047546e+00  1.97206134907901e-03 -9.13730919361115e-01  0.00000000000000e+00
  5.22274564790914e+04  3.77112507820129e+00  2.00990075245500e-03 -9.68274831771851e-01  0.00000000000000e+00
  5.22311847183681e+04  3.76711225509644e+00  2.20265402458608e-03 -1.01321113109589e+00  0.00000000000000e+00
  5.22349129592338e+04  3.76474976539612e+00  2.21016095019877e-03 -8.67607176303864e-01  0.00000000000000e+00
  5.22386411994585e+04  3.76768255233765e+00  2.16017221100628e-03 -9.71182763576508e-01  0.00000000000000e+00
  5.22423694396595e+04  3.76577901840210e+00  2.18503689393401e-03 -1.06605494022369e+00  0.00000000000000e+00
  5.22460976815904e+04  3.76534128189087e+00  2.13389191776514e-03 -9.93808567523956e-01  0.00000000000000e+00
  5.22498259227721e+04  3.76361441612244e+00  2.07594921812415e-03 -9.21933174133301e-01  0.00000000000000e+00
  5.22535541654237e+04  3.76170754432678e+00  2.22369609400630e-03 -9.42027509212494e-01  0.00000000000000e+00
  5.22572824069863e+04  3.76330494880676e+00  1.87574303708971e-03 -9.85003769397736e-01  0.00000000000000e+00
  5.22610106485685e+04  3.75919055938721e+00  2.24368856288493e-03 -9.12072002887726e-01  0.00000000000000e+00
  5.22647388921238e+04  3.75874185562134e+00  2.02318630181253e-03 -1.02646684646606e+00  0.00000000000000e+00
  5.22684671344480e+04  3.76045155525208e+00  2.11483752354980e-03 -1.02289235591888e+00  0.00000000000000e+00
  5.22721953767513e+04  3.75805544853210e+00  2.35628336668015e-03 -9.10467088222504e-01  0.00000000000000e+00
  5.22759236210716e+04  3.75872921943665e+00  2.00817803852260e-03 -1.00442779064178e+00  0.00000000000000e+00
  5.22796518640708e+04  3.76417779922485e+00  2.16658110730350e-03 -9.96196568012238e-01  0.00000000000000e+00
  5.22833801074191e+04  3.75628924369812e+00  2.00561061501503e-03 -1.02498376369476e+00  0.00000000000000e+00
  5.22906250006377e+04  0.00000000000000e+00  2.74034193716943e-03 -8.31073403358459e-01  0.00000000000000e+00
  5.22909791668705e+04  3.75986671447754e+00  2.05036532133818e-03 -1.03831326961517e+00  0.00000000000000e+00
  5.22947074099965e+04  3.76084208488464e+00  2.03990936279297e-03 -1.06946051120758e+00  0.00000000000000e+00
  5.22984356532778e+04  3.76061654090881e+00  2.16356571763754e-03 -9.41307425498962e-01  0.00000000000000e+00
  5.23021638964097e+04  3.75853443145752e+00  2.35325074754655e-03 -8.67826342582703e-01  0.00000000000000e+00
  5.23058921412292e+04  3.75974988937378e+00  1.90388294868171e-03 -9.49828684329987e-01  0.00000000000000e+00
  5.23096203838263e+04  3.75632977485657e+00  2.06487393006682e-03 -9.53850686550140e-01  0.00000000000000e+00
  5.23133486272152e+04  3.76235246658325e+00  2.17197090387344e-03 -9.57618355751038e-01  0.00000000000000e+00
  5.23170768706330e+04  3.75586605072021e+00  2.19023181125522e-03 -9.30589914321899e-01  0.00000000000000e+00
  5.23208051139422e+04  3.76395344734192e+00  2.34228395856917e-03 -9.96351778507233e-01  0.00000000000000e+00
  5.23245333573670e+04  3.76297998428345e+00  2.18024663627148e-03 -1.02970612049103e+00  0.00000000000000e+00
  5.23310833333993e+04  0.00000000000000e+00  3.68923600763083e-03 -7.79290020465851e-01  0.00000000000000e+00
  5.23314319452801e+04  3.76281690597534e+00  2.08187405951321e-03 -9.44730043411255e-01  0.00000000000000e+00
  5.23351601865557e+04  3.75739002227783e+00  2.54751672036946e-03 -1.02534246444702e+00  0.00000000000000e+00
  5.23388884279237e+04  3.75946116447449e+00  2.82512535341084e-03 -9.62613761425018e-01  0.00000000000000e+00
  5.23426166692837e+04  3.75712299346924e+00  2.25094310007989e-03 -9.47010993957520e-01  0.00000000000000e+00
  5.23463454437963e+04  3.76810073852539e+00  2.42605502717197e-03 -1.00911247730255e+00  0.00000000000000e+00
  5.23500736851830e+04  3.76222109794617e+00  2.24045314826071e-03 -9.72439169883728e-01  0.00000000000000e+00
  5.23538019251796e+04  3.76804518699646e+00  1.99837167747319e-03 -9.68438625335693e-01  0.00000000000000e+00
  5.23575301658831e+04  3.76042532920837e+00  2.33834492973983e-03 -9.82213437557220e-01  0.00000000000000e+00
  5.23612584067327e+04  3.76070308685303e+00  2.32216203585267e-03 -1.03125834465027e+00  0.00000000000000e+00
  5.23649866475621e+04  3.76057314872742e+00  2.40877550095320e-03 -9.61928963661194e-01  0.00000000000000e+00
  5.23687148867256e+04  3.76476383209229e+00  2.40364135242999e-03 -1.07972753047943e+00  0.00000000000000e+00
  5.23724431268555e+04  3.76609683036804e+00  1.95829290896654e-03 -1.04375433921814e+00  0.00000000000000e+00
  5.23761713670463e+04  3.76501441001892e+00  2.35408754087985e-03 -1.01371991634369e+00  0.00000000000000e+00
  5.23798996071354e+04  3.77159500122070e+00  1.99756771326065e-03 -1.02801740169525e+00  0.00000000000000e+00
  5.23836278454978e+04  3.77047228813171e+00  2.23948317579925e-03 -9.12495076656342e-01  0.00000000000000e+00
  5.23873560850139e+04  3.77111840248108e+00  2.15093418955803e-03 -8.83832097053528e-01  0.00000000000000e+00
  5.23910843245219e+04  3.76942753791809e+00  2.24066758528352e-03 -8.81226241588593e-01  0.00000000000000e+00
  5.23948125638634e+04  3.77199268341064e+00  2.08739261142910e-03 -1.02350366115570e+00  0.00000000000000e+00
  5.23985408019004e+04  3.77041268348694e+00  2.05886550247669e-03 -9.63542163372040e-01  0.00000000000000e+00
  5.24025833334432e+04  0.00000000000000e+00  2.86979367956519e-03 -8.07503044605255e-01  0.00000000000000e+00
  5.24030000000625e+04  3.77502512931824e+00  1.87090982217342e-03 -9.71075773239136e-01  0.00000000000000e+00
  5.24067282394317e+04  3.77131867408752e+00  1.91508396528661e-03 -9.72496986389160e-01  0.00000000000000e+00
  5.24104564765857e+04  3.77390360832214e+00  1.99704943224788e-03 -1.10438823699951e+00  0.00000000000000e+00
  5.24141847149456e+04  3.77504897117615e+00  2.16385768726468e-03 -1.00536119937897e+00  0.00000000000000e+00
  5.24179129531945e+04  3.77617955207825e+00  2.19363695941865e-03 -9.37052547931671e-01  0.00000000000000e+00
  5.24216411914606e+04  3.77260351181030e+00  2.07417039200664e-03 -9.03609275817871e-01  0.00000000000000e+00
  5.24253694287349e+04  3.77736711502075e+00  1.97585416026413e-03 -9.78613972663879e-01  0.00000000000000e+00
  5.24290976669918e+04  3.77931952476501e+00  2.23718490451574e-03 -9.88399684429169e-01  0.00000000000000e+00
  5.24328259041668e+04  3.78124189376831e+00  2.18553864397109e-03 -1.00711238384247e+00  0.00000000000000e+00
  5.24365541420325e+04  3.78014302253723e+00  2.05364893190563e-03 -9.40833568572998e-01  0.00000000000000e+00
  5.24402823800278e+04  3.77781486511230e+00  1.89427705481648e-03 -8.98761928081512e-01  0.00000000000000e+00
  5.24440106186989e+04  3.77890801429749e+00  2.05304753035307e-03 -9.67502772808075e-01  0.00000000000000e+00
  5.24477388564212e+04  3.77388834953308e+00  2.30250018648803e-03 -9.46171939373016e-01  0.00000000000000e+00
  5.24514670942081e+04  3.77606201171875e+00  2.25065555423498e-03 -9.90213811397552e-01  0.00000000000000e+00
  5.24551953321051e+04  3.78211688995361e+00  1.85397686436772e-03 -9.70169782638550e-01  0.00000000000000e+00
  5.24589235701482e+04  3.78202939033508e+00  2.12409021332860e-03 -1.05109763145447e+00  0.00000000000000e+00
  5.24626518080290e+04  3.77985811233521e+00  2.07883468829095e-03 -9.93812024593353e-01  0.00000000000000e+00
  5.24663800463357e+04  3.78287124633789e+00  2.14263144880533e-03 -9.45405840873718e-01  0.00000000000000e+00
  5.24701082845033e+04  3.78358340263367e+00  2.26271525025368e-03 -9.61393117904663e-01  0.00000000000000e+00
  5.24738365227226e+04  3.77749943733215e+00  1.98916601948440e-03 -9.81699526309967e-01  0.00000000000000e+00
  5.24775647610486e+04  3.78326106071472e+00  2.17021652497351e-03 -9.80974256992340e-01  0.00000000000000e+00
  5.24812929993751e+04  3.78262209892273e+00  2.32580234296620e-03 -9.68954265117645e-01  0.00000000000000e+00
  5.24856222230941e+04  0.00000000000000e+00  3.27686592936516e-03 -8.22839498519897e-01  0.00000000000000e+00
  5.24860416675244e+04  3.78122234344482e+00  2.04780348576605e-03 -1.00099897384644e+00  0.00000000000000e+00
  5.24897699064444e+04  3.78461027145386e+00  2.03500408679247e-03 -1.00614738464355e+00  0.00000000000000e+00
  5.24934981452383e+04  3.78539276123047e+00  2.71598482504487e-03 -8.88536691665649e-01  0.00000000000000e+00
  5.24972263845592e+04  3.78135561943054e+00  1.98753993026912e-03 -1.03460311889648e+00  0.00000000000000e+00
  5.25009546240938e+04  3.78622007369995e+00  2.49856687150896e-03 -9.37323868274689e-01  0.00000000000000e+00
  5.25046828637420e+04  3.78421592712402e+00  2.01586470939219e-03 -9.36985552310944e-01  0.00000000000000e+00
  5.25084111030511e+04  3.77428627014160e+00  2.30823853053153e-03 -9.26543891429901e-01  0.00000000000000e+00
  5.25121393429733e+04  3.77842783927917e+00  2.57988297380507e-03 -8.95740270614624e-01  0.00000000000000e+00
  5.25158675834341e+04  3.78556370735168e+00  2.39331414923072e-03 -1.03274464607239e+00  0.00000000000000e+00
  5.25195958241482e+04  3.78419232368469e+00  2.21998640336096e-03 -9.31480646133423e-01  0.00000000000000e+00
  5.25233240649617e+04  3.78252482414246e+00  2.27236421778798e-03 -9.54235494136810e-01  0.00000000000000e+00
  5.25270523062860e+04  3.78989529609680e+00  2.04726611264050e-03 -9.49355125427246e-01  0.00000000000000e+00
  5.25307805478415e+04  3.78302240371704e+00  2.07076920196414e-03 -1.02099776268005e+00  0.00000000000000e+00
  5.25345087894956e+04  3.79032397270203e+00  2.33368412591517e-03 -9.71052765846252e-01  0.00000000000000e+00
  5.25382370321655e+04  3.78478813171387e+00  2.37937597557902e-03 -9.16693687438965e-01  0.00000000000000e+00
  5.25419652742176e+04  3.78454089164734e+00  2.40519922226667e-03 -9.60907638072968e-01  0.00000000000000e+00
  5.25456935170960e+04  3.78396439552307e+00  2.62561929412186e-03 -9.31885182857513e-01  0.00000000000000e+00
  5.25494217600163e+04  3.78776836395264e+00  1.90698355436325e-03 -1.05358362197876e+00  0.00000000000000e+00
  5.25531500037061e+04  3.78608584403992e+00  2.27445620112121e-03 -1.01576721668243e+00  0.00000000000000e+00
  5.25568782474317e+04  3.78956937789917e+00  2.01938161626458e-03 -9.31421756744385e-01  0.00000000000000e+00
  5.25606064916724e+04  3.78622984886169e+00  2.49412958510220e-03 -8.54090213775635e-01  0.00000000000000e+00
  5.25643347360701e+04  3.77563333511353e+00  2.13797902688384e-03 -9.58702743053436e-01  0.00000000000000e+00
  5.25680629809515e+04  3.77915096282959e+00  2.56715342402458e-03 -9.43620145320892e-01  0.00000000000000e+00
  5.25717912263321e+04  3.78754854202271e+00  2.21375119872391e-03 -1.00254118442535e+00  0.00000000000000e+00
  5.25755194716573e+04  3.78263974189758e+00  2.00556847266853e-03 -9.76547300815582e-01  0.00000000000000e+00
  5.25792477174966e+04  3.78422260284424e+00  2.43709632195532e-03 -1.05045485496521e+00  0.00000000000000e+00
  5.25837534723345e+04  0.00000000000000e+00  3.14126419834793e-03 -8.59896719455719e-01  0.00000000000000e+00
  5.25841701397489e+04  3.78568172454834e+00  2.01193522661924e-03 -1.00962007045746e+00  0.00000000000000e+00
  5.25878983861064e+04  3.78393983840942e+00  2.13335803709924e-03 -9.33364570140839e-01  0.00000000000000e+00
  5.25916266333611e+04  3.78589725494385e+00  2.35441140830517e-03 -9.80167031288147e-01  0.00000000000000e+00
  5.25953548807548e+04  3.79081296920776e+00  2.37116077914834e-03 -9.52166795730591e-01  0.00000000000000e+00
  5.25990831280567e+04  3.78997755050659e+00  2.24050693213940e-03 -9.28388893604279e-01  0.00000000000000e+00
  5.26028113759826e+04  3.78679561614990e+00  2.29247868992388e-03 -9.23380851745605e-01  0.00000000000000e+00
  5.26065396240590e+04  3.78601670265198e+00  2.09138100035489e-03 -9.69238877296448e-01  0.00000000000000e+00
  5.26102678727603e+04  3.78769898414612e+00  2.08555301651359e-03 -9.49266076087952e-01  0.00000000000000e+00
  5.26139961216850e+04  3.79040884971619e+00  2.14653019793332e-03 -9.84137535095215e-01  0.00000000000000e+00
  5.26177243702362e+04  3.79028344154358e+00  1.92080228589475e-03 -1.01134037971497e+00  0.00000000000000e+00
  5.26214526189282e+04  3.79101943969727e+00  1.90530205145478e-03 -1.03976821899414e+00  0.00000000000000e+00
  5.26251808682280e+04  3.78958487510681e+00  2.18814052641392e-03 -9.83884751796722e-01  0.00000000000000e+00
  5.26289091173854e+04  3.79252338409424e+00  2.07424024119973e-03 -9.41964149475098e-01  0.00000000000000e+00
  5.26326373670115e+04  3.78893566131592e+00  2.22563650459051e-03 -9.19399499893188e-01  0.00000000000000e+00
  5.26363656168773e+04  3.79528808593750e+00  1.95751362480223e-03 -1.01554143428802e+00  0.00000000000000e+00
  5.26400938668259e+04  3.79016494750977e+00  2.20819748938084e-03 -9.77981865406036e-01  0.00000000000000e+00
  5.26438221163124e+04  3.79344606399536e+00  2.13961466215551e-03 -9.68698084354401e-01  0.00000000000000e+00
  5.26475503659920e+04  3.79818439483643e+00  2.02349433675408e-03 -9.62649405002594e-01  0.00000000000000e+00
  5.26512786158798e+04  3.79367637634277e+00  1.91556545905769e-03 -1.01337671279907e+00  0.00000000000000e+00
  5.26550068659445e+04  3.79066276550293e+00  2.09554983302951e-03 -8.95298779010773e-01  0.00000000000000e+00
  5.26587351156539e+04  3.79488277435303e+00  2.06299545243382e-03 -9.37938749790192e-01  0.00000000000000e+00
  5.26624633655925e+04  3.79935479164124e+00  2.00327928178012e-03 -9.45677459239960e-01  0.00000000000000e+00
  5.26661916156413e+04  3.79611110687256e+00  2.43995548225939e-03 -9.42434489727020e-01  0.00000000000000e+00
  5.26699198654307e+04  3.79452848434448e+00  1.86255946755409e-03 -1.00289249420166e+00  0.00000000000000e+00
  5.26736481151680e+04  3.79835343360901e+00  1.95694784633815e-03 -9.66438114643097e-01  0.00000000000000e+00
  5.26773763648982e+04  3.80378007888794e+00  2.18502897769213e-03 -9.34314429759979e-01  0.00000000000000e+00
  5.26811046147626e+04  3.80294823646545e+00  2.20301863737404e-03 -9.96843039989471e-01  0.00000000000000e+00
  5.26848328644617e+04  3.80327773094177e+00  2.30020168237388e-03 -9.63176846504211e-01  0.00000000000000e+00
  5.26885611139423e+04  3.80806970596313e+00  2.64689931645989e-03 -9.88047540187836e-01  0.00000000000000e+00
  5.26922893634259e+04  3.80225658416748e+00  2.30870535597205e-03 -1.03797507286072e+00  0.00000000000000e+00
  5.26960176121805e+04  3.80181646347046e+00  2.26555252447724e-03 -9.72769498825073e-01  0.00000000000000e+00
  5.26997458612754e+04  3.80487322807312e+00  2.08827154710889e-03 -1.02980601787567e+00  0.00000000000000e+00
  5.27034741103102e+04  3.80216765403748e+00  2.08065449260175e-03 -9.80017662048340e-01  0.00000000000000e+00
  5.27105243062604e+04  0.00000000000000e+00  3.58847621828318e-03 -7.34453022480011e-01  0.00000000000000e+00
  5.27109687506251e+04  3.80192303657532e+00  2.31759320013225e-03 -9.32929515838623e-01  0.00000000000000e+00
  5.27146969988937e+04  3.80998468399048e+00  2.20104050822556e-03 -1.05252182483673e+00  0.00000000000000e+00
  5.27184252469372e+04  3.80500578880310e+00  1.81678228545934e-03 -1.04539811611176e+00  0.00000000000000e+00
  5.27221534948681e+04  3.80755448341370e+00  1.99717073701322e-03 -1.00864779949188e+00  0.00000000000000e+00
  5.27258817421399e+04  3.81029701232910e+00  2.96637276187539e-03 -9.12291169166565e-01  0.00000000000000e+00
  5.27296099896597e+04  3.81368160247803e+00  2.23168032243848e-03 -1.03550040721893e+00  0.00000000000000e+00
  5.27333382370183e+04  3.80973029136658e+00  2.35881004482508e-03 -9.56036746501923e-01  0.00000000000000e+00
  5.27370664842964e+04  3.80779647827148e+00  2.55005364306271e-03 -9.15940403938293e-01  0.00000000000000e+00
  5.27407947308785e+04  3.80540943145752e+00  1.84336188249290e-03 -1.04336130619049e+00  0.00000000000000e+00
  5.27445229778971e+04  3.81187248229980e+00  2.28960975073278e-03 -9.59402441978455e-01  0.00000000000000e+00
  5.27482512241632e+04  3.80839323997498e+00  2.21854890696704e-03 -9.40183401107788e-01  0.00000000000000e+00
  5.27519794701100e+04  3.81376385688782e+00  2.21438775770366e-03 -9.31708037853241e-01  0.00000000000000e+00
  5.27557077160625e+04  3.81183910369873e+00  2.71154101938009e-03 -8.94956886768341e-01  0.00000000000000e+00
  5.27594359619791e+04  3.81239032745361e+00  2.15298705734313e-03 -9.28263425827026e-01  0.00000000000000e+00
  5.27631642074339e+04  3.81051039695740e+00  1.96942919865251e-03 -9.35746252536774e-01  0.00000000000000e+00
  5.27668924532698e+04  3.81205797195435e+00  2.28174007497728e-03 -9.13555085659027e-01  0.00000000000000e+00
  5.27706206984282e+04  3.81714463233948e+00  2.07829638384283e-03 -1.03128361701965e+00  0.00000000000000e+00
  5.27743489435764e+04  3.81881523132324e+00  2.06636288203299e-03 -1.01790273189545e+00  0.00000000000000e+00
  5.27780771884849e+04  3.81669902801514e+00  2.02912185341120e-03 -9.50463354587555e-01  0.00000000000000e+00
  5.27842805563626e+04  0.00000000000000e+00  2.89101293310523e-03 -8.35842013359070e-01  0.00000000000000e+00
  5.27844027786088e+04  3.82099628448486e+00  2.10166396573186e-03 -9.82321977615356e-01  0.00000000000000e+00
  5.27881310232478e+04  3.82288312911987e+00  1.98056898079813e-03 -9.73150670528412e-01  0.00000000000000e+00
  5.27918592680822e+04  3.82404637336731e+00  2.10692011751235e-03 -9.05203759670258e-01  0.00000000000000e+00
  5.27955875126842e+04  3.82370042800903e+00  1.99324032291770e-03 -9.67653810977936e-01  0.00000000000000e+00
  5.27993157572732e+04  3.82091188430786e+00  1.96790485642850e-03 -9.54504191875458e-01  0.00000000000000e+00
  5.28030440014165e+04  3.81855893135071e+00  2.42912606336176e-03 -9.16361570358276e-01  0.00000000000000e+00
  5.28067722459874e+04  3.82235121726990e+00  2.06056213937700e-03 -9.63175117969513e-01  0.00000000000000e+00
  5.28105004902533e+04  3.82774782180786e+00  2.11896188557148e-03 -1.00329101085663e+00  0.00000000000000e+00
  5.28142287348231e+04  3.82528781890869e+00  2.12543061934412e-03 -1.01601505279541e+00  0.00000000000000e+00
  5.28179569794535e+04  3.82503223419189e+00  2.11109360679984e-03 -9.74339127540588e-01  0.00000000000000e+00
  5.28216852238264e+04  3.83066201210022e+00  2.01069028116763e-03 -9.94147717952728e-01  0.00000000000000e+00
  5.28254134681968e+04  3.82735919952393e+00  2.09601782262325e-03 -9.61700618267059e-01  0.00000000000000e+00
  5.28291417126077e+04  3.83017730712891e+00  2.01620673760772e-03 -9.56431567668915e-01  0.00000000000000e+00
  5.28328699572778e+04  3.83158016204834e+00  2.02511297538877e-03 -1.04199707508087e+00  0.00000000000000e+00
  5.28365982017326e+04  3.82979726791382e+00  1.90482311882079e-03 -9.80244100093842e-01  0.00000000000000e+00
  5.28403264464155e+04  3.83246159553528e+00  1.89187191426754e-03 -1.02833080291748e+00  0.00000000000000e+00
  5.28440546913483e+04  3.82791304588318e+00  2.44162557646632e-03 -9.14070725440979e-01  0.00000000000000e+00
  5.28477829362940e+04  3.83130979537964e+00  1.83262815698981e-03 -1.09474468231201e+00  0.00000000000000e+00
  5.28515111814664e+04  3.83172488212585e+00  2.18215514905751e-03 -9.31273937225342e-01  0.00000000000000e+00
  5.28552394266678e+04  3.83152294158936e+00  2.20192992128432e-03 -8.89852404594421e-01  0.00000000000000e+00
  5.28616458338831e+04  0.00000000000000e+00  3.25080659240484e-03 -7.83578813076019e-01  0.00000000000000e+00
  5.28640500002661e+04  3.82867741584778e+00  2.15023220516741e-03 -9.51623141765594e-01  0.00000000000000e+00
  5.28677782463252e+04  3.83325600624084e+00  2.14641937054694e-03 -9.86219882965088e-01  0.00000000000000e+00
  5.28715064921828e+04  3.83493518829346e+00  2.29469966143370e-03 -8.92622649669647e-01  0.00000000000000e+00
  5.28752347380728e+04  3.82705140113831e+00  2.18713027425110e-03 -8.87236773967743e-01  0.00000000000000e+00
  5.28789629845798e+04  3.83437800407410e+00  2.09881295450032e-03 -1.01808094978333e+00  0.00000000000000e+00
  5.28826912314675e+04  3.83098030090332e+00  2.12250370532274e-03 -9.82002615928650e-01  0.00000000000000e+00
  5.28864194783946e+04  3.83256411552429e+00  2.15487973764539e-03 -9.85214829444885e-01  0.00000000000000e+00
  5.28901477258496e+04  3.83025383949280e+00  2.11152550764382e-03 -9.77345824241638e-01  0.00000000000000e+00
  5.28938759731133e+04  3.83276033401489e+00  2.52018612809479e-03 -1.00212693214417e+00  0.00000000000000e+00
  5.28976042206586e+04  3.83937382698059e+00  1.90370040945709e-03 -1.03756034374237e+00  0.00000000000000e+00
  5.29013324691480e+04  3.83244705200195e+00  2.01568845659494e-03 -8.47707688808441e-01  0.00000000000000e+00
  5.29050607172223e+04  3.83448290824890e+00  2.08176672458649e-03 -8.97625446319580e-01  0.00000000000000e+00
  5.29087889662813e+04  3.83390212059021e+00  2.25210445933044e-03 -1.05025899410248e+00  0.00000000000000e+00
  5.29125172149849e+04  3.83943986892700e+00  1.99585012160242e-03 -9.49367761611938e-01  0.00000000000000e+00
  5.29162454641355e+04  3.83585071563721e+00  1.91724370233715e-03 -9.69611704349518e-01  0.00000000000000e+00
  5.29199737135832e+04  3.83188867568970e+00  2.20049172639847e-03 -1.06800019741058e+00  0.00000000000000e+00
  5.29237019635197e+04  3.83684897422791e+00  2.29185447096825e-03 -9.86968517303467e-01  0.00000000000000e+00
  5.29274302138241e+04  3.83971047401428e+00  1.83884042780846e-03 -1.00763380527496e+00  0.00000000000000e+00
  5.29311584640753e+04  3.83780622482300e+00  2.29584518820047e-03 -9.65710043907166e-01  0.00000000000000e+00
  5.29348867147976e+04  3.83611726760864e+00  1.98888732120395e-03 -9.35478687286377e-01  0.00000000000000e+00
  5.29409479171836e+04  0.00000000000000e+00  2.86712287925184e-03 -7.84581243991852e-01  0.00000000000000e+00
  5.29411805560647e+04  3.83260178565979e+00  2.27939849719405e-03 -9.59053695201874e-01  0.00000000000000e+00
  5.29449088066563e+04  3.83541131019592e+00  2.32098600827157e-03 -9.12569046020508e-01  0.00000000000000e+00
  5.29486370585787e+04  3.83657336235046e+00  2.20331922173500e-03 -9.75810050964355e-01  0.00000000000000e+00
  5.29555659730705e+04  0.00000000000000e+00  2.63548572547734e-03 -8.28096270561218e-01  0.00000000000000e+00
  5.29560000001954e+04  3.84119439125061e+00  2.13922676630318e-03 -1.07455646991730e+00  0.00000000000000e+00
  5.29597282524491e+04  3.84117579460144e+00  1.89388974104077e-03 -1.02324342727661e+00  0.00000000000000e+00
  5.29634565048934e+04  3.83961749076843e+00  2.04152846708894e-03 -9.48789775371552e-01  0.00000000000000e+00
  5.29671847584781e+04  3.84093379974365e+00  1.98891106992960e-03 -9.76904213428497e-01  0.00000000000000e+00
  5.29709130114583e+04  3.83599734306335e+00  2.11806944571435e-03 -8.48239481449127e-01  0.00000000000000e+00
  5.29746412646610e+04  3.83968329429626e+00  2.34112865291536e-03 -9.96742546558380e-01  0.00000000000000e+00
  5.29783695185116e+04  3.84352707862854e+00  1.97198684327304e-03 -9.33997988700867e-01  0.00000000000000e+00
  5.29820977723612e+04  3.83808970451355e+00  1.93877960555255e-03 -1.08227491378784e+00  0.00000000000000e+00
  5.29858260261875e+04  3.83191490173340e+00  2.10433942265809e-03 -9.43267583847046e-01  0.00000000000000e+00
  5.29895542800278e+04  3.84141111373901e+00  1.91452063154429e-03 -1.00500047206879e+00  0.00000000000000e+00
  5.29932825340949e+04  3.84272050857544e+00  1.93434662651271e-03 -9.91136133670807e-01  0.00000000000000e+00
  5.29970107881642e+04  3.84125423431396e+00  2.04559229314327e-03 -1.01035892963409e+00  0.00000000000000e+00
  5.30007390422385e+04  3.84101557731628e+00  1.89897802192718e-03 -9.15255606174469e-01  0.00000000000000e+00
  5.30044672972860e+04  3.84515237808228e+00  2.13550264015794e-03 -1.04956805706024e+00  0.00000000000000e+00
  5.30081955519584e+04  3.84805011749268e+00  1.94010930135846e-03 -1.07325792312622e+00  0.00000000000000e+00
  5.30119238060950e+04  3.84548759460449e+00  1.91652495414019e-03 -1.00854051113129e+00  0.00000000000000e+00
  5.30156520601888e+04  3.84665966033936e+00  1.85476115439087e-03 -9.61884975433350e-01  0.00000000000000e+00
  5.30193803158125e+04  3.84104919433594e+00  2.30096583254635e-03 -9.30225729942322e-01  0.00000000000000e+00
  5.30231085701992e+04  3.84445238113403e+00  2.25802743807435e-03 -9.10619616508484e-01  0.00000000000000e+00
  5.30268368250626e+04  3.84654641151428e+00  2.06260429695249e-03 -9.74471926689148e-01  0.00000000000000e+00
  5.30305650798239e+04  3.84939002990723e+00  2.07989895716310e-03 -1.00736665725708e+00  0.00000000000000e+00
  5.30342933339490e+04  3.84961152076721e+00  2.45037581771612e-03 -9.39854860305786e-01  0.00000000000000e+00
  5.30380215883969e+04  3.85372900962830e+00  1.89180788584054e-03 -1.02958393096924e+00  0.00000000000000e+00
  5.30417498428670e+04  3.85150146484375e+00  2.13237386196852e-03 -1.03010416030884e+00  0.00000000000000e+00
  5.30454780969527e+04  3.84750437736511e+00  2.18716845847666e-03 -9.31004643440247e-01  0.00000000000000e+00
  5.30492063511874e+04  3.84110736846924e+00  2.31585348956287e-03 -9.75151836872101e-01  0.00000000000000e+00
  5.30529346052096e+04  3.84692025184631e+00  1.98616972193122e-03 -9.61583375930786e-01  0.00000000000000e+00
  5.30566628592582e+04  3.85507655143738e+00  2.23393389023840e-03 -1.03024101257324e+00  0.00000000000000e+00
  5.30603911132177e+04  3.85148262977600e+00  2.08141002804041e-03 -9.27932381629944e-01  0.00000000000000e+00
  5.30641193666887e+04  3.85733556747437e+00  2.28043948300183e-03 -9.65329349040985e-01  0.00000000000000e+00
  5.30678476201424e+04  3.85644054412842e+00  2.13531171903014e-03 -1.03225576877594e+00  0.00000000000000e+00
  5.30735833336862e+04  0.00000000000000e+00  3.73557070270181e-03 -7.96976804733276e-01  0.00000000000000e+00
  5.30740416674825e+04  3.85672402381897e+00  2.13117408566177e-03 -1.04188060760498e+00  0.00000000000000e+00
  5.30777699204342e+04  3.85530900955200e+00  2.62264139018953e-03 -1.08433949947357e+00  0.00000000000000e+00
  5.30814981732038e+04  3.85335326194763e+00  2.46968865394592e-03 -9.94083046913147e-01  0.00000000000000e+00
  5.30852264257881e+04  3.86070299148560e+00  2.45133740827441e-03 -9.89116907119751e-01  0.00000000000000e+00
  5.30889546781944e+04  3.85555434226990e+00  1.94351468235254e-03 -9.81506407260895e-01  0.00000000000000e+00
  5.30926829303149e+04  3.86524367332458e+00  1.91677454859018e-03 -9.96277272701263e-01  0.00000000000000e+00
  5.30964111821632e+04  3.85479378700256e+00  2.05045402981341e-03 -9.66827154159546e-01  0.00000000000000e+00
  5.31001394339606e+04  3.85931539535522e+00  2.65080505050719e-03 -8.74857366085052e-01  0.00000000000000e+00
  5.31038676855476e+04  3.85348939895630e+00  2.13049724698067e-03 -9.39247786998749e-01  0.00000000000000e+00
  5.31075959368911e+04  3.85991668701172e+00  2.46903416700661e-03 -9.62446510791779e-01  0.00000000000000e+00
  5.31113241879792e+04  3.85966134071350e+00  2.11159675382078e-03 -9.12676155567169e-01  0.00000000000000e+00
  5.31150524390521e+04  3.86025261878967e+00  2.54496815614402e-03 -9.20045435428619e-01  0.00000000000000e+00
  5.31187806896215e+04  3.86154055595398e+00  2.07449239678681e-03 -9.28946435451508e-01  0.00000000000000e+00
  5.31225089401666e+04  3.86674928665161e+00  2.01883376576006e-03 -9.54345583915710e-01  0.00000000000000e+00
  5.31262371905185e+04  3.87035202980042e+00  2.07860744558275e-03 -1.03494417667389e+00  0.00000000000000e+00
  5.31299654406287e+04  3.86818408966064e+00  2.06776731647551e-03 -8.93021643161774e-01  0.00000000000000e+00
  5.31336936906748e+04  3.86622953414917e+00  1.82757514994591e-03 -9.16454195976257e-01  0.00000000000000e+00
  5.31374219404953e+04  3.86440420150757e+00  1.97120266966522e-03 -1.04787909984589e+00  0.00000000000000e+00
  5.31411501902940e+04  3.86785507202148e+00  2.02603661455214e-03 -9.64707493782043e-01  0.00000000000000e+00
  5.31448784398067e+04  3.87061309814453e+00  1.90154253505170e-03 -1.00116181373596e+00  0.00000000000000e+00
  5.31486066891490e+04  3.87155604362488e+00  2.12399684824049e-03 -9.72771704196930e-01  0.00000000000000e+00
  5.31523349383370e+04  3.86781048774719e+00  2.06930702552199e-03 -9.54304873943329e-01  0.00000000000000e+00
  5.31560631873703e+04  3.87235832214355e+00  1.79146300069988e-03 -1.02310657501221e+00  0.00000000000000e+00
  5.31597914366550e+04  3.87011098861694e+00  2.28126998990774e-03 -9.19811666011810e-01  0.00000000000000e+00
  5.31635196856539e+04  3.86920976638794e+00  2.11812555789948e-03 -9.61430311203003e-01  0.00000000000000e+00
  5.31672479344388e+04  3.87466788291931e+00  1.98724376969039e-03 -9.17271614074707e-01  0.00000000000000e+00
  5.31709761834558e+04  3.87073731422424e+00  2.07152194343507e-03 -9.51812744140625e-01  0.00000000000000e+00
  5.31747044321760e+04  3.87361788749695e+00  2.05152854323387e-03 -9.22509908676147e-01  0.00000000000000e+00
  5.31784326807640e+04  3.86951208114624e+00  2.19441158697009e-03 -9.20743405818939e-01  0.00000000000000e+00
  5.31821609295498e+04  3.87406873703003e+00  2.10222601890564e-03 -9.59977865219116e-01  0.00000000000000e+00
  5.31858891783391e+04  3.87259483337402e+00  2.19429819844663e-03 -9.19842123985291e-01  0.00000000000000e+00
  5.31896174271562e+04  3.87814640998840e+00  2.05414439551532e-03 -9.46483433246613e-01  0.00000000000000e+00
  5.31933456757698e+04  3.87558913230896e+00  2.36748997122049e-03 -9.44780647754669e-01  0.00000000000000e+00
  5.31970739246239e+04  3.87475895881653e+00  2.17547221109271e-03 -1.00431442260742e+00  0.00000000000000e+00
  5.32008021734918e+04  3.87771797180176e+00  2.10106186568737e-03 -9.82635617256165e-01  0.00000000000000e+00
  5.32045304223505e+04  3.87631869316101e+00  2.50811339356005e-03 -8.96195888519287e-01  0.00000000000000e+00
  5.32082586714005e+04  3.87453413009644e+00  1.98668660596013e-03 -1.00496006011963e+00  0.00000000000000e+00
  5.32119869204560e+04  3.87733960151672e+00  1.95034523494542e-03 -9.80887949466705e-01  0.00000000000000e+00
  5.32157151695902e+04  3.88017892837524e+00  1.74535834230483e-03 -1.02626466751099e+00  0.00000000000000e+00
  5.32194434188716e+04  3.87577366828918e+00  2.52003059722483e-03 -9.11329805850983e-01  0.00000000000000e+00
  5.32231716684723e+04  3.87673282623291e+00  2.33582290820777e-03 -9.68931853771210e-01  0.00000000000000e+00
  5.32286736116699e+04  0.00000000000000e+00  3.04847862571478e-03 -7.81169414520264e-01  0.00000000000000e+00
  5.32291250003379e+04  3.88501644134521e+00  2.24360288120806e-03 -9.61714625358582e-01  0.00000000000000e+00
  5.32328532502396e+04  3.88053202629089e+00  2.59960116818547e-03 -9.36170458793640e-01  0.00000000000000e+00
  5.32365815001758e+04  3.87604403495789e+00  2.75954511016607e-03 -9.72706437110901e-01  0.00000000000000e+00
  5.32403097506088e+04  3.88600873947144e+00  2.27985111996531e-03 -9.59485530853271e-01  0.00000000000000e+00
  5.32440380010682e+04  3.87687492370605e+00  2.10981699638069e-03 -9.61111485958099e-01  0.00000000000000e+00
  5.32477662517027e+04  3.88212180137634e+00  1.99001282453537e-03 -1.01596474647522e+00  0.00000000000000e+00
  5.32514945024617e+04  3.87399482727051e+00  2.45994958095253e-03 -9.18639898300171e-01  0.00000000000000e+00
  5.32552227537235e+04  3.88176321983337e+00  2.21427390351892e-03 -9.51525807380676e-01  0.00000000000000e+00
  5.32589510054641e+04  3.88609504699707e+00  2.36901710741222e-03 -9.51504170894623e-01  0.00000000000000e+00
  5.32626792569897e+04  3.87978720664978e+00  2.59260297752917e-03 -9.06439185142517e-01  0.00000000000000e+00
  5.32664075090480e+04  3.87886452674866e+00  2.16943584382534e-03 -9.03153002262115e-01  0.00000000000000e+00
  5.32701357613761e+04  3.88838577270508e+00  2.03913263976574e-03 -1.02586519718170e+00  0.00000000000000e+00
  5.32738640139167e+04  3.88532733917236e+00  2.18072184361517e-03 -1.03600406646729e+00  0.00000000000000e+00
  5.32775922665150e+04  3.88106060028076e+00  2.39386642351747e-03 -1.00628399848938e+00  0.00000000000000e+00
  5.32813205195242e+04  3.88414740562439e+00  2.12810281664133e-03 -9.62373971939087e-01  0.00000000000000e+00
  5.32850487732105e+04  3.87972450256348e+00  2.20924592576921e-03 -8.58763992786407e-01  0.00000000000000e+00
  5.32887770266712e+04  3.88079857826233e+00  2.22428678534925e-03 -9.99865591526031e-01  0.00000000000000e+00
  5.32925052804318e+04  3.87777018547058e+00  2.40202154964209e-03 -8.75159442424774e-01  0.00000000000000e+00
  5.32962335345718e+04  3.88154578208923e+00  2.00167344883084e-03 -8.79173040390015e-01  0.00000000000000e+00
  5.32999617889364e+04  3.88169360160828e+00  2.02525290660560e-03 -9.70022380352020e-01  0.00000000000000e+00
  5.33036900434559e+04  3.88207316398621e+00  2.25778529420495e-03 -9.78238940238953e-01  0.00000000000000e+00
  5.33074182985150e+04  3.88413977622986e+00  2.26845731958747e-03 -9.75150823593140e-01  0.00000000000000e+00
  5.33111465534446e+04  3.88480830192566e+00  1.90290098544210e-03 -1.02932047843933e+00  0.00000000000000e+00
  5.33148748087452e+04  3.87714815139771e+00  2.12257448583841e-03 -8.94468903541565e-01  0.00000000000000e+00
  5.33186030641238e+04  3.88206028938293e+00  1.85362028423697e-03 -9.64044034481049e-01  0.00000000000000e+00
  5.33223313200497e+04  3.88307070732117e+00  1.92599312867969e-03 -9.44315135478973e-01  0.00000000000000e+00
  5.33260595760338e+04  3.88275766372681e+00  1.93233683239669e-03 -1.01297056674957e+00  0.00000000000000e+00
  5.33297878323425e+04  3.88217329978943e+00  2.23347335122526e-03 -9.34255480766296e-01  0.00000000000000e+00
  5.33335160885869e+04  3.87977552413940e+00  1.99050852097571e-03 -1.05286169052124e+00  0.00000000000000e+00
  5.33372443450126e+04  3.88283419609070e+00  1.92249193787575e-03 -9.81375992298126e-01  0.00000000000000e+00
  5.33409726018645e+04  3.88393020629883e+00  1.89233012497425e-03 -1.00644838809967e+00  0.00000000000000e+00
  5.33447008610602e+04  3.88333964347839e+00  2.17266962863505e-03 -9.59131896495819e-01  0.00000000000000e+00
  5.33484291157964e+04  3.88348913192749e+00  2.16668006032705e-03 -9.47060525417328e-01  0.00000000000000e+00
  5.33537361112801e+04  0.00000000000000e+00  2.87074944935739e-03 -8.36304366588593e-01  0.00000000000000e+00
  5.33541875008611e+04  3.88303208351135e+00  1.90443126484752e-03 -9.76663231849670e-01  0.00000000000000e+00
  5.33579157581066e+04  3.88065171241760e+00  2.03707930631936e-03 -1.01476442813873e+00  0.00000000000000e+00
  5.33616440155917e+04  3.88760209083557e+00  2.23806500434875e-03 -9.14756715297699e-01  0.00000000000000e+00
  5.33653722730522e+04  3.88028931617737e+00  2.14031781069934e-03 -9.90519464015961e-01  0.00000000000000e+00
  5.33691005307383e+04  3.88794922828674e+00  1.77506171166897e-03 -9.88807022571564e-01  0.00000000000000e+00
  5.33728287884026e+04  3.87865614891052e+00  2.21532979048789e-03 -9.87689077854156e-01  0.00000000000000e+00
  5.33765570458911e+04  3.88893675804138e+00  1.72238319646567e-03 -9.62560534477234e-01  0.00000000000000e+00
  5.33802853036271e+04  3.89329218864441e+00  1.90536421723664e-03 -9.64951336383820e-01  0.00000000000000e+00
  5.33840135613936e+04  3.88605475425720e+00  2.12333537638187e-03 -1.02584719657898e+00  0.00000000000000e+00
  5.33902500004677e+04  0.00000000000000e+00  2.95974314212799e-03 -8.08310866355896e-01  0.00000000000000e+00
  5.33918333339862e+04  3.89082717895508e+00  2.17248802073300e-03 -1.01960957050323e+00  0.00000000000000e+00
  5.33955615912790e+04  3.88524508476257e+00  2.65129236504436e-03 -9.87532496452332e-01  0.00000000000000e+00
  5.33992898490624e+04  3.89092588424683e+00  1.94534123875201e-03 -1.01779544353485e+00  0.00000000000000e+00
  5.34030181064073e+04  3.88562083244324e+00  2.39307153970003e-03 -9.90122199058533e-01  0.00000000000000e+00
  5.34067463639779e+04  3.88328814506531e+00  2.13413592427969e-03 -9.73425090312958e-01  0.00000000000000e+00
  5.34104746212986e+04  3.88898229598999e+00  2.13669147342443e-03 -9.30119812488556e-01  0.00000000000000e+00
  5.34142028783496e+04  3.88865542411804e+00  2.04463023692369e-03 -9.76160168647766e-01  0.00000000000000e+00
  5.34188750008530e+04  0.00000000000000e+00  3.50637687370181e-03 -7.42153346538544e-01  0.00000000000000e+00
  5.34230000006620e+04  3.88796639442444e+00  2.16598785482347e-03 -1.02578222751617e+00  0.00000000000000e+00
  5.34267282574816e+04  3.88671183586121e+00  2.37320782616735e-03 -9.54039752483368e-01  0.00000000000000e+00
  5.34304565139700e+04  3.89096617698669e+00  1.72271637711674e-03 -9.80040729045868e-01  0.00000000000000e+00
  5.34341847701841e+04  3.90174984931946e+00  2.05892766825855e-03 -1.03913187980652e+00  0.00000000000000e+00
  5.34379130270432e+04  3.89909458160400e+00  1.87970779370517e-03 -1.02153372764587e+00  0.00000000000000e+00
  5.34416412829663e+04  3.89804792404175e+00  2.19886307604611e-03 -9.28542256355286e-01  0.00000000000000e+00
  5.34453695389238e+04  3.89608931541443e+00  1.98802957311273e-03 -1.07307350635529e+00  0.00000000000000e+00
  5.34490977949098e+04  3.89868879318237e+00  2.07315012812614e-03 -8.99162292480469e-01  0.00000000000000e+00
  5.34528260504605e+04  3.89504432678223e+00  2.12074327282608e-03 -9.33040380477905e-01  0.00000000000000e+00
  5.34565543060394e+04  3.89802002906799e+00  2.09718919359148e-03 -1.01142346858978e+00  0.00000000000000e+00
  5.34602825612835e+04  3.89609789848328e+00  1.91858317703009e-03 -1.05043125152588e+00  0.00000000000000e+00
  5.34644375008820e+04  0.00000000000000e+00  3.06011759676039e-03 -7.47109949588776e-01  0.00000000000000e+00
  5.34648958333970e+04  3.90501785278320e+00  2.08848807960749e-03 -9.86763596534729e-01  0.00000000000000e+00
  5.34686240880811e+04  3.90250086784363e+00  2.27705924771726e-03 -1.03453588485718e+00  0.00000000000000e+00
  5.34723523427363e+04  3.89611411094666e+00  2.37203598953784e-03 -9.76825952529907e-01  0.00000000000000e+00
  5.34760805971214e+04  3.89474201202393e+00  2.09877756424248e-03 -9.00930643081665e-01  0.00000000000000e+00
  5.34798088513104e+04  3.90161490440369e+00  2.01098178513348e-03 -1.03567051887512e+00  0.00000000000000e+00
  5.34835371053010e+04  3.90153384208679e+00  2.19217338599265e-03 -8.85520815849304e-01  0.00000000000000e+00
  5.34872653592082e+04  3.90708899497986e+00  1.84760626871139e-03 -9.88259017467499e-01  0.00000000000000e+00
  5.34909936126818e+04  3.90749263763428e+00  1.93223031237721e-03 -8.87174248695374e-01  0.00000000000000e+00
  5.34947218659167e+04  3.90874648094177e+00  2.01170379295945e-03 -9.92410540580750e-01  0.00000000000000e+00
  5.34984501191377e+04  3.90608954429626e+00  2.13471474125981e-03 -9.11078691482544e-01  0.00000000000000e+00
  5.35021783721261e+04  3.90779900550842e+00  2.11274903267622e-03 -9.77438867092133e-01  0.00000000000000e+00
  5.35059066253402e+04  3.90554451942444e+00  1.97319756262004e-03 -9.92075085639954e-01  0.00000000000000e+00
  5.35096348783276e+04  3.90870952606201e+00  1.89136923290789e-03 -8.97029221057892e-01  0.00000000000000e+00
  5.35133631308783e+04  3.90681314468384e+00  2.13615852408111e-03 -9.55618977546692e-01  0.00000000000000e+00
  5.35170913834049e+04  3.90941929817200e+00  1.81624491233379e-03 -9.71489608287811e-01  0.00000000000000e+00
  5.35208196359110e+04  3.91298937797546e+00  1.92731118295342e-03 -1.01919257640839e+00  0.00000000000000e+00
  5.35256479170070e+04  0.00000000000000e+00  2.51925014890730e-03 -8.95898222923279e-01  0.00000000000000e+00
  5.35257479173611e+04  3.91254806518555e+00  2.13864049874246e-03 -9.99788880348206e-01  0.00000000000000e+00
  5.35294761694901e+04  3.91073226928711e+00  2.07182369194925e-03 -1.01695454120636e+00  0.00000000000000e+00
  5.35332044216494e+04  3.91068387031555e+00  1.88701448496431e-03 -9.76152777671814e-01  0.00000000000000e+00
  5.35369326736619e+04  3.91195535659790e+00  2.08942382596433e-03 -9.20562148094177e-01  0.00000000000000e+00
  5.35406609259143e+04  3.91391992568970e+00  2.17262189835310e-03 -9.29628968238831e-01  0.00000000000000e+00
  5.35443891779444e+04  3.91128444671631e+00  1.84039270970970e-03 -9.99766826629639e-01  0.00000000000000e+00
  5.35481174301690e+04  3.91555404663086e+00  1.87580357305706e-03 -1.03069448471069e+00  0.00000000000000e+00
  5.35518456822118e+04  3.91113781929016e+00  2.28711660020053e-03 -9.49771821498871e-01  0.00000000000000e+00
  5.35555739342672e+04  3.91319346427917e+00  2.02477211132646e-03 -9.08251881599426e-01  0.00000000000000e+00
  5.35593021863888e+04  3.91219878196716e+00  2.02531204558909e-03 -9.73194658756256e-01  0.00000000000000e+00
  5.35630304384307e+04  3.91375827789307e+00  2.18952051363885e-03 -1.02791953086853e+00  0.00000000000000e+00
  5.35667586907119e+04  3.91423201560974e+00  2.18208809383214e-03 -9.29882586002350e-01  0.00000000000000e+00
  5.35704869427698e+04  3.91167831420898e+00  1.89203501213342e-03 -9.70697581768036e-01  0.00000000000000e+00
  5.35742151950416e+04  3.91682481765747e+00  2.14594067074358e-03 -9.84171926975250e-01  0.00000000000000e+00
  5.35785694449122e+04  0.00000000000000e+00  3.00207198597491e-03 -7.75170266628265e-01  0.00000000000000e+00
  5.35790277779273e+04  3.91278982162476e+00  1.73859670758247e-03 -1.00851023197174e+00  0.00000000000000e+00
  5.35827560304305e+04  3.91612744331360e+00  2.17962916940451e-03 -9.73974406719208e-01  0.00000000000000e+00
  5.35864842830346e+04  3.91932344436646e+00  2.02463148161769e-03 -9.90083336830139e-01  0.00000000000000e+00
  5.35902125356563e+04  3.92390918731689e+00  2.39522289484739e-03 -8.95255327224731e-01  0.00000000000000e+00
  5.35939407887487e+04  3.91811442375183e+00  1.91535952035338e-03 -1.09418177604675e+00  0.00000000000000e+00
  5.35976690418464e+04  3.91382312774658e+00  1.77683867514133e-03 -1.00556290149689e+00  0.00000000000000e+00
  5.36013972947222e+04  3.91337227821350e+00  1.83983461465687e-03 -9.61571633815765e-01  0.00000000000000e+00
  5.36051255485359e+04  3.91227221488953e+00  1.92095327656716e-03 -9.91928040981293e-01  0.00000000000000e+00
  5.36088538018994e+04  3.91037678718567e+00  2.48765363357961e-03 -9.43001270294189e-01  0.00000000000000e+00
  5.36125820562151e+04  3.91512060165405e+00  2.22905492410064e-03 -9.36089396476746e-01  0.00000000000000e+00
  5.36163103101563e+04  3.91837334632874e+00  2.31790333054960e-03 -9.18093919754028e-01  0.00000000000000e+00
  5.36200385643310e+04  3.91709399223328e+00  2.69838934764266e-03 -8.81768345832825e-01  0.00000000000000e+00
  5.36237668185161e+04  3.92220401763916e+00  2.28567584417760e-03 -1.03350627422333e+00  0.00000000000000e+00
  5.36274950736434e+04  3.92245078086853e+00  2.02463427558541e-03 -1.04884147644043e+00  0.00000000000000e+00
  5.36312233285592e+04  3.91266393661499e+00  2.27728858590126e-03 -9.32142674922943e-01  0.00000000000000e+00
  5.36349515839292e+04  3.92319798469543e+00  1.88241270370781e-03 -1.00031948089600e+00  0.00000000000000e+00
  5.36386798397858e+04  3.91693162918091e+00  2.21560313366354e-03 -9.46244239807129e-01  0.00000000000000e+00
  5.36424080952454e+04  3.91711139678955e+00  2.09210650064051e-03 -9.24698591232300e-01  0.00000000000000e+00
  5.36461363512015e+04  3.91309332847595e+00  2.23780330270529e-03 -9.41560864448547e-01  0.00000000000000e+00
  5.36498646074697e+04  3.91584229469299e+00  1.92766520194709e-03 -9.40913856029510e-01  0.00000000000000e+00
  5.36535928637174e+04  3.90979981422424e+00  1.91948504652828e-03 -9.66245234012604e-01  0.00000000000000e+00
  5.36573211204214e+04  3.91782593727112e+00  2.05311574973166e-03 -9.77995574474335e-01  0.00000000000000e+00
  5.36610493773321e+04  3.91713070869446e+00  2.05613998696208e-03 -9.94364380836487e-01  0.00000000000000e+00
  5.36647776344584e+04  3.91878533363342e+00  2.28646886534989e-03 -9.43633079528809e-01  0.00000000000000e+00
  5.36685058919872e+04  3.91714191436768e+00  2.08874326199293e-03 -9.34606015682220e-01  0.00000000000000e+00
  5.36722341494851e+04  3.91536688804626e+00  2.09983228705823e-03 -9.27954792976379e-01  0.00000000000000e+00
  5.36759624069502e+04  3.91710948944092e+00  1.91942590754479e-03 -9.19378459453583e-01  0.00000000000000e+00
  5.36796906652557e+04  3.91835498809814e+00  1.79875118192285e-03 -9.74863946437836e-01  0.00000000000000e+00
  5.36843854171435e+04  0.00000000000000e+00  2.81129637733102e-03 -8.35842072963715e-01  0.00000000000000e+00
  5.36848750005071e+04  3.91963028907776e+00  1.87432533130050e-03 -9.61014270782471e-01  0.00000000000000e+00
  5.36886032588379e+04  3.91559100151062e+00  2.26620072498918e-03 -8.88075590133667e-01  0.00000000000000e+00
  5.36923315172464e+04  3.92294526100159e+00  2.13827867992222e-03 -9.69186544418335e-01  0.00000000000000e+00
  5.36960597758461e+04  3.91577863693237e+00  2.16490239836276e-03 -1.01222860813141e+00  0.00000000000000e+00
  5.36997880347244e+04  3.91759037971497e+00  2.18805391341448e-03 -9.26164627075195e-01  0.00000000000000e+00
  5.37035162938900e+04  3.91851115226746e+00  2.15458427555859e-03 -1.01528835296631e+00  0.00000000000000e+00
  5.37072445525219e+04  3.91987395286560e+00  2.08173296414316e-03 -9.91909861564636e-01  0.00000000000000e+00
  5.37109728122534e+04  3.92031145095825e+00  1.97132257744670e-03 -9.76514518260956e-01  0.00000000000000e+00
  5.37147010712177e+04  3.91451287269592e+00  2.09131860174239e-03 -9.66956675052643e-01  0.00000000000000e+00
  5.37184293307013e+04  3.91693592071533e+00  2.48820800334215e-03 -9.35851037502289e-01  0.00000000000000e+00
  5.37221575901448e+04  3.91936445236206e+00  1.98752130381763e-03 -9.54978883266449e-01  0.00000000000000e+00
  5.37258858493333e+04  3.91554856300354e+00  2.07473756745458e-03 -8.43958318233490e-01  0.00000000000000e+00
  5.37296141086726e+04  3.92070221900940e+00  2.39131273701787e-03 -9.51296091079712e-01  0.00000000000000e+00
  5.37333423680729e+04  3.91891813278198e+00  2.10766936652362e-03 -8.99482846260071e-01  0.00000000000000e+00
  5.37370706163126e+04  3.91988682746887e+00  2.07415898330510e-03 -1.00449323654175e+00  0.00000000000000e+00
  5.37407988758809e+04  3.91909933090210e+00  1.97655777446926e-03 -1.05223119258881e+00  0.00000000000000e+00
  5.37445271354964e+04  3.91885876655579e+00  2.07631150260568e-03 -9.92453932762146e-01  0.00000000000000e+00
  5.37482553951342e+04  3.92004609107971e+00  2.01681233011186e-03 -9.45093631744385e-01  0.00000000000000e+00
  5.37519836547929e+04  3.92052745819092e+00  2.23529594950378e-03 -1.07062351703644e+00  0.00000000000000e+00
  5.37557119144665e+04  3.91943144798279e+00  2.05237022601068e-03 -9.82954740524292e-01  0.00000000000000e+00
  5.37594401741712e+04  3.92167687416077e+00  2.09797848947346e-03 -9.25349950790405e-01  0.00000000000000e+00
  5.37631684335728e+04  3.92336344718933e+00  2.12807208299637e-03 -9.50566589832306e-01  0.00000000000000e+00
  5.37668966932569e+04  3.92265701293945e+00  2.08251224830747e-03 -9.96896862983704e-01  0.00000000000000e+00
  5.37706249526852e+04  3.92651319503784e+00  2.09114118479192e-03 -1.04240775108337e+00  0.00000000000000e+00
  5.37743532118563e+04  3.92228984832764e+00  2.38268100656569e-03 -9.23375844955444e-01  0.00000000000000e+00
  5.37780814712723e+04  3.92068266868591e+00  1.94080593064427e-03 -9.93414998054504e-01  0.00000000000000e+00
  5.37818097305139e+04  3.92329001426697e+00  2.46199150569737e-03 -9.31227505207062e-01  0.00000000000000e+00
  5.37855379897987e+04  3.92809224128723e+00  1.96991907432675e-03 -1.10617959499359e+00  0.00000000000000e+00
  5.37892662485392e+04  3.93449616432190e+00  2.31629796326160e-03 -1.03635263442993e+00  0.00000000000000e+00
  5.37929945074570e+04  3.93378806114197e+00  2.23326915875077e-03 -9.33406352996826e-01  0.00000000000000e+00
  5.37967227664098e+04  3.93248677253723e+00  1.96722894906998e-03 -9.53732490539551e-01  0.00000000000000e+00
  5.38015729173634e+04  0.00000000000000e+00  3.55827482417226e-03 -7.54726171493530e-01  0.00000000000000e+00
  5.38021319451505e+04  3.93590593338013e+00  2.08447733893991e-03 -1.00266242027283e+00  0.00000000000000e+00
  5.38058602035672e+04  3.93127512931824e+00  1.86077761463821e-03 -9.43771183490753e-01  0.00000000000000e+00
  5.38095884620487e+04  3.93003940582275e+00  2.09084572270513e-03 -1.02157962322235e+00  0.00000000000000e+00
  5.38133167200254e+04  3.92580723762512e+00  2.38762004300952e-03 -9.51718151569366e-01  0.00000000000000e+00
  5.38170449779862e+04  3.92978763580322e+00  2.09128018468618e-03 -1.03376269340515e+00  0.00000000000000e+00
  5.38207732356516e+04  3.93076729774475e+00  1.91389361862093e-03 -1.00762569904327e+00  0.00000000000000e+00
  5.38245014933472e+04  3.93290019035339e+00  2.29145539924502e-03 -9.21316862106323e-01  0.00000000000000e+00
  5.38282297508586e+04  3.92822217941284e+00  1.99805991724133e-03 -9.73344266414642e-01  0.00000000000000e+00
  5.38319580081712e+04  3.93319487571716e+00  2.29406752623618e-03 -9.74010467529297e-01  0.00000000000000e+00
  5.38356862654964e+04  3.93778514862061e+00  2.07883748225868e-03 -9.61177647113800e-01  0.00000000000000e+00
  5.38394145223923e+04  3.94153475761414e+00  2.12751631624997e-03 -9.57629978656769e-01  0.00000000000000e+00
  5.38431427793137e+04  3.93251895904541e+00  2.10948614403605e-03 -9.26124274730682e-01  0.00000000000000e+00
  5.38468710355116e+04  3.93638467788696e+00  2.24500894546509e-03 -9.71726894378662e-01  0.00000000000000e+00
  5.38505992919954e+04  3.93460726737976e+00  2.27078376337886e-03 -9.62859272956848e-01  0.00000000000000e+00
  5.38543275482570e+04  3.93582963943481e+00  2.18633585609496e-03 -8.82866382598877e-01  0.00000000000000e+00
  5.38580558042767e+04  3.93600487709045e+00  2.00908258557320e-03 -9.85394597053528e-01  0.00000000000000e+00
  5.38617840603136e+04  3.93747234344482e+00  2.14839144609869e-03 -8.64611446857452e-01  0.00000000000000e+00
  5.38655123158856e+04  3.93697428703308e+00  2.23856675438583e-03 -9.58369731903076e-01  0.00000000000000e+00
  5.38692405714605e+04  3.93582153320312e+00  2.09459941834211e-03 -9.16909396648407e-01  0.00000000000000e+00
  5.38729688270370e+04  3.94099926948547e+00  2.16339388862252e-03 -9.57831680774689e-01  0.00000000000000e+00
  5.38766970823900e+04  3.94450926780701e+00  2.06496682949364e-03 -9.38522994518280e-01  0.00000000000000e+00
  5.38804253375207e+04  3.93826699256897e+00  2.09718546830118e-03 -8.57454597949982e-01  0.00000000000000e+00
  5.38841535926387e+04  3.94237804412842e+00  2.01620021834970e-03 -9.40232098102570e-01  0.00000000000000e+00
  5.38878818477361e+04  3.93928599357605e+00  1.90746178850532e-03 -1.02956604957581e+00  0.00000000000000e+00
  5.38916101025614e+04  3.94415330886841e+00  1.89762993250042e-03 -1.00071918964386e+00  0.00000000000000e+00
  5.38953383571805e+04  3.94671845436096e+00  1.84365408495069e-03 -9.62393641471863e-01  0.00000000000000e+00
  5.39005868062604e+04  0.00000000000000e+00  2.38197995349765e-03 -8.36436331272125e-01  0.00000000000000e+00
  5.39011875000566e+04  3.94881892204285e+00  2.30365735478699e-03 -9.55220639705658e-01  0.00000000000000e+00
  5.39049157546736e+04  3.94086909294128e+00  2.08474067039788e-03 -9.24254655838013e-01  0.00000000000000e+00
  5.39086440093022e+04  3.94722747802734e+00  2.03245668672025e-03 -9.72434878349304e-01  0.00000000000000e+00
  5.39123722639594e+04  3.94365572929382e+00  2.08701938390732e-03 -8.90432059764862e-01  0.00000000000000e+00
  5.39161005188021e+04  3.94915461540222e+00  2.11496185511351e-03 -9.22458469867706e-01  0.00000000000000e+00
  5.39198287727141e+04  3.95127391815186e+00  1.63291464559734e-03 -9.68654870986938e-01  0.00000000000000e+00
  5.39235570270613e+04  3.94942045211792e+00  1.99302844703197e-03 -9.61042523384094e-01  0.00000000000000e+00
  5.39272852816678e+04  3.95060157775879e+00  1.92103011067957e-03 -9.78582441806793e-01  0.00000000000000e+00
  5.39310135360487e+04  3.95300006866455e+00  2.13183066807687e-03 -9.41765546798706e-01  0.00000000000000e+00
  5.39347417906690e+04  3.95254588127136e+00  2.09988583810627e-03 -9.99712884426117e-01  0.00000000000000e+00
  5.39384700453022e+04  3.94850206375122e+00  1.88380177132785e-03 -9.47641909122467e-01  0.00000000000000e+00
  5.39421982999468e+04  3.95413899421692e+00  2.13188747875392e-03 -9.20327246189117e-01  0.00000000000000e+00
  5.39459265547696e+04  3.95398306846619e+00  2.27244570851326e-03 -1.01114690303802e+00  0.00000000000000e+00
  5.39496548098958e+04  3.95042657852173e+00  2.16889148578048e-03 -9.92549836635590e-01  0.00000000000000e+00
  5.39533830650253e+04  3.95453405380249e+00  1.98141299188137e-03 -9.22113180160522e-01  0.00000000000000e+00
  5.39571113199305e+04  3.95748090744019e+00  2.32992786914110e-03 -9.31976020336151e-01  0.00000000000000e+00
  5.39608395752958e+04  3.94977426528931e+00  2.18687742017210e-03 -8.70408415794373e-01  0.00000000000000e+00
  5.39645678306562e+04  3.95271039009094e+00  1.88352307304740e-03 -1.04864251613617e+00  0.00000000000000e+00
  5.39682960862603e+04  3.95064210891724e+00  2.00072024017572e-03 -9.60685014724731e-01  0.00000000000000e+00
  5.39720243420959e+04  3.95105004310608e+00  2.33993795700371e-03 -1.08146476745605e+00  0.00000000000000e+00
  5.39757525981667e+04  3.94647979736328e+00  2.38069728948176e-03 -9.76244926452637e-01  0.00000000000000e+00
  5.39794808544660e+04  3.95496797561646e+00  2.15936196036637e-03 -9.37507987022400e-01  0.00000000000000e+00
  5.39832091110046e+04  3.95555925369263e+00  2.26642866618931e-03 -9.08301889896393e-01  0.00000000000000e+00
  5.39869373675172e+04  3.95380067825317e+00  1.94371643010527e-03 -9.65128421783447e-01  0.00000000000000e+00
  5.39906656245081e+04  3.95388484001160e+00  2.05581914633512e-03 -9.65066611766815e-01  0.00000000000000e+00
  5.39943938814860e+04  3.95109033584595e+00  1.98892736807466e-03 -9.63241219520569e-01  0.00000000000000e+00
  5.39981221389063e+04  3.95509934425354e+00  2.08503147587180e-03 -9.41634058952332e-01  0.00000000000000e+00
  5.40018503963010e+04  3.94872474670410e+00  2.15592118911445e-03 -1.03468072414398e+00  0.00000000000000e+00
  5.40055786541400e+04  3.94454813003540e+00  1.98083277791739e-03 -9.99042809009552e-01  0.00000000000000e+00
  5.40093069119397e+04  3.94594120979309e+00  2.04648496583104e-03 -9.81647193431854e-01  0.00000000000000e+00
  5.40130351700776e+04  3.95086669921875e+00  2.42853676900268e-03 -9.92730379104614e-01  0.00000000000000e+00
  5.40167634285670e+04  3.95066046714783e+00  2.26428662426770e-03 -9.90799605846405e-01  0.00000000000000e+00
  5.40204916869826e+04  3.94913458824158e+00  2.40289070643485e-03 -9.98116850852966e-01  0.00000000000000e+00
  5.40242199460196e+04  3.94913625717163e+00  2.22616759128869e-03 -1.00624716281891e+00  0.00000000000000e+00
  5.40279482047651e+04  3.95020103454590e+00  1.97185063734651e-03 -1.02385425567627e+00  0.00000000000000e+00
  5.40316764641574e+04  3.94857788085938e+00  1.96515931747854e-03 -1.01518738269806e+00  0.00000000000000e+00
  5.40354047234976e+04  3.95146465301514e+00  2.04380159266293e-03 -1.01038110256195e+00  0.00000000000000e+00
  5.40391329829920e+04  3.95033168792725e+00  2.08936445415020e-03 -9.90803420543671e-01  0.00000000000000e+00
  5.40428612426447e+04  3.95391535758972e+00  2.02325405552983e-03 -9.65062737464905e-01  0.00000000000000e+00
  5.40486041669894e+04  0.00000000000000e+00  2.61114048771560e-03 -8.15099179744720e-01  0.00000000000000e+00
  5.40492048613670e+04  3.95020508766174e+00  2.25570285692811e-03 -9.68903601169586e-01  0.00000000000000e+00
  5.40529331215533e+04  3.94613766670227e+00  1.96387339383364e-03 -9.58117961883545e-01  0.00000000000000e+00
  5.40566613816896e+04  3.94710230827332e+00  2.23061675205827e-03 -9.61722433567047e-01  0.00000000000000e+00
  5.40603896417338e+04  3.94502162933350e+00  2.10243393667042e-03 -1.01882922649384e+00  0.00000000000000e+00
  5.40641179021645e+04  3.94676351547241e+00  2.14021699503064e-03 -9.24311995506287e-01  0.00000000000000e+00
  5.40678461627314e+04  3.94667768478394e+00  2.15729442425072e-03 -9.89089906215668e-01  0.00000000000000e+00
  5.40715744232558e+04  3.94910526275635e+00  1.96743826381862e-03 -9.29215848445892e-01  0.00000000000000e+00
  5.40753026840949e+04  3.94989228248596e+00  1.98514922522008e-03 -9.80501174926758e-01  0.00000000000000e+00
  5.40790309446841e+04  3.95089340209961e+00  2.02598981559277e-03 -8.87311756610870e-01  0.00000000000000e+00
  5.40827592057290e+04  3.94878315925598e+00  1.95825845003128e-03 -1.02212679386139e+00  0.00000000000000e+00
  5.40864874664712e+04  3.95084762573242e+00  1.94327661301941e-03 -1.01318740844727e+00  0.00000000000000e+00
  5.40902157273902e+04  3.95579838752747e+00  1.89580686856061e-03 -9.25185322761536e-01  0.00000000000000e+00
  5.40939439882788e+04  3.95592212677002e+00  2.06838361918926e-03 -9.87480580806732e-01  0.00000000000000e+00
  5.40976722493032e+04  3.94948887825012e+00  2.03752028755844e-03 -9.20978844165802e-01  0.00000000000000e+00
  5.41014005102592e+04  3.95133519172668e+00  1.94936629850417e-03 -9.54714477062225e-01  0.00000000000000e+00
  5.41051287713136e+04  3.95213222503662e+00  1.95894925855100e-03 -9.43236052989960e-01  0.00000000000000e+00
  5.41088570323993e+04  3.95573282241821e+00  2.02460493892431e-03 -1.03261816501617e+00  0.00000000000000e+00
  5.41125852935936e+04  3.95457267761230e+00  2.08633393049240e-03 -1.00157749652863e+00  0.00000000000000e+00
  5.41163135545682e+04  3.95460510253906e+00  2.09213537164032e-03 -9.82559382915497e-01  0.00000000000000e+00
  5.41200418154549e+04  3.95869016647339e+00  2.18859245069325e-03 -9.13829982280731e-01  0.00000000000000e+00
  5.41237700764955e+04  3.95197415351868e+00  2.01149052008986e-03 -1.00331771373749e+00  0.00000000000000e+00
  5.41274983375655e+04  3.95994901657104e+00  2.18262616544962e-03 -1.04270040988922e+00  0.00000000000000e+00
  5.41312265985740e+04  3.95818758010864e+00  1.84892723336816e-03 -9.28632795810699e-01  0.00000000000000e+00
  5.41349548594085e+04  3.95907640457153e+00  2.17196973972023e-03 -9.90625262260437e-01  0.00000000000000e+00
  5.41386831204167e+04  3.95682334899902e+00  2.16715736314654e-03 -9.36513960361481e-01  0.00000000000000e+00
  5.41424113810995e+04  3.95824551582336e+00  2.12607602588832e-03 -9.31710720062256e-01  0.00000000000000e+00
  5.41461396418541e+04  3.95869398117065e+00  2.13943375274539e-03 -1.01357519626617e+00  0.00000000000000e+00
  5.41498679026609e+04  3.95964336395264e+00  2.25937087088823e-03 -9.14393126964569e-01  0.00000000000000e+00
  5.41535961630801e+04  3.96191740036011e+00  1.84122298378497e-03 -9.48600411415100e-01  0.00000000000000e+00
  5.41573244237976e+04  3.95059752464294e+00  2.15723132714629e-03 -9.24564957618713e-01  0.00000000000000e+00
  5.41610526840104e+04  3.96250844001770e+00  2.27025011554360e-03 -9.59710538387299e-01  0.00000000000000e+00
  5.41675416668275e+04  0.00000000000000e+00  3.64781660027802e-03 -6.85947537422180e-01  0.00000000000000e+00
  5.41681666669734e+04  3.96149063110352e+00  2.06370488740504e-03 -1.02948200702667e+00  0.00000000000000e+00
  5.41718949270972e+04  3.96099543571472e+00  1.90366164315492e-03 -9.57050979137421e-01  0.00000000000000e+00
  5.41756231869756e+04  3.95962905883789e+00  2.34960555098951e-03 -8.89347612857819e-01  0.00000000000000e+00
  5.41793514467165e+04  3.96246027946472e+00  2.15508206747472e-03 -9.98107492923737e-01  0.00000000000000e+00
  5.41830797065233e+04  3.96155524253845e+00  2.43311678059399e-03 -9.38911795616150e-01  0.00000000000000e+00
  5.41868079659571e+04  3.96457791328430e+00  1.83409079909325e-03 -9.33535277843475e-01  0.00000000000000e+00
  5.41905362253959e+04  3.96627330780029e+00  1.93971174303442e-03 -9.76332366466522e-01  0.00000000000000e+00
  5.41942644846990e+04  3.97026562690735e+00  2.19595152884722e-03 -9.80491578578949e-01  0.00000000000000e+00
  5.41979927437395e+04  3.96867036819458e+00  2.23562773317099e-03 -9.63908433914185e-01  0.00000000000000e+00
  5.42017210031387e+04  3.96917986869812e+00  1.94168800953776e-03 -9.56349015235901e-01  0.00000000000000e+00
  5.42054492616216e+04  3.96828794479370e+00  1.63765845354646e-03 -1.05988538265228e+00  0.00000000000000e+00
  5.42091775203843e+04  3.96601867675781e+00  2.24950793199241e-03 -8.97984385490417e-01  0.00000000000000e+00
  5.42129057788969e+04  3.97403144836426e+00  1.65949610527605e-03 -1.05995464324951e+00  0.00000000000000e+00
  5.42166340373716e+04  3.96635270118713e+00  1.82929402217269e-03 -8.89526128768921e-01  0.00000000000000e+00
  5.42203622953298e+04  3.97131395339966e+00  1.88194902148098e-03 -1.00443243980408e+00  0.00000000000000e+00
  5.42240905532697e+04  3.97261595726013e+00  1.94537453353405e-03 -9.70637202262878e-01  0.00000000000000e+00
  5.42278188112395e+04  3.97025179862976e+00  1.95762398652732e-03 -9.62657213211060e-01  0.00000000000000e+00
  5.42315470688079e+04  3.96850681304932e+00  1.95416971109807e-03 -9.74428534507751e-01  0.00000000000000e+00
  5.42352753263576e+04  3.97092366218567e+00  1.80281186476350e-03 -9.76793050765991e-01  0.00000000000000e+00
  5.42390035839283e+04  3.97401571273804e+00  1.91749655641615e-03 -9.83008205890656e-01  0.00000000000000e+00
  5.42427318410520e+04  3.96897721290588e+00  2.05685314722359e-03 -9.75888907909393e-01  0.00000000000000e+00
  5.42464600981840e+04  3.96905255317688e+00  2.17155111022294e-03 -9.92800831794739e-01  0.00000000000000e+00
  5.42501883556262e+04  3.97027707099915e+00  2.16614967212081e-03 -9.84625160694122e-01  0.00000000000000e+00
  5.42539166123183e+04  3.96983885765076e+00  2.12544947862625e-03 -9.65968847274780e-01  0.00000000000000e+00
  5.42576448692338e+04  3.97214198112488e+00  2.07043997943401e-03 -9.34991836547852e-01  0.00000000000000e+00
  5.42613731259168e+04  3.97037220001221e+00  2.20382213592529e-03 -9.20944154262543e-01  0.00000000000000e+00
  5.42651013826967e+04  3.97532629966736e+00  2.33089923858643e-03 -9.42418098449707e-01  0.00000000000000e+00
  5.42688296394375e+04  3.97354269027710e+00  1.86952552758157e-03 -1.00446367263794e+00  0.00000000000000e+00
  5.42725578958703e+04  3.97375631332397e+00  2.26258486509323e-03 -9.82352495193481e-01  0.00000000000000e+00
  5.42764583333740e+04  0.00000000000000e+00  2.84279673360288e-03 -7.93763697147369e-01  0.00000000000000e+00
  5.42768333335613e+04  3.97300934791565e+00  1.68267427943647e-03 -8.22855412960052e-01  0.00000000000000e+00
  5.42779166672962e+04  0.00000000000000e+00  2.49145855195820e-03 -7.92322278022766e-01  0.00000000000000e+00
  5.42785416671355e+04  3.97547292709351e+00  2.14385590516031e-03 -9.49385404586792e-01  0.00000000000000e+00
  5.42822699235914e+04  3.97299265861511e+00  2.08154506981373e-03 -9.12078261375427e-01  0.00000000000000e+00
  5.42859981795926e+04  3.97593045234680e+00  2.31331819668412e-03 -9.07271504402161e-01  0.00000000000000e+00
  5.42897264359318e+04  3.97297382354736e+00  1.97402248159051e-03 -9.99538779258728e-01  0.00000000000000e+00
  5.42934546922965e+04  3.97463440895081e+00  1.87054136767983e-03 -9.56116795539856e-01  0.00000000000000e+00
  5.42971829488785e+04  3.97924447059631e+00  2.02065007761121e-03 -1.03455185890198e+00  0.00000000000000e+00
  5.43009112052315e+04  3.97942662239075e+00  1.77358975633979e-03 -9.34091985225677e-01  0.00000000000000e+00
  5.43046394618160e+04  3.97954630851746e+00  2.00353260152042e-03 -9.66392338275909e-01  0.00000000000000e+00
  5.43083677183992e+04  3.98136639595032e+00  1.96342007257044e-03 -9.13232862949371e-01  0.00000000000000e+00
  5.43120959751911e+04  3.97806620597839e+00  1.99404871091247e-03 -9.77384328842163e-01  0.00000000000000e+00
  5.43158242319688e+04  3.97803449630737e+00  2.03248090110719e-03 -9.76466536521912e-01  0.00000000000000e+00
  5.43195524889978e+04  3.97812604904175e+00  1.84963212814182e-03 -8.45076858997345e-01  0.00000000000000e+00
  5.43232807460242e+04  3.97788143157959e+00  2.23574251867831e-03 -9.51791524887085e-01  0.00000000000000e+00
  5.43270090030613e+04  3.97944283485413e+00  1.91532529424876e-03 -1.01843607425690e+00  0.00000000000000e+00
  5.43307372603355e+04  3.97349166870117e+00  1.87535479199141e-03 -8.87779593467712e-01  0.00000000000000e+00
  5.43344655178553e+04  3.98184752464294e+00  2.53181089647114e-03 -8.92893016338348e-01  0.00000000000000e+00
  5.43381937755614e+04  3.98028349876404e+00  2.30266037397087e-03 -1.01933515071869e+00  0.00000000000000e+00
  5.43419220333393e+04  3.98227596282959e+00  2.21677264198661e-03 -9.58772003650665e-01  0.00000000000000e+00
  5.43485208339271e+04  0.00000000000000e+00  3.51822096854448e-03 -7.49083995819092e-01  0.00000000000000e+00
  5.43495625008381e+04  3.97340869903564e+00  2.00844951905310e-03 -8.44077289104462e-01  0.00000000000000e+00
  5.43532907596144e+04  3.97850537300110e+00  2.33733770437539e-03 -9.66819703578949e-01  0.00000000000000e+00
  5.43570190178878e+04  3.97651433944702e+00  2.06974917091429e-03 -1.00772154331207e+00  0.00000000000000e+00
  5.43607472768276e+04  3.97633862495422e+00  2.10362207144499e-03 -8.95126938819885e-01  0.00000000000000e+00
  5.43644755357189e+04  3.97838664054871e+00  2.18015513382852e-03 -9.62026059627533e-01  0.00000000000000e+00
  5.43695000000509e+04  0.00000000000000e+00  3.66689451038837e-03 -7.66754448413849e-01  0.00000000000000e+00
  5.43701250000716e+04  3.98123884201050e+00  1.77257473114878e-03 -9.53228056430817e-01  0.00000000000000e+00
  5.43738532595094e+04  3.98287463188171e+00  2.27440195158124e-03 -9.79915618896484e-01  0.00000000000000e+00
  5.43775815191308e+04  3.97376441955566e+00  2.12662131525576e-03 -9.60556328296661e-01  0.00000000000000e+00
  5.43813097791274e+04  3.97764968872070e+00  2.18403222970665e-03 -1.01329171657562e+00  0.00000000000000e+00
  5.43850380391009e+04  3.97272801399231e+00  2.07567447796464e-03 -1.05643284320831e+00  0.00000000000000e+00
  5.43887662992499e+04  3.97395038604736e+00  2.26152082905173e-03 -9.40743803977966e-01  0.00000000000000e+00
  5.43924945599131e+04  3.97370862960815e+00  2.18391604721546e-03 -1.02805578708649e+00  0.00000000000000e+00
  5.43962228202859e+04  3.97586417198181e+00  2.14112037792802e-03 -9.53328132629395e-01  0.00000000000000e+00
  5.43999510810545e+04  3.97799682617188e+00  2.17016460373998e-03 -9.17212069034576e-01  0.00000000000000e+00
  5.44036793417452e+04  3.97355413436890e+00  1.98161299340427e-03 -9.86753106117249e-01  0.00000000000000e+00
  5.44074076029735e+04  3.97756338119507e+00  2.37796176224947e-03 -9.31938230991364e-01  0.00000000000000e+00
  5.44145833337731e+04  0.00000000000000e+00  2.80401599593461e-03 -7.90522396564484e-01  0.00000000000000e+00
  5.44200000003309e+04  3.97902894020081e+00  2.08400259725749e-03 -9.18055295944214e-01  0.00000000000000e+00
  5.44237282617361e+04  3.98303866386414e+00  2.21702456474304e-03 -1.00645375251770e+00  0.00000000000000e+00
  5.44274565232744e+04  3.97829699516296e+00  2.14780797250569e-03 -8.90332520008087e-01  0.00000000000000e+00
  5.44311847849535e+04  3.98064279556274e+00  1.78943714126945e-03 -1.03372323513031e+00  0.00000000000000e+00
  5.44349130465369e+04  3.97959423065186e+00  2.28517479263246e-03 -8.86451780796051e-01  0.00000000000000e+00
  5.44386413082686e+04  3.97817087173462e+00  2.08323565311730e-03 -9.08872485160828e-01  0.00000000000000e+00
  5.44423695701424e+04  3.97944021224976e+00  1.88669527415186e-03 -1.03747284412384e+00  0.00000000000000e+00
  5.44460978321042e+04  3.97777748107910e+00  2.00654310174286e-03 -8.81818652153015e-01  0.00000000000000e+00
  5.44498260938090e+04  3.97294998168945e+00  2.23022676073015e-03 -9.88494753837585e-01  0.00000000000000e+00
  5.44535543559165e+04  3.98104119300842e+00  2.00685230083764e-03 -9.10742580890656e-01  0.00000000000000e+00
  5.44572826179664e+04  3.98061370849609e+00  2.06855521537364e-03 -9.66775536537170e-01  0.00000000000000e+00
  5.44610108799790e+04  3.98006772994995e+00  1.96368573233485e-03 -9.17757511138916e-01  0.00000000000000e+00
  5.44647391421910e+04  3.97843980789185e+00  2.21333699300885e-03 -9.49577927589417e-01  0.00000000000000e+00
  5.44684674039271e+04  3.98186063766479e+00  1.90542463678867e-03 -1.04860663414001e+00  0.00000000000000e+00
  5.44721956661264e+04  3.97851443290710e+00  1.90322194248438e-03 -9.96145427227020e-01  0.00000000000000e+00
  5.44759239283173e+04  3.97979807853699e+00  1.86830980237573e-03 -9.16072010993958e-01  0.00000000000000e+00
  5.44796521904166e+04  3.98133873939514e+00  1.97355938144028e-03 -1.00625598430634e+00  0.00000000000000e+00
  5.44833804527883e+04  3.98023915290833e+00  2.03181593678892e-03 -1.04360973834991e+00  0.00000000000000e+00
  5.44885243060476e+04  0.00000000000000e+00  2.97019979916513e-03 -8.22421908378601e-01  0.00000000000000e+00
  5.44889409727453e+04  3.98142886161804e+00  1.96239375509322e-03 -1.03763222694397e+00  0.00000000000000e+00
  5.44926692348148e+04  3.98560571670532e+00  2.13455036282539e-03 -8.88211667537689e-01  0.00000000000000e+00
  5.44963974964987e+04  3.97624325752258e+00  2.03102407976985e-03 -9.26408529281616e-01  0.00000000000000e+00
  5.45001257582188e+04  3.98348069190979e+00  2.40073143504560e-03 -9.57484543323517e-01  0.00000000000000e+00
  5.45038540200834e+04  3.98231077194214e+00  1.95002928376198e-03 -9.61724698543549e-01  0.00000000000000e+00
  5.45075822821693e+04  3.98235344886780e+00  2.26122816093266e-03 -9.99415636062622e-01  0.00000000000000e+00
  5.45113105437362e+04  3.98595833778381e+00  2.00239452533424e-03 -9.40937340259552e-01  0.00000000000000e+00
  5.45150388053819e+04  3.98488354682922e+00  2.17328616417944e-03 -9.36050534248352e-01  0.00000000000000e+00
  5.45187670666829e+04  3.98476886749268e+00  2.10926914587617e-03 -9.63897228240967e-01  0.00000000000000e+00
  5.45224953283068e+04  3.98368811607361e+00  2.13804049417377e-03 -8.54906320571899e-01  0.00000000000000e+00
  5.45262235900186e+04  3.98325943946838e+00  1.98058993555605e-03 -9.26205635070801e-01  0.00000000000000e+00
  5.45299518510869e+04  3.98857069015503e+00  2.03638128004968e-03 -1.07401835918427e+00  0.00000000000000e+00
  5.45336801124676e+04  3.98442482948303e+00  1.84861745219678e-03 -9.81487751007080e-01  0.00000000000000e+00
  5.45374083737059e+04  3.99090003967285e+00  2.10204417817295e-03 -9.22535598278046e-01  0.00000000000000e+00
  5.45411366347083e+04  3.98711442947388e+00  1.80916104000062e-03 -9.10053014755249e-01  0.00000000000000e+00
  5.45448648956759e+04  3.98807835578918e+00  2.15775379911065e-03 -9.65753078460693e-01  0.00000000000000e+00
  5.45485931564976e+04  3.98765587806702e+00  2.23403656855226e-03 -8.79191994667053e-01  0.00000000000000e+00
  5.45523214172972e+04  3.99191379547119e+00  1.87416083645076e-03 -9.71881031990051e-01  0.00000000000000e+00
  5.45560496778299e+04  3.99466252326965e+00  2.06464109942317e-03 -9.77784276008606e-01  0.00000000000000e+00
  5.45597779382350e+04  3.99158930778503e+00  2.29501398280263e-03 -1.01258683204651e+00  0.00000000000000e+00
  5.45635061984110e+04  3.98871016502380e+00  2.14108754880726e-03 -9.02428328990936e-01  0.00000000000000e+00
  5.45672344588552e+04  3.99613094329834e+00  2.16491031460464e-03 -9.04136598110199e-01  0.00000000000000e+00
  5.45709627186796e+04  3.99623060226440e+00  1.87622080557048e-03 -9.74332928657532e-01  0.00000000000000e+00
  5.45746909786042e+04  3.99203324317932e+00  2.14534252882004e-03 -9.55222904682159e-01  0.00000000000000e+00
  5.45784192381018e+04  4.00046682357788e+00  1.88829586841166e-03 -9.99091804027557e-01  0.00000000000000e+00
  5.45821474978751e+04  3.99534678459167e+00  2.30148620903492e-03 -9.23649191856384e-01  0.00000000000000e+00
  5.45858757572292e+04  3.99665188789368e+00  1.89918640535325e-03 -9.81121897697449e-01  0.00000000000000e+00
  5.45896040163981e+04  3.99632215499878e+00  1.92265212535858e-03 -9.50305342674255e-01  0.00000000000000e+00
  5.45933322754225e+04  3.99946784973145e+00  2.31582787819207e-03 -1.00544655323029e+00  0.00000000000000e+00
  5.45970605345139e+04  3.99857759475708e+00  1.80353480391204e-03 -9.62692141532898e-01  0.00000000000000e+00
  5.46007887931504e+04  3.99939966201782e+00  1.87219318468124e-03 -1.06705605983734e+00  0.00000000000000e+00
  5.46045170517813e+04  4.00312089920044e+00  2.02475138939917e-03 -9.96313035488129e-01  0.00000000000000e+00
  5.46082453104178e+04  4.00120258331299e+00  2.12190253660083e-03 -8.81119310855865e-01  0.00000000000000e+00
  5.46119735688379e+04  4.00062894821167e+00  2.08012503571808e-03 -8.67768347263336e-01  0.00000000000000e+00
  5.46157018272743e+04  4.00233840942383e+00  1.79151364136487e-03 -9.87948596477509e-01  0.00000000000000e+00
  5.46216131948033e+04  0.00000000000000e+00  2.34125135466456e-03 -8.54343056678772e-01  0.00000000000000e+00
  5.46222083341052e+04  3.99629735946655e+00  2.20992369577289e-03 -9.24457669258118e-01  0.00000000000000e+00
  5.46259365921204e+04  4.00018739700317e+00  1.97597290389240e-03 -9.85721766948700e-01  0.00000000000000e+00
  5.46296648501167e+04  3.99994564056396e+00  2.01246235519648e-03 -9.41613793373108e-01  0.00000000000000e+00
  5.46333931079063e+04  4.00274372100830e+00  1.99682754464447e-03 -9.84472870826721e-01  0.00000000000000e+00
  5.46371213659081e+04  4.00003433227539e+00  2.10316968150437e-03 -9.22864854335785e-01  0.00000000000000e+00
  5.46408496236760e+04  4.00062704086304e+00  2.17269547283649e-03 -9.53724086284637e-01  0.00000000000000e+00
  5.46445778812386e+04  4.00077676773071e+00  1.72213756013662e-03 -9.76888298988342e-01  0.00000000000000e+00
  5.46483061390244e+04  4.00020217895508e+00  1.99689483270049e-03 -9.70543861389160e-01  0.00000000000000e+00
  5.46520343968055e+04  3.99932241439819e+00  1.86301686335355e-03 -8.73987555503845e-01  0.00000000000000e+00
  5.46557626545927e+04  4.00817537307739e+00  2.07167095504701e-03 -9.87522959709167e-01  0.00000000000000e+00
  5.46594909123807e+04  4.00479364395142e+00  2.25729541853070e-03 -9.00290966033936e-01  0.00000000000000e+00
  5.46633402781089e+04  0.00000000000000e+00  2.80579761601985e-03 -8.00571858882904e-01  0.00000000000000e+00
  5.46634402778483e+04  4.00559282302856e+00  1.70864968094975e-03 -9.85723435878754e-01  0.00000000000000e+00
  5.46671685356169e+04  4.00781822204590e+00  2.18105735257268e-03 -9.23236191272736e-01  0.00000000000000e+00
  5.46708967935023e+04  4.00444269180298e+00  2.11521680466831e-03 -9.93422150611877e-01  0.00000000000000e+00
  5.46746250516422e+04  4.00878572463989e+00  2.06290092319250e-03 -1.00337338447571e+00  0.00000000000000e+00
  5.46797083335996e+04  0.00000000000000e+00  3.17840999923646e-03 -8.33271265029907e-01  0.00000000000000e+00
  5.46811666667836e+04  4.00631237030029e+00  1.87734782230109e-03 -1.05665802955627e+00  0.00000000000000e+00
  5.46848949247673e+04  4.00326347351074e+00  2.09452770650387e-03 -1.02604079246521e+00  0.00000000000000e+00
  5.46886231829895e+04  4.00468015670776e+00  2.06872285343707e-03 -9.61636245250702e-01  0.00000000000000e+00
  5.46923514416517e+04  3.99886918067932e+00  2.25221598520875e-03 -8.76618027687073e-01  0.00000000000000e+00
  5.46960797061018e+04  4.00667858123779e+00  2.48223426751792e-03 -9.93706345558167e-01  0.00000000000000e+00
  5.46998079751737e+04  4.00871753692627e+00  2.05658352933824e-03 -1.01182472705841e+00  0.00000000000000e+00
  5.47035362442201e+04  4.00212335586548e+00  2.35012569464743e-03 -9.89275932312012e-01  0.00000000000000e+00
  5.47072645132558e+04  4.00328874588013e+00  1.95905100554228e-03 -9.07791018486023e-01  0.00000000000000e+00
  5.47109927362999e+04  4.00483274459839e+00  2.20870901830494e-03 -1.02394890785217e+00  0.00000000000000e+00
  5.47147209958443e+04  4.00393152236938e+00  2.12733377702534e-03 -9.55261170864105e-01  0.00000000000000e+00
  5.47184492553727e+04  4.00631475448608e+00  2.18872353434563e-03 -1.00606107711792e+00  0.00000000000000e+00
  5.47221775152893e+04  4.00747919082642e+00  1.81000144220889e-03 -9.51202154159546e-01  0.00000000000000e+00
  5.47259057754039e+04  4.00719547271729e+00  2.02167755924165e-03 -9.24232602119446e-01  0.00000000000000e+00
  5.47296340354932e+04  3.99991154670715e+00  2.05581937916577e-03 -9.58563745021820e-01  0.00000000000000e+00
  5.47333622957141e+04  4.00410127639771e+00  1.91533623728901e-03 -9.52595293521881e-01  0.00000000000000e+00
  5.47370905563391e+04  4.00869655609131e+00  2.08393018692732e-03 -9.31407690048218e-01  0.00000000000000e+00
  5.47444166667361e+04  0.00000000000000e+00  3.24946292676032e-03 -7.39904105663300e-01  0.00000000000000e+00
  5.47445416673358e+04  4.00255203247070e+00  1.91944336984307e-03 -1.04815077781677e+00  0.00000000000000e+00
  5.47475138892720e+04  0.00000000000000e+00  2.84902611747384e-03 -8.51635336875916e-01  0.00000000000000e+00
  5.47479930561144e+04  4.00005865097046e+00  2.12618801742792e-03 -8.69265258312225e-01  0.00000000000000e+00
  5.47517213173553e+04  4.00746726989746e+00  2.00381362810731e-03 -9.31851387023926e-01  0.00000000000000e+00
  5.47554495786829e+04  4.00789117813110e+00  2.01395386829972e-03 -1.00220537185669e+00  0.00000000000000e+00
  5.47591778399352e+04  4.00835227966309e+00  2.27719545364380e-03 -9.03164565563202e-01  0.00000000000000e+00
  5.47629061015126e+04  4.00767993927002e+00  2.47567379847169e-03 -9.32507812976837e-01  0.00000000000000e+00
  5.47674166671620e+04  0.00000000000000e+00  3.54041717946529e-03 -7.41069316864014e-01  0.00000000000000e+00
  5.47679444450673e+04  4.00416040420532e+00  1.70246115885675e-03 -9.64721143245697e-01  0.00000000000000e+00
  5.47716727068299e+04  4.00736427307129e+00  1.93925900384784e-03 -9.54006612300873e-01  0.00000000000000e+00
  5.47754009686540e+04  4.00492095947266e+00  2.14745220728219e-03 -9.91221308708191e-01  0.00000000000000e+00
  5.47791292307095e+04  4.00635099411011e+00  1.77397846709937e-03 -1.01612794399261e+00  0.00000000000000e+00
  5.47828574928902e+04  4.00682353973389e+00  2.07409565337002e-03 -9.77612137794495e-01  0.00000000000000e+00
  5.47865857551933e+04  4.00471639633179e+00  2.17234808951616e-03 -9.95352208614349e-01  0.00000000000000e+00
  5.47903140176199e+04  4.00173473358154e+00  1.83677684981376e-03 -9.67447638511658e-01  0.00000000000000e+00
  5.47940422801980e+04  3.99950671195984e+00  2.05021048896015e-03 -9.56230044364929e-01  0.00000000000000e+00
  5.47977705426782e+04  4.00562667846680e+00  2.07598740234971e-03 -9.33215141296387e-01  0.00000000000000e+00
  5.48014988052766e+04  4.00539541244507e+00  1.95719511248171e-03 -9.89531338214874e-01  0.00000000000000e+00
  5.48052270677512e+04  4.00267362594604e+00  2.05852068029344e-03 -9.47588801383972e-01  0.00000000000000e+00
  5.48089553307038e+04  3.99873495101929e+00  2.14742915704846e-03 -9.36666488647461e-01  0.00000000000000e+00
  5.48126835932731e+04  3.99898147583008e+00  2.03339662402868e-03 -9.43989872932434e-01  0.00000000000000e+00
  5.48164118561644e+04  4.00658845901489e+00  1.99387571774423e-03 -1.01548802852631e+00  0.00000000000000e+00
  5.48201401188495e+04  4.00184440612793e+00  1.89543946180493e-03 -9.80073690414429e-01  0.00000000000000e+00
  5.48238683817095e+04  4.00177669525146e+00  2.03300407156348e-03 -9.87386345863342e-01  0.00000000000000e+00
  5.48275966447709e+04  3.99950790405273e+00  2.14433227665722e-03 -9.85861480236053e-01  0.00000000000000e+00
  5.48313249078229e+04  4.00421380996704e+00  1.91080139484257e-03 -9.54969167709351e-01  0.00000000000000e+00
  5.48350531589167e+04  4.00527238845825e+00  2.27163056842983e-03 -8.85412871837616e-01  0.00000000000000e+00
  5.48394305558299e+04  0.00000000000000e+00  2.80193914659321e-03 -8.06773781776428e-01  0.00000000000000e+00
  5.48405208336054e+04  4.00602960586548e+00  2.32424074783921e-03 -9.75425660610199e-01  0.00000000000000e+00
  5.48442490953520e+04  4.01018333435059e+00  2.19162064604461e-03 -9.33942854404449e-01  0.00000000000000e+00
  5.48479773583217e+04  4.00605154037476e+00  1.86744518578053e-03 -8.73272716999054e-01  0.00000000000000e+00
  5.48517056213160e+04  4.00455379486084e+00  1.71411689370871e-03 -9.44582581520081e-01  0.00000000000000e+00
  5.48554338841538e+04  4.00320720672607e+00  2.17699608765543e-03 -8.85041952133179e-01  0.00000000000000e+00
  5.48591621470162e+04  4.00491237640381e+00  1.96736096404493e-03 -1.02453351020813e+00  0.00000000000000e+00
  5.48628904097212e+04  4.00446033477783e+00  2.20170035026968e-03 -9.41410183906555e-01  0.00000000000000e+00
  5.48666186724999e+04  4.00882339477539e+00  2.13439646176994e-03 -9.91470634937286e-01  0.00000000000000e+00
  5.48738194447107e+04  0.00000000000000e+00  3.25284805148840e-03 -7.62640893459320e-01  0.00000000000000e+00
  5.48744166673831e+04  4.01123571395874e+00  2.22531892359257e-03 -1.06199395656586e+00  0.00000000000000e+00
  5.48781449303090e+04  3.99818539619446e+00  2.28357850573957e-03 -9.68052208423615e-01  0.00000000000000e+00
  5.48818731929144e+04  4.00599718093872e+00  2.39553838036954e-03 -9.08093810081482e-01  0.00000000000000e+00
  5.48861166667837e+04  0.00000000000000e+00  3.36994463577867e-03 -7.71204173564911e-01  0.00000000000000e+00
  5.48862166673612e+04  4.00824785232544e+00  2.19464953988791e-03 -9.77480232715607e-01  0.00000000000000e+00
  5.48899449297905e+04  4.00907087326050e+00  1.87215954065323e-03 -9.59497869014740e-01  0.00000000000000e+00
  5.48936731923172e+04  4.01048660278320e+00  1.85277976561338e-03 -1.01272034645081e+00  0.00000000000000e+00
  5.48974014545393e+04  4.00479793548584e+00  2.18148087151349e-03 -9.30054426193237e-01  0.00000000000000e+00
  5.49011297170636e+04  4.00907850265503e+00  2.37682973966002e-03 -9.68890905380249e-01  0.00000000000000e+00
  5.49048579791147e+04  4.01099824905396e+00  2.05317675136030e-03 -9.87462460994720e-01  0.00000000000000e+00
  5.49085862411423e+04  4.00957298278809e+00  2.16543278656900e-03 -9.18968439102173e-01  0.00000000000000e+00
  5.49123145030543e+04  4.01081514358521e+00  2.07075430080295e-03 -1.02481138706207e+00  0.00000000000000e+00
  5.49160427647014e+04  4.01353549957275e+00  1.99040072038770e-03 -9.88820910453796e-01  0.00000000000000e+00
  5.49197710265534e+04  4.01067924499512e+00  1.99944758787751e-03 -9.60750699043274e-01  0.00000000000000e+00
  5.49234992882801e+04  4.01818323135376e+00  2.44501326233149e-03 -9.39501762390137e-01  0.00000000000000e+00
  5.49272275496436e+04  4.01207065582275e+00  2.02003913000226e-03 -8.87570083141327e-01  0.00000000000000e+00
  5.49309558110556e+04  4.01311683654785e+00  1.82320119347423e-03 -8.40055227279663e-01  0.00000000000000e+00
  5.49346840727015e+04  4.01179599761963e+00  2.68922303803265e-03 -8.77070844173431e-01  0.00000000000000e+00
  5.49384123334977e+04  4.01789951324463e+00  2.14592786505818e-03 -1.00147354602814e+00  0.00000000000000e+00
  5.49421405943019e+04  4.01734828948975e+00  1.99615303426981e-03 -1.01360237598419e+00  0.00000000000000e+00
  5.49458688551713e+04  4.01660299301147e+00  2.12507881224155e-03 -9.65948343276978e-01  0.00000000000000e+00
  5.49495971158703e+04  4.01035737991333e+00  2.19910894520581e-03 -9.41069662570953e-01  0.00000000000000e+00
  5.49533253764410e+04  4.01972150802612e+00  2.14836443774402e-03 -1.00561547279358e+00  0.00000000000000e+00
  5.49570536367686e+04  4.02087497711182e+00  2.04173801466823e-03 -9.28347826004028e-01  0.00000000000000e+00
  5.49607818971422e+04  4.02436494827271e+00  1.98590080253780e-03 -9.82236146926880e-01  0.00000000000000e+00
  5.49645101571157e+04  4.02277755737305e+00  2.32289545238018e-03 -9.24048960208893e-01  0.00000000000000e+00
  5.49682384171309e+04  4.02233982086182e+00  1.79511436726898e-03 -9.26277339458466e-01  0.00000000000000e+00
  5.49719666771770e+04  4.02167463302612e+00  1.97261199355125e-03 -9.59190189838409e-01  0.00000000000000e+00
  5.49756949367951e+04  4.02350473403931e+00  2.13938183151186e-03 -9.81799542903900e-01  0.00000000000000e+00
  5.49794231966307e+04  4.02250814437866e+00  2.13310169056058e-03 -9.47598099708557e-01  0.00000000000000e+00
  5.49831514561389e+04  4.02427816390991e+00  1.82612461503595e-03 -9.11988735198975e-01  0.00000000000000e+00
  5.49868797155924e+04  4.02459430694580e+00  1.98003160767257e-03 -9.23638463020325e-01  0.00000000000000e+00
  5.49906079752129e+04  4.02701282501221e+00  2.07432499155402e-03 -9.50744450092316e-01  0.00000000000000e+00
  5.49943362344177e+04  4.01940488815308e+00  1.86618254519999e-03 -9.41841244697571e-01  0.00000000000000e+00
  5.49980644936274e+04  4.02536392211914e+00  2.19526840373874e-03 -9.21850442886353e-01  0.00000000000000e+00
  5.50017927528912e+04  4.02299356460571e+00  1.99344218708575e-03 -9.96709227561951e-01  0.00000000000000e+00
  5.50055210122026e+04  4.02610158920288e+00  2.05032853409648e-03 -8.61434400081635e-01  0.00000000000000e+00
  5.50092492712778e+04  4.02356815338135e+00  1.70890963636339e-03 -9.36454236507416e-01  0.00000000000000e+00
  5.50129775303588e+04  4.02380418777466e+00  1.98960420675576e-03 -9.05274033546448e-01  0.00000000000000e+00
  5.50167057894446e+04  4.02292203903198e+00  2.00231629423797e-03 -9.71747279167175e-01  0.00000000000000e+00
  5.50204340485440e+04  4.02030563354492e+00  2.60415044613183e-03 -9.34215784072876e-01  0.00000000000000e+00
  5.50241623076471e+04  4.01977157592773e+00  2.17972579412162e-03 -9.22223508358002e-01  0.00000000000000e+00
  5.50285986111410e+04  0.00000000000000e+00  2.87266913801432e-03 -7.78420209884644e-01  0.00000000000000e+00
  5.50290972229562e+04  4.03048038482666e+00  2.00511235743761e-03 -1.03230762481689e+00  0.00000000000000e+00
  5.50328254822777e+04  4.02537345886230e+00  1.72454980202019e-03 -9.93634402751923e-01  0.00000000000000e+00
  5.50365537413750e+04  4.02914381027222e+00  1.89749523997307e-03 -8.51052105426788e-01  0.00000000000000e+00
  5.50402820006980e+04  4.02290105819702e+00  1.96439540013671e-03 -1.03596472740173e+00  0.00000000000000e+00
  5.50440102602305e+04  4.02341890335083e+00  2.16985028237104e-03 -1.01200890541077e+00  0.00000000000000e+00
  5.50477385197327e+04  4.02389669418335e+00  1.96708086878061e-03 -9.60589170455933e-01  0.00000000000000e+00
  5.50514667792187e+04  4.02044773101807e+00  2.08272715099156e-03 -9.07675921916962e-01  0.00000000000000e+00
  5.50551950389156e+04  4.02398967742920e+00  1.90219085197896e-03 -9.13844823837280e-01  0.00000000000000e+00
  5.50589232988276e+04  4.02223014831543e+00  2.16070422902703e-03 -9.39190030097961e-01  0.00000000000000e+00
  5.50626515587523e+04  4.02206945419312e+00  2.18033860437572e-03 -9.24328505992889e-01  0.00000000000000e+00
  5.50663798176920e+04  4.02733755111694e+00  2.44451477192342e-03 -9.51823890209198e-01  0.00000000000000e+00
  5.50701080766470e+04  4.03094244003296e+00  1.95135234389454e-03 -8.84412944316864e-01  0.00000000000000e+00
  5.50738363355950e+04  4.02607440948486e+00  2.10534199140966e-03 -1.03267288208008e+00  0.00000000000000e+00
  5.50775645948959e+04  4.03443670272827e+00  2.33696354553103e-03 -9.41862881183624e-01  0.00000000000000e+00
  5.50812928540508e+04  4.03480243682861e+00  1.76218734122813e-03 -9.60204601287842e-01  0.00000000000000e+00
  5.50850211138817e+04  4.02614831924438e+00  2.05530645325780e-03 -9.52020585536957e-01  0.00000000000000e+00
  5.50887493735035e+04  4.03332948684692e+00  1.98326213285327e-03 -9.60245072841644e-01  0.00000000000000e+00
  5.50924776337638e+04  4.03425550460815e+00  2.35602492466569e-03 -9.26977038383484e-01  0.00000000000000e+00
  5.50962058933032e+04  4.03037834167480e+00  2.31496850028634e-03 -9.15129661560059e-01  0.00000000000000e+00
  5.50999341528705e+04  4.03348541259766e+00  1.93830579519272e-03 -9.13784801959991e-01  0.00000000000000e+00
  5.51036624126145e+04  4.02743101119995e+00  2.28821905329823e-03 -8.98047566413879e-01  0.00000000000000e+00
  5.51073906731272e+04  4.03183078765869e+00  2.17228848487139e-03 -1.08558845520020e+00  0.00000000000000e+00
  5.51111189331238e+04  4.02775239944458e+00  2.14265566319227e-03 -1.04475593566895e+00  0.00000000000000e+00
  5.51148471931736e+04  4.02762126922607e+00  2.59313290007412e-03 -9.16276693344116e-01  0.00000000000000e+00
  5.51185754533532e+04  4.02922391891479e+00  1.88555847853422e-03 -9.44516301155090e-01  0.00000000000000e+00
  5.51223037136285e+04  4.02958202362061e+00  1.96607643738389e-03 -9.08778905868530e-01  0.00000000000000e+00
  5.51260319739028e+04  4.03281211853027e+00  2.05677584744990e-03 -9.21550512313843e-01  0.00000000000000e+00
  5.51297602341643e+04  4.03039264678955e+00  1.91187846940011e-03 -9.83958899974823e-01  0.00000000000000e+00
  5.51334884955901e+04  4.02437925338745e+00  2.16377619653940e-03 -9.56451654434204e-01  0.00000000000000e+00
  5.51372167579747e+04  4.02538204193115e+00  1.82773079723120e-03 -9.94251608848572e-01  0.00000000000000e+00
  5.51409450204432e+04  4.03036355972290e+00  2.24088807590306e-03 -9.95392680168152e-01  0.00000000000000e+00
  5.51446732828184e+04  4.02156782150269e+00  2.17978772707283e-03 -9.38412547111511e-01  0.00000000000000e+00
  5.51484015456887e+04  4.02722072601318e+00  1.76452053710818e-03 -1.02638268470764e+00  0.00000000000000e+00
  5.51521298083947e+04  4.02215051651001e+00  1.85416755266488e-03 -9.63559389114380e-01  0.00000000000000e+00
  5.51558580714838e+04  4.01840305328369e+00  1.99721730314195e-03 -9.38018798828125e-01  0.00000000000000e+00
  5.51595863342512e+04  4.01989746093750e+00  1.85222621075809e-03 -9.17815208435059e-01  0.00000000000000e+00
  5.51633145972776e+04  4.02367496490479e+00  2.09699501283467e-03 -9.47148144245148e-01  0.00000000000000e+00
  5.51670428604861e+04  4.02105855941772e+00  2.10435013286769e-03 -8.75029206275940e-01  0.00000000000000e+00
  5.51707711238310e+04  4.02790832519531e+00  1.79141177795827e-03 -9.47664499282837e-01  0.00000000000000e+00
  5.51744993868541e+04  4.02133035659790e+00  1.90471741370857e-03 -9.69322204589844e-01  0.00000000000000e+00
  5.51782276498889e+04  4.02239608764648e+00  2.26755533367395e-03 -9.27713394165039e-01  0.00000000000000e+00
  5.51819559130916e+04  4.02110910415649e+00  1.90826226025820e-03 -9.95639324188232e-01  0.00000000000000e+00
  5.51856841759097e+04  4.02830648422241e+00  1.72334804665297e-03 -9.14725542068481e-01  0.00000000000000e+00
  5.51894124385429e+04  4.02808332443237e+00  1.85770273674279e-03 -1.03080499172211e+00  0.00000000000000e+00
  5.51931407018217e+04  4.02853488922119e+00  2.03226972371340e-03 -9.52677190303802e-01  0.00000000000000e+00
  5.51968689648517e+04  4.02695846557617e+00  2.19805282540619e-03 -9.07764196395874e-01  0.00000000000000e+00
  5.52005972278437e+04  4.03071737289429e+00  2.06249277107418e-03 -9.95454192161560e-01  0.00000000000000e+00
  5.52043254902847e+04  4.02971792221069e+00  1.93744734860957e-03 -9.67260360717773e-01  0.00000000000000e+00
  5.52080537529029e+04  4.02836036682129e+00  2.03658966347575e-03 -9.95245695114136e-01  0.00000000000000e+00
  5.52117820162513e+04  4.02199220657349e+00  1.91048753913492e-03 -9.96563911437988e-01  0.00000000000000e+00
  5.52165520841458e+04  0.00000000000000e+00  2.77963303960860e-03 -8.61857175827026e-01  0.00000000000000e+00
  5.52173854169745e+04  4.02218246459961e+00  2.10450123995543e-03 -9.44343566894531e-01  0.00000000000000e+00
  5.52211136802780e+04  4.02257633209229e+00  2.01607192866504e-03 -9.72617924213409e-01  0.00000000000000e+00
  5.52248419443530e+04  4.01925802230835e+00  2.03928980045021e-03 -1.01506197452545e+00  0.00000000000000e+00
  5.52285702079489e+04  4.02153205871582e+00  1.89891341142356e-03 -8.47306847572327e-01  0.00000000000000e+00
  5.52322984714722e+04  4.01907014846802e+00  2.46820249594748e-03 -8.78293931484222e-01  0.00000000000000e+00
  5.52360267350359e+04  4.02042531967163e+00  1.91861181519926e-03 -9.36104834079742e-01  0.00000000000000e+00
  5.52397549987753e+04  4.02711534500122e+00  2.36814189702272e-03 -9.27204608917236e-01  0.00000000000000e+00
  5.52434832622663e+04  4.02520036697388e+00  2.22517037764192e-03 -8.98488998413086e-01  0.00000000000000e+00
  5.52472115257014e+04  4.02436256408691e+00  2.11769528687000e-03 -1.02404725551605e+00  0.00000000000000e+00
  5.52509397893554e+04  4.02905511856079e+00  1.95811502635479e-03 -9.17841851711273e-01  0.00000000000000e+00
  5.52546680526262e+04  4.02890062332153e+00  2.68115196377039e-03 -9.58628535270691e-01  0.00000000000000e+00
  5.52583963156390e+04  4.02658319473267e+00  1.94162852130830e-03 -9.24792706966400e-01  0.00000000000000e+00
  5.52621245789735e+04  4.01893949508667e+00  2.49191164039075e-03 -8.03115606307983e-01  0.00000000000000e+00
  5.52658528421239e+04  4.02601146697998e+00  2.36897286958992e-03 -9.73875701427460e-01  0.00000000000000e+00
  5.52695811051053e+04  4.02995634078979e+00  1.88928039278835e-03 -9.99137282371521e-01  0.00000000000000e+00
  5.52741583337636e+04  0.00000000000000e+00  3.47243319265544e-03 -7.60968446731567e-01  0.00000000000000e+00
  5.52742583336516e+04  4.01949071884155e+00  2.20134411938488e-03 -9.94249045848846e-01  0.00000000000000e+00
  5.52779865965798e+04  4.02356386184692e+00  2.45387875474989e-03 -9.87216949462891e-01  0.00000000000000e+00
  5.52817148594397e+04  4.03073167800903e+00  2.19146395102143e-03 -1.02041459083557e+00  0.00000000000000e+00
  5.52854431222662e+04  4.02803134918213e+00  1.92446087021381e-03 -1.02305817604065e+00  0.00000000000000e+00
  5.52891713849791e+04  4.02411270141602e+00  2.33769975602627e-03 -1.00273656845093e+00  0.00000000000000e+00
  5.52928996473809e+04  4.01947736740112e+00  2.50439159572124e-03 -9.65195000171661e-01  0.00000000000000e+00
  5.52966279100417e+04  4.03005886077881e+00  2.02466524206102e-03 -9.78767514228821e-01  0.00000000000000e+00
  5.53003561721227e+04  4.02507495880127e+00  2.18401267193258e-03 -8.64442110061646e-01  0.00000000000000e+00
  5.53040844337487e+04  4.02582263946533e+00  2.24020844325423e-03 -9.78136241436005e-01  0.00000000000000e+00
  5.53078126955326e+04  4.02903985977173e+00  2.30729789473116e-03 -9.15082335472107e-01  0.00000000000000e+00
  5.53115409570371e+04  4.03269147872925e+00  1.85843126382679e-03 -9.48757588863373e-01  0.00000000000000e+00
  5.53152692188136e+04  4.03260278701782e+00  1.72733410727233e-03 -1.00689399242401e+00  0.00000000000000e+00
  5.53189974796643e+04  4.02838373184204e+00  1.94265798199922e-03 -9.26901996135712e-01  0.00000000000000e+00
  5.53227257401909e+04  4.03665828704834e+00  2.07282137125731e-03 -9.87888038158417e-01  0.00000000000000e+00
  5.53296666673832e+04  0.00000000000000e+00  2.90755438618362e-03 -8.34588527679443e-01  0.00000000000000e+00
  5.53303541667384e+04  4.03805303573608e+00  1.75579008646309e-03 -1.02295827865601e+00  0.00000000000000e+00
  5.53340824270844e+04  4.03611612319946e+00  1.98102160356939e-03 -1.02681624889374e+00  0.00000000000000e+00
  5.53378106864109e+04  4.03808641433716e+00  2.01901490800083e-03 -8.87756288051605e-01  0.00000000000000e+00
  5.53415389454630e+04  4.03282308578491e+00  2.07021064125001e-03 -9.76372182369232e-01  0.00000000000000e+00
  5.53452672048843e+04  4.03929710388184e+00  2.05969926901162e-03 -9.67346608638763e-01  0.00000000000000e+00
  5.53490416671389e+04  0.00000000000000e+00  2.63795466162264e-03 -8.14868807792664e-01  0.00000000000000e+00
  5.53505625001794e+04  4.04427194595337e+00  2.22859135828912e-03 -9.08876121044159e-01  0.00000000000000e+00
  5.53543750006228e+04  0.00000000000000e+00  2.28578434325755e-03 -8.91742587089539e-01  0.00000000000000e+00
  5.53557500005092e+04  4.04726982116699e+00  1.88328535296023e-03 -9.55872833728790e-01  0.00000000000000e+00
  5.53594782584873e+04  4.04632854461670e+00  1.75119948107749e-03 -1.01695621013641e+00  0.00000000000000e+00
  5.53632065162419e+04  4.04191827774048e+00  1.90651707816869e-03 -8.92815470695496e-01  0.00000000000000e+00
  5.53669347743219e+04  4.04468393325806e+00  2.05468642525375e-03 -9.18943703174591e-01  0.00000000000000e+00
  5.53706630308182e+04  4.04817533493042e+00  1.97504111565650e-03 -9.60969626903534e-01  0.00000000000000e+00
  5.53743912874547e+04  4.04811143875122e+00  2.04153987579048e-03 -9.14316654205322e-01  0.00000000000000e+00
  5.53781195438597e+04  4.05232715606689e+00  2.23477138206363e-03 -9.70926105976105e-01  0.00000000000000e+00
  5.53818478005637e+04  4.05067586898804e+00  1.94362725596875e-03 -9.60131585597992e-01  0.00000000000000e+00
  5.53855760570277e+04  4.05032014846802e+00  2.03096470795572e-03 -9.73787307739258e-01  0.00000000000000e+00
  5.53893043136504e+04  4.05209541320801e+00  1.88709760550410e-03 -9.45479214191437e-01  0.00000000000000e+00
  5.53930325701100e+04  4.05356168746948e+00  1.86310952994972e-03 -1.01204061508179e+00  0.00000000000000e+00
  5.53967608272834e+04  4.05317354202271e+00  1.82886119000614e-03 -9.30618703365326e-01  0.00000000000000e+00
  5.54004890837303e+04  4.05413103103638e+00  1.99368130415678e-03 -9.03229236602783e-01  0.00000000000000e+00
  5.54042173407055e+04  4.04920005798340e+00  1.96778657846153e-03 -1.04019761085510e+00  0.00000000000000e+00
  5.54116738545463e+04  4.05082654953003e+00  2.63369572348893e-03 -6.98438704013824e-01  0.00000000000000e+00
