  5.21309998712442e+04  2.94752573966980e+00  2.84398746490479e+00  2.78299832344055e+00  2.54634785652161e+00
  5.21347281046878e+04  2.93838357925415e+00  2.83828091621399e+00  2.78220629692078e+00  2.54197955131531e+00
  5.21384563382441e+04  2.93611788749695e+00  2.83474922180176e+00  2.77481865882874e+00  2.54202866554260e+00
  5.21421845719525e+04  2.92934942245483e+00  2.82821202278137e+00  2.77816367149353e+00  2.53433060646057e+00
  5.21459128054655e+04  2.92670941352844e+00  2.82632851600647e+00  2.77070760726929e+00  2.53992390632629e+00
  5.21496410384886e+04  2.92505311965942e+00  2.82082700729370e+00  2.77811193466187e+00  2.53520178794861e+00
  5.21533692710499e+04  2.91360926628113e+00  2.81491637229919e+00  2.76970958709717e+00  2.53524112701416e+00
  5.21570975034480e+04  2.91379857063293e+00  2.80956220626831e+00  2.77008914947510e+00  2.52748680114746e+00
  5.21608257388101e+04  2.90694427490234e+00  2.80387997627258e+00  2.76802349090576e+00  2.52914118766785e+00
  5.21666250005311e+04  1.43905258178711e+00  1.36734867095947e+00  1.13400673866272e+00  9.62904691696167e-01
  5.21673750004977e+04  2.90001320838928e+00  2.79773211479187e+00  2.75996375083923e+00  2.52509474754333e+00
  5.21711032361123e+04  2.89161491394043e+00  2.79138517379761e+00  2.76226973533630e+00  2.52778077125549e+00
  5.21748314705902e+04  2.89052700996399e+00  2.78689885139465e+00  2.76028323173523e+00  2.52668428421021e+00
  5.21785597052801e+04  2.89097785949707e+00  2.78811550140381e+00  2.76348137855530e+00  2.52459955215454e+00
  5.21822879417800e+04  2.88445878028870e+00  2.78545737266541e+00  2.75720882415771e+00  2.52284908294678e+00
  5.21860161770762e+04  2.87935972213745e+00  2.78150415420532e+00  2.76190519332886e+00  2.52294921875000e+00
  5.21897444126146e+04  2.87499380111694e+00  2.77798962593079e+00  2.75648403167725e+00  2.51951503753662e+00
  5.21934726508287e+04  2.87268328666687e+00  2.77581524848938e+00  2.76153421401978e+00  2.52028083801270e+00
  5.21972008871654e+04  2.86719417572021e+00  2.77461528778076e+00  2.75465536117554e+00  2.52051615715027e+00
  5.22009291248667e+04  2.87216901779175e+00  2.77432203292847e+00  2.75790667533875e+00  2.51734566688538e+00
  5.22046573620418e+04  2.86532211303711e+00  2.76911234855652e+00  2.75698232650757e+00  2.52033448219299e+00
  5.22083856009492e+04  2.86592602729797e+00  2.77022194862366e+00  2.75501132011414e+00  2.51499080657959e+00
  5.22121138397650e+04  2.86400675773621e+00  2.76654958724976e+00  2.75551700592041e+00  2.51682305335999e+00
  5.22186875000291e+04  1.46258802413940e+01  1.41606216430664e+01  1.17570018768311e+01  1.13503675460815e+01
  5.22200000003866e+04  2.85829043388367e+00  2.76417708396912e+00  2.75443267822266e+00  2.51550769805908e+00
  5.22237282384665e+04  2.86046576499939e+00  2.76608872413635e+00  2.75169658660889e+00  2.51277089118958e+00
  5.22274564790914e+04  2.86135768890381e+00  2.76306509971619e+00  2.75575923919678e+00  2.51189446449280e+00
  5.22311847183681e+04  2.85922265052795e+00  2.76323199272156e+00  2.75528526306152e+00  2.51379132270813e+00
  5.22349129592338e+04  2.85961675643921e+00  2.76436829566956e+00  2.75797343254089e+00  2.51362323760986e+00
  5.22386411994585e+04  2.85695385932922e+00  2.76055335998535e+00  2.75558900833130e+00  2.51258540153503e+00
  5.22423694396595e+04  2.85787987709045e+00  2.76236295700073e+00  2.75264310836792e+00  2.51228928565979e+00
  5.22460976815904e+04  2.85640716552734e+00  2.76159715652466e+00  2.75567817687988e+00  2.51488900184631e+00
  5.22498259227721e+04  2.85831737518311e+00  2.76037478446960e+00  2.75570797920227e+00  2.51325392723083e+00
  5.22535541654237e+04  2.85253286361694e+00  2.75746941566467e+00  2.75118803977966e+00  2.51278877258301e+00
  5.22572824069863e+04  2.85569858551025e+00  2.75776839256287e+00  2.75359106063843e+00  2.51664757728577e+00
  5.22610106485685e+04  2.85080790519714e+00  2.75662207603455e+00  2.75874066352844e+00  2.51665282249451e+00
  5.22647388921238e+04  2.85202932357788e+00  2.75969123840332e+00  2.75642561912537e+00  2.51397109031677e+00
  5.22684671344480e+04  2.85395312309265e+00  2.75899243354797e+00  2.75282955169678e+00  2.50945806503296e+00
  5.22721953767513e+04  2.85317826271057e+00  2.75768899917603e+00  2.75685238838196e+00  2.51479721069336e+00
  5.22759236210716e+04  2.85369420051575e+00  2.75848126411438e+00  2.75469326972961e+00  2.51575589179993e+00
  5.22796518640708e+04  2.85448956489563e+00  2.75919270515442e+00  2.75801825523376e+00  2.51697111129761e+00
  5.22833801074191e+04  2.85214877128601e+00  2.75707054138184e+00  2.75820851325989e+00  2.51618361473083e+00
  5.22906250006377e+04  1.41165566444397e+00  1.34567344188690e+00  1.12936174869537e+00  9.58187937736511e-01
  5.22909791668705e+04  2.85168480873108e+00  2.75722765922546e+00  2.75588393211365e+00  2.51632690429688e+00
  5.22947074099965e+04  2.85430407524109e+00  2.75443220138550e+00  2.75930571556091e+00  2.51618766784668e+00
  5.22984356532778e+04  2.84897994995117e+00  2.75634312629700e+00  2.76078057289124e+00  2.51641964912415e+00
  5.23021638964097e+04  2.85016798973083e+00  2.75630474090576e+00  2.75521516799927e+00  2.51734066009521e+00
  5.23058921412292e+04  2.84696769714355e+00  2.75647950172424e+00  2.75675773620605e+00  2.51558685302734e+00
  5.23096203838263e+04  2.85177159309387e+00  2.74991178512573e+00  2.76165485382080e+00  2.51805734634399e+00
  5.23133486272152e+04  2.85152339935303e+00  2.75732469558716e+00  2.76030945777893e+00  2.51923632621765e+00
  5.23170768706330e+04  2.85032248497009e+00  2.75691008567810e+00  2.76069569587708e+00  2.52046322822571e+00
  5.23208051139422e+04  2.84994029998779e+00  2.75797104835510e+00  2.76474094390869e+00  2.52013540267944e+00
  5.23245333573670e+04  2.84932947158813e+00  2.75708007812500e+00  2.76107573509216e+00  2.51899266242981e+00
  5.23310833333993e+04  1.41387379169464e+00  1.34556210041046e+00  1.13186287879944e+00  9.59343373775482e-01
  5.23314319452801e+04  2.85119748115540e+00  2.75256013870239e+00  2.76366686820984e+00  2.52034950256348e+00
  5.23351601865557e+04  2.85667967796326e+00  2.75714516639709e+00  2.76357722282410e+00  2.52088952064514e+00
  5.23388884279237e+04  2.85475826263428e+00  2.75997686386108e+00  2.76523518562317e+00  2.51681709289551e+00
  5.23426166692837e+04  2.85359764099121e+00  2.76037693023682e+00  2.75882363319397e+00  2.51722168922424e+00
  5.23463454437963e+04  2.85639643669128e+00  2.76324629783630e+00  2.76005220413208e+00  2.51914930343628e+00
  5.23500736851830e+04  2.85797047615051e+00  2.76370906829834e+00  2.75774240493774e+00  2.51582336425781e+00
  5.23538019251796e+04  2.85344600677490e+00  2.76330924034119e+00  2.75860881805420e+00  2.51538467407227e+00
  5.23575301658831e+04  2.86000919342041e+00  2.75962209701538e+00  2.76666593551636e+00  2.52189993858337e+00
  5.23612584067327e+04  2.86161470413208e+00  2.76524949073792e+00  2.76657032966614e+00  2.51981401443481e+00
  5.23649866475621e+04  2.86067056655884e+00  2.76539444923401e+00  2.76445722579956e+00  2.51649308204651e+00
  5.23687148867256e+04  2.85786700248718e+00  2.75748872756958e+00  2.76055240631104e+00  2.52089905738831e+00
  5.23724431268555e+04  2.86007642745972e+00  2.76452898979187e+00  2.76788640022278e+00  2.52371311187744e+00
  5.23761713670463e+04  2.86110162734985e+00  2.77008605003357e+00  2.76689934730530e+00  2.52071046829224e+00
  5.23798996071354e+04  2.85768628120422e+00  2.76355290412903e+00  2.76682281494141e+00  2.52123451232910e+00
  5.23836278454978e+04  2.86246991157532e+00  2.76512503623962e+00  2.76676416397095e+00  2.52238154411316e+00
  5.23873560850139e+04  2.85885429382324e+00  2.76703143119812e+00  2.76906251907349e+00  2.52586269378662e+00
  5.23910843245219e+04  2.86442399024963e+00  2.76400399208069e+00  2.76649355888367e+00  2.52393794059753e+00
  5.23948125638634e+04  2.86075925827026e+00  2.76824283599854e+00  2.76863074302673e+00  2.52353501319885e+00
  5.23985408019004e+04  2.86430931091309e+00  2.76554250717163e+00  2.76999855041504e+00  2.52420878410339e+00
  5.24025833334432e+04  1.41640532016754e+00  1.34853148460388e+00  1.13322544097900e+00  9.60068047046661e-01
  5.24030000000625e+04  2.85937190055847e+00  2.76816391944885e+00  2.76882576942444e+00  2.52548503875732e+00
  5.24067282394317e+04  2.86401653289795e+00  2.76892852783203e+00  2.77172660827637e+00  2.52666020393372e+00
  5.24104564765857e+04  2.86507868766785e+00  2.76750373840332e+00  2.77358841896057e+00  2.52876591682434e+00
  5.24141847149456e+04  2.86224412918091e+00  2.76636147499084e+00  2.77625489234924e+00  2.52990317344666e+00
  5.24179129531945e+04  2.86420726776123e+00  2.76969957351685e+00  2.77404332160950e+00  2.52869439125061e+00
  5.24216411914606e+04  2.86296534538269e+00  2.77102613449097e+00  2.77551865577698e+00  2.53096723556519e+00
  5.24253694287349e+04  2.86632680892944e+00  2.77082419395447e+00  2.77812886238098e+00  2.53098106384277e+00
  5.24290976669918e+04  2.86852407455444e+00  2.77137470245361e+00  2.77622461318970e+00  2.53130006790161e+00
  5.24328259041668e+04  2.86719560623169e+00  2.77139306068420e+00  2.77587175369263e+00  2.53099966049194e+00
  5.24365541420325e+04  2.86846280097961e+00  2.77392864227295e+00  2.77877950668335e+00  2.53207969665527e+00
  5.24402823800278e+04  2.86884498596191e+00  2.77343964576721e+00  2.77878832817078e+00  2.53201961517334e+00
  5.24440106186989e+04  2.87109994888306e+00  2.77199339866638e+00  2.77770566940308e+00  2.52987289428711e+00
  5.24477388564212e+04  2.86775612831116e+00  2.77070426940918e+00  2.78012204170227e+00  2.53201198577881e+00
  5.24514670942081e+04  2.86630225181580e+00  2.77018070220947e+00  2.78025436401367e+00  2.53474211692810e+00
  5.24551953321051e+04  2.86803269386292e+00  2.76946377754211e+00  2.78151440620422e+00  2.53413581848145e+00
  5.24589235701482e+04  2.86676883697510e+00  2.77268838882446e+00  2.78123903274536e+00  2.53506135940552e+00
  5.24626518080290e+04  2.87308001518250e+00  2.77478289604187e+00  2.78036832809448e+00  2.53421258926392e+00
  5.24663800463357e+04  2.86933636665344e+00  2.77643752098083e+00  2.78354954719543e+00  2.53690886497498e+00
  5.24701082845033e+04  2.87051367759705e+00  2.77381968498230e+00  2.78338837623596e+00  2.53564023971558e+00
  5.24738365227226e+04  2.87069964408875e+00  2.77551293373108e+00  2.78246974945068e+00  2.53551959991455e+00
  5.24775647610486e+04  2.87077498435974e+00  2.77313494682312e+00  2.78464579582214e+00  2.53571915626526e+00
  5.24812929993751e+04  2.87125086784363e+00  2.77559089660645e+00  2.78391242027283e+00  2.54028320312500e+00
  5.24856222230941e+04  1.42276680469513e+00  1.35388708114624e+00  1.14089357852936e+00  9.65658843517303e-01
  5.24860416675244e+04  2.87070608139038e+00  2.77369499206543e+00  2.78551054000854e+00  2.53804492950439e+00
  5.24897699064444e+04  2.87295079231262e+00  2.77725291252136e+00  2.78741025924683e+00  2.53944277763367e+00
  5.24934981452383e+04  2.87153840065002e+00  2.77691316604614e+00  2.78832888603210e+00  2.53936982154846e+00
  5.24972263845592e+04  2.87367486953735e+00  2.77341842651367e+00  2.79095983505249e+00  2.53957986831665e+00
  5.25009546240938e+04  2.87667417526245e+00  2.78077292442322e+00  2.78520321846008e+00  2.54195332527161e+00
  5.25046828637420e+04  2.87701368331909e+00  2.77964973449707e+00  2.79066491127014e+00  2.54056954383850e+00
  5.25084111030511e+04  2.87350893020630e+00  2.78139233589172e+00  2.79122471809387e+00  2.54296135902405e+00
  5.25121393429733e+04  2.87566804885864e+00  2.77664637565613e+00  2.79416394233704e+00  2.54258584976196e+00
  5.25158675834341e+04  2.87609672546387e+00  2.77937221527100e+00  2.79029226303101e+00  2.53990221023560e+00
  5.25195958241482e+04  2.87760329246521e+00  2.77833223342896e+00  2.78853631019592e+00  2.54292273521423e+00
  5.25233240649617e+04  2.87314605712891e+00  2.77982378005981e+00  2.79173707962036e+00  2.54201245307922e+00
  5.25270523062860e+04  2.87737464904785e+00  2.78147840499878e+00  2.78702592849731e+00  2.54079890251160e+00
  5.25307805478415e+04  2.87393140792847e+00  2.77733254432678e+00  2.79072809219360e+00  2.54430890083313e+00
  5.25345087894956e+04  2.87790489196777e+00  2.78270435333252e+00  2.78981709480286e+00  2.54276227951050e+00
  5.25382370321655e+04  2.87652778625488e+00  2.78527116775513e+00  2.79017877578735e+00  2.54680562019348e+00
  5.25419652742176e+04  2.87801384925842e+00  2.78246545791626e+00  2.79023265838623e+00  2.54830145835876e+00
  5.25456935170960e+04  2.87533473968506e+00  2.77958416938782e+00  2.79631757736206e+00  2.54500079154968e+00
  5.25494217600163e+04  2.87862086296082e+00  2.78324723243713e+00  2.79950785636902e+00  2.54854369163513e+00
  5.25531500037061e+04  2.87455034255981e+00  2.78358364105225e+00  2.79753136634827e+00  2.54796004295349e+00
  5.25568782474317e+04  2.87946248054504e+00  2.78377890586853e+00  2.79530954360962e+00  2.55161881446838e+00
  5.25606064916724e+04  2.87903785705566e+00  2.78151726722717e+00  2.79640173912048e+00  2.54911541938782e+00
  5.25643347360701e+04  2.87466979026794e+00  2.78272891044617e+00  2.80119681358337e+00  2.54985380172729e+00
  5.25680629809515e+04  2.87895369529724e+00  2.78370690345764e+00  2.79957938194275e+00  2.55167317390442e+00
  5.25717912263321e+04  2.87140297889709e+00  2.78089928627014e+00  2.80314993858337e+00  2.55406641960144e+00
  5.25755194716573e+04  2.87816691398621e+00  2.78342080116272e+00  2.80047750473022e+00  2.55243873596191e+00
  5.25792477174966e+04  2.87969708442688e+00  2.78403043746948e+00  2.80026054382324e+00  2.55468678474426e+00
  5.25837534723345e+04  1.42657148838043e+00  1.36048972606659e+00  1.14550471305847e+00  9.71089303493500e-01
  5.25841701397489e+04  2.87730455398560e+00  2.78547263145447e+00  2.80145502090454e+00  2.55302810668945e+00
  5.25878983861064e+04  2.87749004364014e+00  2.78691625595093e+00  2.80351209640503e+00  2.55472660064697e+00
  5.25916266333611e+04  2.88055682182312e+00  2.78279542922974e+00  2.80377411842346e+00  2.55736684799194e+00
  5.25953548807548e+04  2.87737846374512e+00  2.78537654876709e+00  2.80328512191772e+00  2.55487012863159e+00
  5.25990831280567e+04  2.88077545166016e+00  2.78689599037170e+00  2.80715990066528e+00  2.55748724937439e+00
  5.26028113759826e+04  2.87876462936401e+00  2.78638792037964e+00  2.80856013298035e+00  2.56055164337158e+00
  5.26065396240590e+04  2.87976837158203e+00  2.78915214538574e+00  2.80788350105286e+00  2.55721831321716e+00
  5.26102678727603e+04  2.87954044342041e+00  2.79111647605896e+00  2.80619788169861e+00  2.55819749832153e+00
  5.26139961216850e+04  2.88138580322266e+00  2.78656411170959e+00  2.80423331260681e+00  2.55825424194336e+00
  5.26177243702362e+04  2.88223242759705e+00  2.78946137428284e+00  2.80499219894409e+00  2.55743598937988e+00
  5.26214526189282e+04  2.88234186172485e+00  2.78847622871399e+00  2.81174325942993e+00  2.56014537811279e+00
  5.26251808682280e+04  2.88338851928711e+00  2.78843331336975e+00  2.81002044677734e+00  2.56100940704346e+00
  5.26289091173854e+04  2.88430666923523e+00  2.79050493240356e+00  2.81264495849609e+00  2.56550216674805e+00
  5.26326373670115e+04  2.88020515441895e+00  2.79034280776978e+00  2.81265282630920e+00  2.56469488143921e+00
  5.26363656168773e+04  2.88355207443237e+00  2.79072403907776e+00  2.81498670578003e+00  2.56548428535461e+00
  5.26400938668259e+04  2.88571763038635e+00  2.79257059097290e+00  2.81386780738831e+00  2.56253385543823e+00
  5.26438221163124e+04  2.88352608680725e+00  2.79335880279541e+00  2.81320166587830e+00  2.56641387939453e+00
  5.26475503659920e+04  2.88849949836731e+00  2.79461479187012e+00  2.81555509567261e+00  2.56749224662781e+00
  5.26512786158798e+04  2.88705754280090e+00  2.79471063613892e+00  2.81479358673096e+00  2.56716609001160e+00
  5.26550068659445e+04  2.88752222061157e+00  2.79290938377380e+00  2.81532216072083e+00  2.56591725349426e+00
  5.26587351156539e+04  2.88719892501831e+00  2.79359078407288e+00  2.81461501121521e+00  2.56779575347900e+00
  5.26624633655925e+04  2.89050984382629e+00  2.79470777511597e+00  2.81655168533325e+00  2.56979608535767e+00
  5.26661916156413e+04  2.88964200019836e+00  2.79652285575867e+00  2.81855916976929e+00  2.57145285606384e+00
  5.26699198654307e+04  2.88605022430420e+00  2.79683351516724e+00  2.82322549819946e+00  2.56856703758240e+00
  5.26736481151680e+04  2.89054298400879e+00  2.79742431640625e+00  2.82406616210938e+00  2.56876015663147e+00
  5.26773763648982e+04  2.89338254928589e+00  2.79703855514526e+00  2.82028150558472e+00  2.57003927230835e+00
  5.26811046147626e+04  2.89507627487183e+00  2.80092692375183e+00  2.82112240791321e+00  2.57051801681519e+00
  5.26848328644617e+04  2.88895535469055e+00  2.79922676086426e+00  2.81853246688843e+00  2.57102704048157e+00
  5.26885611139423e+04  2.89421343803406e+00  2.79867458343506e+00  2.82185029983521e+00  2.57203459739685e+00
  5.26922893634259e+04  2.89379048347473e+00  2.79827928543091e+00  2.82228422164917e+00  2.56697344779968e+00
  5.26960176121805e+04  2.89335083961487e+00  2.79937601089478e+00  2.82161498069763e+00  2.56940817832947e+00
  5.26997458612754e+04  2.89075660705566e+00  2.80606222152710e+00  2.81834864616394e+00  2.57300233840942e+00
  5.27034741103102e+04  2.89559245109558e+00  2.80238866806030e+00  2.82322502136230e+00  2.57039403915405e+00
  5.27105243062604e+04  1.43294489383698e+00  1.36521744728088e+00  1.15652155876160e+00  9.80416476726532e-01
  5.27109687506251e+04  2.89689922332764e+00  2.80490040779114e+00  2.82173252105713e+00  2.57165265083313e+00
  5.27146969988937e+04  2.89651012420654e+00  2.80278038978577e+00  2.82242488861084e+00  2.57348465919495e+00
  5.27184252469372e+04  2.90119862556458e+00  2.80538821220398e+00  2.82957339286804e+00  2.57624459266663e+00
  5.27221534948681e+04  2.89665150642395e+00  2.80472826957703e+00  2.82673263549805e+00  2.57348275184631e+00
  5.27258817421399e+04  2.90108823776245e+00  2.80732154846191e+00  2.82943606376648e+00  2.57349848747253e+00
  5.27296099896597e+04  2.90108060836792e+00  2.80616259574890e+00  2.82778239250183e+00  2.57699966430664e+00
  5.27333382370183e+04  2.90614628791809e+00  2.80957627296448e+00  2.82811236381531e+00  2.57874369621277e+00
  5.27370664842964e+04  2.90686607360840e+00  2.80595350265503e+00  2.82893919944763e+00  2.57523751258850e+00
  5.27407947308785e+04  2.90251660346985e+00  2.80922055244446e+00  2.83283472061157e+00  2.57499098777771e+00
  5.27445229778971e+04  2.90604996681213e+00  2.81174182891846e+00  2.83082008361816e+00  2.58051848411560e+00
  5.27482512241632e+04  2.90664625167847e+00  2.81178259849548e+00  2.83150863647461e+00  2.57793140411377e+00
  5.27519794701100e+04  2.90546536445618e+00  2.81406044960022e+00  2.82880353927612e+00  2.57875251770020e+00
  5.27557077160625e+04  2.90718340873718e+00  2.81485319137573e+00  2.83261442184448e+00  2.58263254165649e+00
  5.27594359619791e+04  2.90645956993103e+00  2.81406712532043e+00  2.83151149749756e+00  2.58086657524109e+00
  5.27631642074339e+04  2.90578079223633e+00  2.81359195709229e+00  2.83266067504883e+00  2.58070087432861e+00
  5.27668924532698e+04  2.90823936462402e+00  2.81389045715332e+00  2.83733320236206e+00  2.58280158042908e+00
  5.27706206984282e+04  2.90657401084900e+00  2.81271672248840e+00  2.83431482315063e+00  2.58278322219849e+00
  5.27743489435764e+04  2.90890884399414e+00  2.81379270553589e+00  2.83480739593506e+00  2.58444261550903e+00
  5.27780771884849e+04  2.90825343132019e+00  2.81513953208923e+00  2.84118723869324e+00  2.58561968803406e+00
  5.27842805563626e+04  1.44048297405243e+00  1.37321996688843e+00  1.16602623462677e+00  9.85220849514008e-01
  5.27844027786088e+04  2.91063857078552e+00  2.81259441375732e+00  2.83992195129395e+00  2.58411097526550e+00
  5.27881310232478e+04  2.91166353225708e+00  2.81650137901306e+00  2.84116435050964e+00  2.58709931373596e+00
  5.27918592680822e+04  2.90903377532959e+00  2.81540894508362e+00  2.83920049667358e+00  2.58735084533691e+00
  5.27955875126842e+04  2.91278862953186e+00  2.81502723693848e+00  2.84021139144897e+00  2.58383798599243e+00
  5.27993157572732e+04  2.90867400169373e+00  2.81699275970459e+00  2.84091210365295e+00  2.58728671073914e+00
  5.28030440014165e+04  2.91058564186096e+00  2.82080435752869e+00  2.84005236625671e+00  2.58846402168274e+00
  5.28067722459874e+04  2.90790772438049e+00  2.81775903701782e+00  2.84113240242004e+00  2.58718276023865e+00
  5.28105004902533e+04  2.91314983367920e+00  2.81587815284729e+00  2.83897995948792e+00  2.58702278137207e+00
  5.28142287348231e+04  2.91159605979919e+00  2.81731510162354e+00  2.84190058708191e+00  2.58886647224426e+00
  5.28179569794535e+04  2.90996813774109e+00  2.81464505195618e+00  2.84261727333069e+00  2.58934116363525e+00
  5.28216852238264e+04  2.91136717796326e+00  2.81435894966125e+00  2.84705877304077e+00  2.58853363990784e+00
  5.28254134681968e+04  2.91340827941895e+00  2.81574821472168e+00  2.84505081176758e+00  2.58699464797974e+00
  5.28291417126077e+04  2.91111540794373e+00  2.81941080093384e+00  2.84229111671448e+00  2.58991718292236e+00
  5.28328699572778e+04  2.91441321372986e+00  2.82087683677673e+00  2.84729003906250e+00  2.59311056137085e+00
  5.28365982017326e+04  2.91166877746582e+00  2.81983423233032e+00  2.84586739540100e+00  2.58930253982544e+00
  5.28403264464155e+04  2.91495418548584e+00  2.82033538818359e+00  2.85027265548706e+00  2.59097743034363e+00
  5.28440546913483e+04  2.91066956520081e+00  2.81881785392761e+00  2.84763979911804e+00  2.59129357337952e+00
  5.28477829362940e+04  2.91398358345032e+00  2.82038593292236e+00  2.84907054901123e+00  2.59401369094849e+00
  5.28515111814664e+04  2.91279768943787e+00  2.82563614845276e+00  2.84599518775940e+00  2.59283542633057e+00
  5.28552394266678e+04  2.91708517074585e+00  2.82406067848206e+00  2.84859895706177e+00  2.59569883346558e+00
  5.28616458338831e+04  1.44346642494202e+00  1.37486457824707e+00  1.16811156272888e+00  9.87076222896576e-01
  5.28640500002661e+04  2.91934800148010e+00  2.82430791854858e+00  2.84835720062256e+00  2.59280323982239e+00
  5.28677782463252e+04  2.91929364204407e+00  2.82347607612610e+00  2.85366678237915e+00  2.59584999084473e+00
  5.28715064921828e+04  2.91705656051636e+00  2.82423090934753e+00  2.85357379913330e+00  2.59937143325806e+00
  5.28752347380728e+04  2.91890907287598e+00  2.82865381240845e+00  2.85239195823669e+00  2.59391522407532e+00
  5.28789629845798e+04  2.92199325561523e+00  2.82595801353455e+00  2.85249948501587e+00  2.59386253356934e+00
  5.28826912314675e+04  2.92367362976074e+00  2.82558917999268e+00  2.85384893417358e+00  2.59954905509949e+00
  5.28864194783946e+04  2.92650747299194e+00  2.82954573631287e+00  2.85544776916504e+00  2.60032892227173e+00
  5.28901477258496e+04  2.92032027244568e+00  2.82922554016113e+00  2.85629630088806e+00  2.59979271888733e+00
  5.28938759731133e+04  2.92096638679504e+00  2.83006429672241e+00  2.85915327072144e+00  2.59959292411804e+00
  5.28976042206586e+04  2.91787362098694e+00  2.82933545112610e+00  2.85410618782043e+00  2.60128998756409e+00
  5.29013324691480e+04  2.92108702659607e+00  2.82644081115723e+00  2.85390615463257e+00  2.60185623168945e+00
  5.29050607172223e+04  2.92307043075562e+00  2.82633304595947e+00  2.85179734230042e+00  2.59723424911499e+00
  5.29087889662813e+04  2.92246508598328e+00  2.82490062713623e+00  2.85514783859253e+00  2.60304784774780e+00
  5.29125172149849e+04  2.91977763175964e+00  2.82735776901245e+00  2.85943794250488e+00  2.60400104522705e+00
  5.29162454641355e+04  2.91905188560486e+00  2.83014512062073e+00  2.85713005065918e+00  2.60340046882629e+00
  5.29199737135832e+04  2.91676545143127e+00  2.82898807525635e+00  2.86013174057007e+00  2.60603165626526e+00
  5.29237019635197e+04  2.91903495788574e+00  2.82658934593201e+00  2.85744714736938e+00  2.60616254806519e+00
  5.29274302138241e+04  2.92117023468018e+00  2.82929968833923e+00  2.85907649993896e+00  2.60307645797729e+00
  5.29311584640753e+04  2.92261409759521e+00  2.83106350898743e+00  2.86156010627747e+00  2.60373878479004e+00
  5.29348867147976e+04  2.92321014404297e+00  2.83100414276123e+00  2.86174154281616e+00  2.60766339302063e+00
  5.29409479171836e+04  1.44365489482880e+00  1.38179743289948e+00  1.17102050781250e+00  9.89069938659668e-01
  5.29411805560647e+04  2.92387032508850e+00  2.83213829994202e+00  2.86335659027100e+00  2.60434532165527e+00
  5.29449088066563e+04  2.92481803894043e+00  2.83107995986938e+00  2.86260366439819e+00  2.60708618164062e+00
  5.29486370585787e+04  2.92124056816101e+00  2.83007955551147e+00  2.86469483375549e+00  2.61022090911865e+00
  5.29555659730705e+04  1.44646728038788e+00  1.37939357757568e+00  1.16990554332733e+00  9.92305040359497e-01
  5.29560000001954e+04  2.92426085472107e+00  2.83203935623169e+00  2.86191058158875e+00  2.60737419128418e+00
  5.29597282524491e+04  2.92105484008789e+00  2.83014965057373e+00  2.86615085601807e+00  2.60910558700562e+00
  5.29634565048934e+04  2.92456483840942e+00  2.82826614379883e+00  2.86702489852905e+00  2.61067962646484e+00
  5.29671847584781e+04  2.92504143714905e+00  2.83023834228516e+00  2.86603164672852e+00  2.61186289787292e+00
  5.29709130114583e+04  2.92331099510193e+00  2.83201217651367e+00  2.86662793159485e+00  2.61320614814758e+00
  5.29746412646610e+04  2.92515897750854e+00  2.83041381835938e+00  2.86805510520935e+00  2.61077499389648e+00
  5.29783695185116e+04  2.92632222175598e+00  2.83165097236633e+00  2.86688303947449e+00  2.61129021644592e+00
  5.29820977723612e+04  2.92615699768066e+00  2.83468389511108e+00  2.86878108978271e+00  2.61194038391113e+00
  5.29858260261875e+04  2.92545771598816e+00  2.83263826370239e+00  2.86827325820923e+00  2.61323595046997e+00
  5.29895542800278e+04  2.92544174194336e+00  2.83266043663025e+00  2.87189912796021e+00  2.61366319656372e+00
  5.29932825340949e+04  2.92604398727417e+00  2.83385014533997e+00  2.86925649642944e+00  2.61447930335999e+00
  5.29970107881642e+04  2.92458033561707e+00  2.83897042274475e+00  2.86882424354553e+00  2.61273622512817e+00
  5.30007390422385e+04  2.92779755592346e+00  2.83587050437927e+00  2.86953139305115e+00  2.61134219169617e+00
  5.30044672972860e+04  2.92957639694214e+00  2.83905935287476e+00  2.87102866172791e+00  2.61550664901733e+00
  5.30081955519584e+04  2.92991423606873e+00  2.83736014366150e+00  2.87155485153198e+00  2.61798024177551e+00
  5.30119238060950e+04  2.92867422103882e+00  2.83947420120239e+00  2.87465572357178e+00  2.61664390563965e+00
  5.30156520601888e+04  2.93169832229614e+00  2.83963108062744e+00  2.87430334091187e+00  2.61613011360168e+00
  5.30193803158125e+04  2.92994928359985e+00  2.83804893493652e+00  2.87693238258362e+00  2.61867880821228e+00
  5.30231085701992e+04  2.93185257911682e+00  2.83677911758423e+00  2.87863111495972e+00  2.61955022811890e+00
  5.30268368250626e+04  2.93060445785522e+00  2.83971381187439e+00  2.87917804718018e+00  2.62117505073547e+00
  5.30305650798239e+04  2.92986273765564e+00  2.83915781974792e+00  2.87816333770752e+00  2.62233901023865e+00
  5.30342933339490e+04  2.93219423294067e+00  2.83639264106750e+00  2.87940239906311e+00  2.62161660194397e+00
  5.30380215883969e+04  2.92899560928345e+00  2.83900713920593e+00  2.88166689872742e+00  2.62323260307312e+00
  5.30417498428670e+04  2.93148803710938e+00  2.84152793884277e+00  2.88079857826233e+00  2.62322235107422e+00
  5.30454780969527e+04  2.93556499481201e+00  2.83881139755249e+00  2.87566852569580e+00  2.62456011772156e+00
  5.30492063511874e+04  2.93768429756165e+00  2.84051179885864e+00  2.88450741767883e+00  2.62107038497925e+00
  5.30529346052096e+04  2.93436431884766e+00  2.84513998031616e+00  2.88134932518005e+00  2.62235832214355e+00
  5.30566628592582e+04  2.93608665466309e+00  2.84327173233032e+00  2.88454389572144e+00  2.62296700477600e+00
  5.30603911132177e+04  2.93599128723145e+00  2.84246873855591e+00  2.88258719444275e+00  2.62267374992371e+00
  5.30641193666887e+04  2.93626308441162e+00  2.84435749053955e+00  2.87951302528381e+00  2.62137150764465e+00
  5.30678476201424e+04  2.93759179115295e+00  2.84583044052124e+00  2.88476848602295e+00  2.62309670448303e+00
  5.30735833336862e+04  1.45357728004456e+00  1.38478231430054e+00  1.18116915225983e+00  9.96954321861267e-01
  5.30740416674825e+04  2.93373847007751e+00  2.84666061401367e+00  2.87526369094849e+00  2.62161135673523e+00
  5.30777699204342e+04  2.93809056282043e+00  2.84412741661072e+00  2.87830352783203e+00  2.62263226509094e+00
  5.30814981732038e+04  2.93995380401611e+00  2.84453105926514e+00  2.88149285316467e+00  2.62584781646729e+00
  5.30852264257881e+04  2.93908643722534e+00  2.84726834297180e+00  2.88254642486572e+00  2.62488174438477e+00
  5.30889546781944e+04  2.94021058082581e+00  2.84746718406677e+00  2.88380432128906e+00  2.62337112426758e+00
  5.30926829303149e+04  2.94199728965759e+00  2.84329867362976e+00  2.88555312156677e+00  2.62935924530029e+00
  5.30964111821632e+04  2.93699622154236e+00  2.84422039985657e+00  2.88169527053833e+00  2.62836647033691e+00
  5.31001394339606e+04  2.93944191932678e+00  2.84918093681335e+00  2.88468313217163e+00  2.62978029251099e+00
  5.31038676855476e+04  2.94017362594604e+00  2.84984970092773e+00  2.88300967216492e+00  2.62603974342346e+00
  5.31075959368911e+04  2.94235491752625e+00  2.84876990318298e+00  2.88762974739075e+00  2.63116216659546e+00
  5.31113241879792e+04  2.94068861007690e+00  2.84580016136169e+00  2.88764214515686e+00  2.62662243843079e+00
  5.31150524390521e+04  2.94437909126282e+00  2.84962534904480e+00  2.88754272460938e+00  2.63173294067383e+00
  5.31187806896215e+04  2.94391965866089e+00  2.84882164001465e+00  2.88736557960510e+00  2.62913465499878e+00
  5.31225089401666e+04  2.94370055198669e+00  2.84767270088196e+00  2.88422560691833e+00  2.62777471542358e+00
  5.31262371905185e+04  2.94128227233887e+00  2.84899640083313e+00  2.88923454284668e+00  2.63282895088196e+00
  5.31299654406287e+04  2.94458532333374e+00  2.85384440422058e+00  2.88760471343994e+00  2.62592911720276e+00
  5.31336936906748e+04  2.94224047660828e+00  2.85281538963318e+00  2.88960123062134e+00  2.62871599197388e+00
  5.31374219404953e+04  2.94594001770020e+00  2.84928941726685e+00  2.89303350448608e+00  2.63019657135010e+00
  5.31411501902940e+04  2.94706654548645e+00  2.85534834861755e+00  2.88997554779053e+00  2.63396978378296e+00
  5.31448784398067e+04  2.94769310951233e+00  2.85481214523315e+00  2.89274835586548e+00  2.63343119621277e+00
  5.31486066891490e+04  2.94805145263672e+00  2.85402369499207e+00  2.89271163940430e+00  2.63299703598022e+00
  5.31523349383370e+04  2.94734835624695e+00  2.85530161857605e+00  2.89366078376770e+00  2.63422012329102e+00
  5.31560631873703e+04  2.94698071479797e+00  2.85421562194824e+00  2.89201235771179e+00  2.63579177856445e+00
  5.31597914366550e+04  2.94494199752808e+00  2.85600781440735e+00  2.89479422569275e+00  2.63452959060669e+00
  5.31635196856539e+04  2.94987583160400e+00  2.85296916961670e+00  2.89487051963806e+00  2.63580560684204e+00
  5.31672479344388e+04  2.94794583320618e+00  2.85378122329712e+00  2.89681029319763e+00  2.63404655456543e+00
  5.31709761834558e+04  2.94599342346191e+00  2.85340714454651e+00  2.89869236946106e+00  2.63936948776245e+00
  5.31747044321760e+04  2.94982004165649e+00  2.85662841796875e+00  2.89688563346863e+00  2.63889312744141e+00
  5.31784326807640e+04  2.94882893562317e+00  2.85756850242615e+00  2.89835095405579e+00  2.63651657104492e+00
  5.31821609295498e+04  2.95036959648132e+00  2.85426163673401e+00  2.89729189872742e+00  2.63936424255371e+00
  5.31858891783391e+04  2.95397067070007e+00  2.85688376426697e+00  2.89895558357239e+00  2.63697671890259e+00
  5.31896174271562e+04  2.95330500602722e+00  2.85913920402527e+00  2.89969396591187e+00  2.63744711875916e+00
  5.31933456757698e+04  2.95119190216064e+00  2.86051893234253e+00  2.89604902267456e+00  2.63890027999878e+00
  5.31970739246239e+04  2.95098614692688e+00  2.85644078254700e+00  2.89677810668945e+00  2.63909697532654e+00
  5.32008021734918e+04  2.95341396331787e+00  2.85942578315735e+00  2.89531040191650e+00  2.63911461830139e+00
  5.32045304223505e+04  2.95499324798584e+00  2.86031746864319e+00  2.89655423164368e+00  2.63548588752747e+00
  5.32082586714005e+04  2.95379400253296e+00  2.86129093170166e+00  2.89937710762024e+00  2.63593196868896e+00
  5.32119869204560e+04  2.95362257957458e+00  2.86240243911743e+00  2.89859151840210e+00  2.63664412498474e+00
  5.32157151695902e+04  2.95485353469849e+00  2.85734367370605e+00  2.90146279335022e+00  2.64116835594177e+00
  5.32194434188716e+04  2.95335841178894e+00  2.86040234565735e+00  2.90440297126770e+00  2.64153003692627e+00
  5.32231716684723e+04  2.95413732528687e+00  2.86114788055420e+00  2.90518474578857e+00  2.64420557022095e+00
  5.32286736116699e+04  1.46218168735504e+00  1.39344036579132e+00  1.18911123275757e+00  1.00480878353119e+00
  5.32291250003379e+04  2.95214748382568e+00  2.86110258102417e+00  2.90603470802307e+00  2.64155006408691e+00
  5.32328532502396e+04  2.95354747772217e+00  2.86018037796021e+00  2.90522313117981e+00  2.63808465003967e+00
  5.32365815001758e+04  2.95631074905396e+00  2.85869193077087e+00  2.90738177299500e+00  2.64968729019165e+00
  5.32403097506088e+04  2.95450615882874e+00  2.86022305488586e+00  2.90368938446045e+00  2.64211726188660e+00
  5.32440380010682e+04  2.95744442939758e+00  2.86159658432007e+00  2.90482163429260e+00  2.64073085784912e+00
  5.32477662517027e+04  2.94881129264832e+00  2.86137557029724e+00  2.90462827682495e+00  2.64142370223999e+00
  5.32514945024617e+04  2.95362234115601e+00  2.86330819129944e+00  2.90273237228394e+00  2.63961410522461e+00
  5.32552227537235e+04  2.95928621292114e+00  2.86168122291565e+00  2.90487170219421e+00  2.64463448524475e+00
  5.32589510054641e+04  2.95192790031433e+00  2.86225199699402e+00  2.90266156196594e+00  2.64212846755981e+00
  5.32626792569897e+04  2.95474267005920e+00  2.86395478248596e+00  2.90406847000122e+00  2.64785981178284e+00
  5.32664075090480e+04  2.95576715469360e+00  2.86555957794189e+00  2.90605163574219e+00  2.64514780044556e+00
  5.32701357613761e+04  2.95966410636902e+00  2.86594343185425e+00  2.91027450561523e+00  2.64632296562195e+00
  5.32738640139167e+04  2.95755600929260e+00  2.86482763290405e+00  2.91013813018799e+00  2.64950156211853e+00
  5.32775922665150e+04  2.95149922370911e+00  2.86550474166870e+00  2.90984916687012e+00  2.65071964263916e+00
  5.32813205195242e+04  2.95427155494690e+00  2.86266374588013e+00  2.91408085823059e+00  2.64812493324280e+00
  5.32850487732105e+04  2.95413279533386e+00  2.86368918418884e+00  2.90943408012390e+00  2.64581274986267e+00
  5.32887770266712e+04  2.95645356178284e+00  2.86246037483215e+00  2.91307067871094e+00  2.64737010002136e+00
  5.32925052804318e+04  2.95464539527893e+00  2.86629128456116e+00  2.91079449653625e+00  2.65019679069519e+00
  5.32962335345718e+04  2.95340037345886e+00  2.85906195640564e+00  2.91302847862244e+00  2.64962339401245e+00
  5.32999617889364e+04  2.95778083801270e+00  2.86496663093567e+00  2.91214346885681e+00  2.64976692199707e+00
  5.33036900434559e+04  2.95957946777344e+00  2.86871600151062e+00  2.91318392753601e+00  2.65160036087036e+00
  5.33074182985150e+04  2.95526480674744e+00  2.86631894111633e+00  2.91267466545105e+00  2.65593028068542e+00
  5.33111465534446e+04  2.95694661140442e+00  2.86810588836670e+00  2.91181802749634e+00  2.65415525436401e+00
  5.33148748087452e+04  2.95972681045532e+00  2.86383438110352e+00  2.91349673271179e+00  2.64950561523438e+00
  5.33186030641238e+04  2.95755887031555e+00  2.86881256103516e+00  2.91658353805542e+00  2.65309405326843e+00
  5.33223313200497e+04  2.96009922027588e+00  2.87025952339172e+00  2.91485428810120e+00  2.65331792831421e+00
  5.33260595760338e+04  2.95950865745544e+00  2.86921691894531e+00  2.91475343704224e+00  2.65188455581665e+00
  5.33297878323425e+04  2.96191048622131e+00  2.87386417388916e+00  2.91459751129150e+00  2.65531015396118e+00
  5.33335160885869e+04  2.96255660057068e+00  2.87212395668030e+00  2.91798043251038e+00  2.65228390693665e+00
  5.33372443450126e+04  2.96050143241882e+00  2.87037920951843e+00  2.91474652290344e+00  2.65594315528870e+00
  5.33409726018645e+04  2.96188759803772e+00  2.86920309066772e+00  2.91154098510742e+00  2.65245866775513e+00
  5.33447008610602e+04  2.95793104171753e+00  2.86941266059875e+00  2.91328310966492e+00  2.65334796905518e+00
  5.33484291157964e+04  2.95858693122864e+00  2.86967253684998e+00  2.91635084152222e+00  2.65631055831909e+00
  5.33537361112801e+04  1.46608769893646e+00  1.39765858650208e+00  1.19499456882477e+00  1.00928151607513e+00
  5.33541875008611e+04  2.95979547500610e+00  2.86743617057800e+00  2.91874265670776e+00  2.65657734870911e+00
  5.33579157581066e+04  2.95788192749023e+00  2.86722540855408e+00  2.92249321937561e+00  2.65572690963745e+00
  5.33616440155917e+04  2.95833063125610e+00  2.87231993675232e+00  2.91587638854980e+00  2.65586090087891e+00
  5.33653722730522e+04  2.95708513259888e+00  2.86694264411926e+00  2.91702103614807e+00  2.65639662742615e+00
  5.33691005307383e+04  2.96301841735840e+00  2.87314343452454e+00  2.91956663131714e+00  2.65728020668030e+00
  5.33728287884026e+04  2.96273636817932e+00  2.87110376358032e+00  2.91996526718140e+00  2.65769267082214e+00
  5.33765570458911e+04  2.96495461463928e+00  2.86987805366516e+00  2.91730833053589e+00  2.65454769134521e+00
  5.33802853036271e+04  2.96247386932373e+00  2.87309670448303e+00  2.91731953620911e+00  2.65770816802979e+00
  5.33840135613936e+04  2.96306204795837e+00  2.87001681327820e+00  2.91910409927368e+00  2.65740013122559e+00
  5.33902500004677e+04  1.46723520755768e+00  1.40112185478210e+00  1.19628155231476e+00  1.01173913478851e+00
  5.33918333339862e+04  2.96015763282776e+00  2.86857151985168e+00  2.91463661193848e+00  2.65602755546570e+00
  5.33955615912790e+04  2.95893239974976e+00  2.86944985389709e+00  2.91676497459412e+00  2.65481710433960e+00
  5.33992898490624e+04  2.96988129615784e+00  2.86835646629333e+00  2.92193269729614e+00  2.65879082679749e+00
  5.34030181064073e+04  2.96581864356995e+00  2.87180256843567e+00  2.91914105415344e+00  2.65506434440613e+00
  5.34067463639779e+04  2.96676969528198e+00  2.87428712844849e+00  2.92115259170532e+00  2.65792870521545e+00
  5.34104746212986e+04  2.96406793594360e+00  2.87600016593933e+00  2.92088150978088e+00  2.65517997741699e+00
  5.34142028783496e+04  2.96812152862549e+00  2.87722134590149e+00  2.91957044601440e+00  2.65650463104248e+00
  5.34188750008530e+04  1.46952807903290e+00  1.40321397781372e+00  1.19915556907654e+00  1.01253390312195e+00
  5.34230000006620e+04  2.96866464614868e+00  2.87855982780457e+00  2.92630457878113e+00  2.66389298439026e+00
  5.34267282574816e+04  2.96314930915833e+00  2.87323141098022e+00  2.92952275276184e+00  2.66344475746155e+00
  5.34304565139700e+04  2.96826696395874e+00  2.88010883331299e+00  2.92428040504456e+00  2.65994477272034e+00
  5.34341847701841e+04  2.96760869026184e+00  2.87577414512634e+00  2.92654323577881e+00  2.66320180892944e+00
  5.34379130270432e+04  2.97506403923035e+00  2.87812566757202e+00  2.92468357086182e+00  2.65974807739258e+00
  5.34416412829663e+04  2.97588133811951e+00  2.88412404060364e+00  2.92743158340454e+00  2.66366600990295e+00
  5.34453695389238e+04  2.97312355041504e+00  2.88582444190979e+00  2.92891621589661e+00  2.66200613975525e+00
  5.34490977949098e+04  2.97615480422974e+00  2.88139748573303e+00  2.92360496520996e+00  2.66334605216980e+00
  5.34528260504605e+04  2.97309517860413e+00  2.88039302825928e+00  2.92900228500366e+00  2.66453981399536e+00
  5.34565543060394e+04  2.97233986854553e+00  2.88218879699707e+00  2.92862939834595e+00  2.66277885437012e+00
  5.34602825612835e+04  2.97443723678589e+00  2.87935066223145e+00  2.93193435668945e+00  2.66606187820435e+00
  5.34644375008820e+04  1.47084605693817e+00  1.40800809860229e+00  1.20053040981293e+00  1.01435041427612e+00
  5.34648958333970e+04  2.97521901130676e+00  2.87483978271484e+00  2.92534899711609e+00  2.66904187202454e+00
  5.34686240880811e+04  2.97289347648621e+00  2.87521386146545e+00  2.93078017234802e+00  2.66546869277954e+00
  5.34723523427363e+04  2.97584366798401e+00  2.88148784637451e+00  2.93302726745605e+00  2.66913437843323e+00
  5.34760805971214e+04  2.97206664085388e+00  2.88144111633301e+00  2.93309617042542e+00  2.66604351997375e+00
  5.34798088513104e+04  2.97409749031067e+00  2.88219714164734e+00  2.93148541450500e+00  2.66610884666443e+00
  5.34835371053010e+04  2.97761797904968e+00  2.88419508934021e+00  2.92791247367859e+00  2.66229391098022e+00
  5.34872653592082e+04  2.97641062736511e+00  2.88408970832825e+00  2.93278884887695e+00  2.66780567169189e+00
  5.34909936126818e+04  2.97433495521545e+00  2.88427758216858e+00  2.92928028106689e+00  2.66704201698303e+00
  5.34947218659167e+04  2.97667217254639e+00  2.88749313354492e+00  2.92928504943848e+00  2.66735434532166e+00
  5.34984501191377e+04  2.97875022888184e+00  2.88573908805847e+00  2.93272733688354e+00  2.66699624061584e+00
  5.35021783721261e+04  2.97752356529236e+00  2.88787198066711e+00  2.92941355705261e+00  2.66738104820251e+00
  5.35059066253402e+04  2.98096489906311e+00  2.88818907737732e+00  2.92983150482178e+00  2.66718196868896e+00
  5.35096348783276e+04  2.97890615463257e+00  2.88745760917664e+00  2.93346047401428e+00  2.66642212867737e+00
  5.35133631308783e+04  2.97845697402954e+00  2.88724565505981e+00  2.92947244644165e+00  2.67081165313721e+00
  5.35170913834049e+04  2.97850966453552e+00  2.88792443275452e+00  2.93751978874207e+00  2.66974353790283e+00
  5.35208196359110e+04  2.98035097122192e+00  2.88555479049683e+00  2.93294739723206e+00  2.67079448699951e+00
  5.35256479170070e+04  1.47941470146179e+00  1.40345394611359e+00  1.19898629188538e+00  1.01586580276489e+00
  5.35257479173611e+04  2.98205876350403e+00  2.88957691192627e+00  2.93443012237549e+00  2.67329668998718e+00
  5.35294761694901e+04  2.98199152946472e+00  2.88854050636292e+00  2.93738412857056e+00  2.67108869552612e+00
  5.35332044216494e+04  2.97740268707275e+00  2.88432669639587e+00  2.93806934356689e+00  2.67279434204102e+00
  5.35369326736619e+04  2.98298430442810e+00  2.88668775558472e+00  2.93691444396973e+00  2.67296028137207e+00
  5.35406609259143e+04  2.98050832748413e+00  2.88995575904846e+00  2.93982625007629e+00  2.67533564567566e+00
  5.35443891779444e+04  2.98340511322021e+00  2.89201068878174e+00  2.93593811988831e+00  2.67210817337036e+00
  5.35481174301690e+04  2.98761272430420e+00  2.88994503021240e+00  2.93713498115540e+00  2.67282342910767e+00
  5.35518456822118e+04  2.98255467414856e+00  2.89076328277588e+00  2.93974828720093e+00  2.67356348037720e+00
  5.35555739342672e+04  2.98551082611084e+00  2.89271903038025e+00  2.93713903427124e+00  2.67360329627991e+00
  5.35593021863888e+04  2.98280072212219e+00  2.89360094070435e+00  2.93948602676392e+00  2.67616510391235e+00
  5.35630304384307e+04  2.98483443260193e+00  2.89008879661560e+00  2.94103670120239e+00  2.67532396316528e+00
  5.35667586907119e+04  2.98703575134277e+00  2.89255666732788e+00  2.93820619583130e+00  2.67477202415466e+00
  5.35704869427698e+04  2.98578548431396e+00  2.89443445205688e+00  2.94330000877380e+00  2.67542648315430e+00
  5.35742151950416e+04  2.98809576034546e+00  2.89730930328369e+00  2.94293379783630e+00  2.67586493492126e+00
  5.35785694449122e+04  1.33813381195068e+01  1.29426927566528e+01  1.07292070388794e+01  1.03874702453613e+01
  5.35790277779273e+04  2.98943257331848e+00  2.89672923088074e+00  2.93953800201416e+00  2.67615866661072e+00
  5.35827560304305e+04  2.99013900756836e+00  2.89454054832458e+00  2.93947601318359e+00  2.67415332794189e+00
  5.35864842830346e+04  2.99033498764038e+00  2.89637517929077e+00  2.94090414047241e+00  2.67549252510071e+00
  5.35902125356563e+04  2.98505449295044e+00  2.89511275291443e+00  2.94479036331177e+00  2.67873477935791e+00
  5.35939407887487e+04  2.98899912834167e+00  2.90017390251160e+00  2.94631099700928e+00  2.67801070213318e+00
  5.35976690418464e+04  2.98503327369690e+00  2.89228224754333e+00  2.94224452972412e+00  2.67620539665222e+00
  5.36013972947222e+04  2.98965454101562e+00  2.89793682098389e+00  2.93844628334045e+00  2.67949461936951e+00
  5.36051255485359e+04  2.98544931411743e+00  2.90085172653198e+00  2.94048166275024e+00  2.67755126953125e+00
  5.36088538018994e+04  2.99050188064575e+00  2.89998269081116e+00  2.94221925735474e+00  2.67778897285461e+00
  5.36125820562151e+04  2.98507094383240e+00  2.89691710472107e+00  2.94100832939148e+00  2.68011164665222e+00
  5.36163103101563e+04  2.99141407012939e+00  2.89228653907776e+00  2.94703698158264e+00  2.67424535751343e+00
  5.36200385643310e+04  2.98747420310974e+00  2.89329147338867e+00  2.94638347625732e+00  2.67870903015137e+00
  5.36237668185161e+04  2.98998570442200e+00  2.89623475074768e+00  2.94524312019348e+00  2.67954421043396e+00
  5.36274950736434e+04  2.98630547523499e+00  2.89605236053467e+00  2.94408392906189e+00  2.67722463607788e+00
  5.36312233285592e+04  2.98664712905884e+00  2.89405083656311e+00  2.94707489013672e+00  2.67894506454468e+00
  5.36349515839292e+04  2.98410582542419e+00  2.89191699028015e+00  2.94899296760559e+00  2.68264913558960e+00
  5.36386798397858e+04  2.98595166206360e+00  2.89682245254517e+00  2.95047903060913e+00  2.68191361427307e+00
  5.36424080952454e+04  2.98961448669434e+00  2.89585471153259e+00  2.94881248474121e+00  2.68286013603210e+00
  5.36461363512015e+04  2.98831844329834e+00  2.89634370803833e+00  2.94408702850342e+00  2.68114066123962e+00
  5.36498646074697e+04  2.98902702331543e+00  2.89390945434570e+00  2.94757151603699e+00  2.68228793144226e+00
  5.36535928637174e+04  2.98276162147522e+00  2.89488983154297e+00  2.95151805877686e+00  2.68554449081421e+00
  5.36573211204214e+04  2.98678612709045e+00  2.89662146568298e+00  2.94768810272217e+00  2.68224763870239e+00
  5.36610493773321e+04  2.98922300338745e+00  2.89761924743652e+00  2.94804000854492e+00  2.68241667747498e+00
  5.36647776344584e+04  2.98121356964111e+00  2.89494013786316e+00  2.95005559921265e+00  2.68365073204041e+00
  5.36685058919872e+04  2.98719954490662e+00  2.89550662040710e+00  2.95001626014709e+00  2.68388104438782e+00
  5.36722341494851e+04  2.98269224166870e+00  2.89396119117737e+00  2.94931888580322e+00  2.68514251708984e+00
  5.36759624069502e+04  2.98302626609802e+00  2.89376473426819e+00  2.94939374923706e+00  2.68395280838013e+00
  5.36796906652557e+04  2.98346519470215e+00  2.89240241050720e+00  2.95349049568176e+00  2.68765735626221e+00
  5.36843854171435e+04  1.29541234970093e+01  1.25253267288208e+01  1.03820791244507e+01  1.00550432205200e+01
  5.36848750005071e+04  2.98802065849304e+00  2.89321231842041e+00  2.94868040084839e+00  2.68458938598633e+00
  5.36886032588379e+04  2.98875284194946e+00  2.89711594581604e+00  2.95401215553284e+00  2.68619418144226e+00
  5.36923315172464e+04  2.98411631584167e+00  2.89501070976257e+00  2.95455956459045e+00  2.68570494651794e+00
  5.36960597758461e+04  2.98794579505920e+00  2.89906501770020e+00  2.95286822319031e+00  2.68573188781738e+00
  5.36997880347244e+04  2.98932600021362e+00  2.89667463302612e+00  2.95404863357544e+00  2.68897867202759e+00
  5.37035162938900e+04  2.98748302459717e+00  2.89886713027954e+00  2.95788955688477e+00  2.68649291992188e+00
  5.37072445525219e+04  2.98721361160278e+00  2.89830756187439e+00  2.95549631118774e+00  2.68763065338135e+00
  5.37109728122534e+04  2.98662900924683e+00  2.89759826660156e+00  2.95731759071350e+00  2.69210672378540e+00
  5.37147010712177e+04  2.98844981193542e+00  2.89778089523315e+00  2.95581269264221e+00  2.68976902961731e+00
  5.37184293307013e+04  2.98829293251038e+00  2.89825010299683e+00  2.95746564865112e+00  2.68746018409729e+00
  5.37221575901448e+04  2.98696064949036e+00  2.89883446693420e+00  2.95809793472290e+00  2.69119501113892e+00
  5.37258858493333e+04  2.99098896980286e+00  2.90060329437256e+00  2.95837187767029e+00  2.69306397438049e+00
  5.37296141086726e+04  2.98934531211853e+00  2.89829564094543e+00  2.96170663833618e+00  2.69231367111206e+00
  5.37333423680729e+04  2.98942756652832e+00  2.90143775939941e+00  2.95699739456177e+00  2.68929958343506e+00
  5.37370706163126e+04  2.99159312248230e+00  2.90388631820679e+00  2.95972895622253e+00  2.69204545021057e+00
  5.37407988758809e+04  2.99296212196350e+00  2.90324163436890e+00  2.95702600479126e+00  2.69146275520325e+00
  5.37445271354964e+04  2.99009180068970e+00  2.90236830711365e+00  2.95930099487305e+00  2.69281482696533e+00
  5.37482553951342e+04  2.99216699600220e+00  2.90085887908936e+00  2.96030616760254e+00  2.69196510314941e+00
  5.37519836547929e+04  2.99710488319397e+00  2.90268540382385e+00  2.95844054222107e+00  2.69427585601807e+00
  5.37557119144665e+04  2.99618124961853e+00  2.90350055694580e+00  2.96066665649414e+00  2.69047999382019e+00
  5.37594401741712e+04  2.99609661102295e+00  2.90558743476868e+00  2.96219801902771e+00  2.69253563880920e+00
  5.37631684335728e+04  2.99727296829224e+00  2.90632557868958e+00  2.95612001419067e+00  2.69321608543396e+00
  5.37668966932569e+04  2.99438476562500e+00  2.90839838981628e+00  2.95730400085449e+00  2.68982362747192e+00
  5.37706249526852e+04  2.99847245216370e+00  2.90258073806763e+00  2.96597313880920e+00  2.69604063034058e+00
  5.37743532118563e+04  2.99395418167114e+00  2.90243649482727e+00  2.96588134765625e+00  2.69591903686523e+00
  5.37780814712723e+04  2.99734282493591e+00  2.90650486946106e+00  2.96059203147888e+00  2.69850516319275e+00
  5.37818097305139e+04  2.99524378776550e+00  2.90337109565735e+00  2.95871305465698e+00  2.69166922569275e+00
  5.37855379897987e+04  2.99562883377075e+00  2.90496659278870e+00  2.96143960952759e+00  2.69418001174927e+00
  5.37892662485392e+04  2.99826407432556e+00  2.90826106071472e+00  2.96539783477783e+00  2.69838380813599e+00
  5.37929945074570e+04  2.99636459350586e+00  2.90579009056091e+00  2.96890258789062e+00  2.69820380210876e+00
  5.37967227664098e+04  3.00225567817688e+00  2.90824103355408e+00  2.96660280227661e+00  2.69885849952698e+00
  5.38015729173634e+04  1.48428225517273e+00  1.41786026954651e+00  1.21664857864380e+00  1.02860367298126e+00
  5.38021319451505e+04  3.00237584114075e+00  2.90840721130371e+00  2.96161603927612e+00  2.69513440132141e+00
  5.38058602035672e+04  3.00167059898376e+00  2.90596270561218e+00  2.96725130081177e+00  2.69356822967529e+00
  5.38095884620487e+04  3.00488233566284e+00  2.90439009666443e+00  2.96547269821167e+00  2.69267654418945e+00
  5.38133167200254e+04  3.00259208679199e+00  2.90950107574463e+00  2.96522521972656e+00  2.69844985008240e+00
  5.38170449779862e+04  3.00003385543823e+00  2.91427230834961e+00  2.96394419670105e+00  2.69442224502563e+00
  5.38207732356516e+04  3.00105738639832e+00  2.90988516807556e+00  2.96274566650391e+00  2.69378805160522e+00
  5.38245014933472e+04  3.00332355499268e+00  2.91205143928528e+00  2.96449160575867e+00  2.69593620300293e+00
  5.38282297508586e+04  2.99957942962646e+00  2.91143536567688e+00  2.96662950515747e+00  2.69637656211853e+00
  5.38319580081712e+04  2.99971294403076e+00  2.91237545013428e+00  2.96851968765259e+00  2.70075345039368e+00
  5.38356862654964e+04  3.00440573692322e+00  2.91372966766357e+00  2.96521115303040e+00  2.70011305809021e+00
  5.38394145223923e+04  3.00555372238159e+00  2.91316843032837e+00  2.96434593200684e+00  2.70006227493286e+00
  5.38431427793137e+04  3.00988554954529e+00  2.91367220878601e+00  2.96754574775696e+00  2.69845271110535e+00
  5.38468710355116e+04  3.00829339027405e+00  2.91681289672852e+00  2.96343064308167e+00  2.69993424415588e+00
  5.38505992919954e+04  3.00663280487061e+00  2.91525387763977e+00  2.96602559089661e+00  2.70109939575195e+00
  5.38543275482570e+04  3.00554442405701e+00  2.91360044479370e+00  2.96660017967224e+00  2.70049977302551e+00
  5.38580558042767e+04  3.00492525100708e+00  2.91613531112671e+00  2.96506023406982e+00  2.69818162918091e+00
  5.38617840603136e+04  3.01030659675598e+00  2.91618776321411e+00  2.97044205665588e+00  2.70229363441467e+00
  5.38655123158856e+04  3.00755906105042e+00  2.91475129127502e+00  2.96883988380432e+00  2.69914245605469e+00
  5.38692405714605e+04  3.00693988800049e+00  2.91736412048340e+00  2.96992874145508e+00  2.70450043678284e+00
  5.38729688270370e+04  3.00479793548584e+00  2.91729760169983e+00  2.97116398811340e+00  2.70455241203308e+00
  5.38766970823900e+04  3.01032304763794e+00  2.92160773277283e+00  2.97227954864502e+00  2.70462036132812e+00
  5.38804253375207e+04  3.01202559471130e+00  2.91914010047913e+00  2.97286200523376e+00  2.69971132278442e+00
  5.38841535926387e+04  3.01018643379211e+00  2.92048215866089e+00  2.97064328193665e+00  2.70472455024719e+00
  5.38878818477361e+04  3.01309037208557e+00  2.91692781448364e+00  2.97084760665894e+00  2.70100331306458e+00
  5.38916101025614e+04  3.01111650466919e+00  2.91814184188843e+00  2.97002935409546e+00  2.70432686805725e+00
  5.38953383571805e+04  3.01014399528503e+00  2.91916227340698e+00  2.97572994232178e+00  2.70585823059082e+00
  5.39005868062604e+04  1.49040627479553e+00  1.42234361171722e+00  1.21966075897217e+00  1.02928030490875e+00
  5.39011875000566e+04  3.01041078567505e+00  2.92028212547302e+00  2.97363495826721e+00  2.70725798606873e+00
  5.39049157546736e+04  3.01320600509644e+00  2.92008924484253e+00  2.97560858726501e+00  2.70791029930115e+00
  5.39086440093022e+04  3.01137685775757e+00  2.92056465148926e+00  2.97581315040588e+00  2.70552062988281e+00
  5.39123722639594e+04  3.01362991333008e+00  2.91945958137512e+00  2.97429609298706e+00  2.70742607116699e+00
  5.39161005188021e+04  3.01340746879578e+00  2.91929244995117e+00  2.97708320617676e+00  2.70678329467773e+00
  5.39198287727141e+04  3.01110625267029e+00  2.91807627677917e+00  2.97647809982300e+00  2.70583581924438e+00
  5.39235570270613e+04  3.01109361648560e+00  2.91887617111206e+00  2.97489213943481e+00  2.70576238632202e+00
  5.39272852816678e+04  3.01300406455994e+00  2.92046570777893e+00  2.97452902793884e+00  2.70824027061462e+00
  5.39310135360487e+04  3.01131510734558e+00  2.92011642456055e+00  2.97941946983337e+00  2.71117305755615e+00
  5.39347417906690e+04  3.01439213752747e+00  2.91921448707581e+00  2.98088884353638e+00  2.71229410171509e+00
  5.39384700453022e+04  3.01477265357971e+00  2.92340850830078e+00  2.97880339622498e+00  2.71050548553467e+00
  5.39421982999468e+04  3.01505303382874e+00  2.92339539527893e+00  2.98086810112000e+00  2.71060824394226e+00
  5.39459265547696e+04  3.01546072959900e+00  2.92387938499451e+00  2.98195075988770e+00  2.70872688293457e+00
  5.39496548098958e+04  3.01386904716492e+00  2.92171025276184e+00  2.98140168190002e+00  2.71131205558777e+00
  5.39533830650253e+04  3.01382398605347e+00  2.92201852798462e+00  2.97883987426758e+00  2.71156525611877e+00
  5.39571113199305e+04  3.01298117637634e+00  2.92010760307312e+00  2.97952103614807e+00  2.71140432357788e+00
  5.39608395752958e+04  3.01257252693176e+00  2.92600560188293e+00  2.98219871520996e+00  2.71118426322937e+00
  5.39645678306562e+04  3.01339697837830e+00  2.92143702507019e+00  2.98227262496948e+00  2.71268725395203e+00
  5.39682960862603e+04  3.01523232460022e+00  2.92381215095520e+00  2.97881722450256e+00  2.70990633964539e+00
  5.39720243420959e+04  3.01666069030762e+00  2.92407155036926e+00  2.98105502128601e+00  2.70808625221252e+00
  5.39757525981667e+04  3.02310800552368e+00  2.92231774330139e+00  2.97614812850952e+00  2.71116781234741e+00
  5.39794808544660e+04  3.01337409019470e+00  2.92517590522766e+00  2.97986435890198e+00  2.70569896697998e+00
  5.39832091110046e+04  3.01607418060303e+00  2.92203521728516e+00  2.97908210754395e+00  2.71194624900818e+00
  5.39869373675172e+04  3.01068162918091e+00  2.92224526405334e+00  2.98429870605469e+00  2.71228170394897e+00
  5.39906656245081e+04  3.01361751556396e+00  2.92510581016541e+00  2.98432111740112e+00  2.71426749229431e+00
  5.39943938814860e+04  3.01313328742981e+00  2.92310571670532e+00  2.98165011405945e+00  2.71106362342834e+00
  5.39981221389063e+04  3.01229000091553e+00  2.92273712158203e+00  2.98334574699402e+00  2.71423792839050e+00
  5.40018503963010e+04  3.01328396797180e+00  2.92483472824097e+00  2.98521113395691e+00  2.71044445037842e+00
  5.40055786541400e+04  3.01584720611572e+00  2.92673611640930e+00  2.98287415504456e+00  2.71836495399475e+00
  5.40093069119397e+04  3.01343345642090e+00  2.92047548294067e+00  2.98327922821045e+00  2.70900368690491e+00
  5.40130351700776e+04  3.01205635070801e+00  2.92671537399292e+00  2.98330497741699e+00  2.71533799171448e+00
  5.40167634285670e+04  3.01174068450928e+00  2.92481923103333e+00  2.98587107658386e+00  2.71197795867920e+00
  5.40204916869826e+04  3.01123166084290e+00  2.92189884185791e+00  2.98029804229736e+00  2.71564817428589e+00
  5.40242199460196e+04  3.01172018051147e+00  2.92317104339600e+00  2.98508429527283e+00  2.71570849418640e+00
  5.40279482047651e+04  3.01547312736511e+00  2.92184400558472e+00  2.98282480239868e+00  2.71399021148682e+00
  5.40316764641574e+04  3.01654791831970e+00  2.92422413825989e+00  2.98543906211853e+00  2.71507287025452e+00
  5.40354047234976e+04  3.01399707794189e+00  2.92335128784180e+00  2.98345756530762e+00  2.71636605262756e+00
  5.40391329829920e+04  3.01289558410645e+00  2.91946005821228e+00  2.98840785026550e+00  2.71608686447144e+00
  5.40428612426447e+04  3.01506280899048e+00  2.92407155036926e+00  2.98872160911560e+00  2.71784543991089e+00
  5.40486041669894e+04  1.49204468727112e+00  1.42248749732971e+00  1.22549998760223e+00  1.03497266769409e+00
  5.40492048613670e+04  3.01427221298218e+00  2.92110347747803e+00  2.98801040649414e+00  2.71555733680725e+00
  5.40529331215533e+04  3.01442861557007e+00  2.92194628715515e+00  2.98929691314697e+00  2.71682953834534e+00
  5.40566613816896e+04  3.01445460319519e+00  2.92456817626953e+00  2.98654770851135e+00  2.71398520469666e+00
  5.40603896417338e+04  3.01380443572998e+00  2.92695808410645e+00  2.98556184768677e+00  2.71894431114197e+00
  5.40641179021645e+04  3.01665043830872e+00  2.92760133743286e+00  2.98883700370789e+00  2.71652746200562e+00
  5.40678461627314e+04  3.01330852508545e+00  2.92437791824341e+00  2.99076032638550e+00  2.71810650825500e+00
  5.40715744232558e+04  3.01436686515808e+00  2.92546629905701e+00  2.98638010025024e+00  2.71914052963257e+00
  5.40753026840949e+04  3.01721835136414e+00  2.92688107490540e+00  2.98827672004700e+00  2.72042346000671e+00
  5.40790309446841e+04  3.01302218437195e+00  2.92387461662292e+00  2.98585128784180e+00  2.71779203414917e+00
  5.40827592057290e+04  3.01302266120911e+00  2.91960668563843e+00  2.98816847801208e+00  2.71742296218872e+00
  5.40864874664712e+04  3.01629114151001e+00  2.92632317543030e+00  2.98776555061340e+00  2.71911811828613e+00
  5.40902157273902e+04  3.01789808273315e+00  2.92536759376526e+00  2.98818564414978e+00  2.72042155265808e+00
  5.40939439882788e+04  3.01749825477600e+00  2.92540764808655e+00  2.98877859115601e+00  2.71910786628723e+00
  5.40976722493032e+04  3.01584124565125e+00  2.93028926849365e+00  2.98806095123291e+00  2.71954393386841e+00
  5.41014005102592e+04  3.01703357696533e+00  2.92521286010742e+00  2.99077987670898e+00  2.72357320785522e+00
  5.41051287713136e+04  3.01913785934448e+00  2.92850279808044e+00  2.98869800567627e+00  2.71518659591675e+00
  5.41088570323993e+04  3.01916861534119e+00  2.92424726486206e+00  2.99073076248169e+00  2.72206544876099e+00
  5.41125852935936e+04  3.01721024513245e+00  2.92794632911682e+00  2.99029016494751e+00  2.72062039375305e+00
  5.41163135545682e+04  3.01470303535461e+00  2.92904233932495e+00  2.99422645568848e+00  2.72020840644836e+00
  5.41200418154549e+04  3.01678371429443e+00  2.92601013183594e+00  2.98865199089050e+00  2.71726274490356e+00
  5.41237700764955e+04  3.01481199264526e+00  2.92705416679382e+00  2.99189877510071e+00  2.71930217742920e+00
  5.41274983375655e+04  3.01775860786438e+00  2.92502570152283e+00  2.99205660820007e+00  2.72003245353699e+00
  5.41312265985740e+04  3.01645803451538e+00  2.92673778533936e+00  2.99093723297119e+00  2.71987199783325e+00
  5.41349548594085e+04  3.01821851730347e+00  2.92570853233337e+00  2.99191045761108e+00  2.72333931922913e+00
  5.41386831204167e+04  3.01941013336182e+00  2.92709803581238e+00  2.99399566650391e+00  2.72310519218445e+00
  5.41424113810995e+04  3.01390838623047e+00  2.92957830429077e+00  2.99459552764893e+00  2.72508692741394e+00
  5.41461396418541e+04  3.02134323120117e+00  2.92303729057312e+00  2.99466943740845e+00  2.72142195701599e+00
  5.41498679026609e+04  3.01273179054260e+00  2.92509269714355e+00  2.99740171432495e+00  2.72588896751404e+00
  5.41535961630801e+04  3.01791405677795e+00  2.92972898483276e+00  3.00072145462036e+00  2.72343897819519e+00
  5.41573244237976e+04  3.01969337463379e+00  2.92610836029053e+00  2.99532985687256e+00  2.72390413284302e+00
  5.41610526840104e+04  3.01650524139404e+00  2.92698431015015e+00  2.99379920959473e+00  2.72797727584839e+00
  5.41675416668275e+04  1.49576520919800e+00  1.42870366573334e+00  1.23095870018005e+00  1.03861606121063e+00
  5.41681666669734e+04  3.01782298088074e+00  2.92815995216370e+00  2.99635291099548e+00  2.72345471382141e+00
  5.41718949270972e+04  3.02193021774292e+00  2.92893362045288e+00  2.99787926673889e+00  2.72596597671509e+00
  5.41756231869756e+04  3.02233767509460e+00  2.93040990829468e+00  2.99448060989380e+00  2.72830271720886e+00
  5.41793514467165e+04  3.01902174949646e+00  2.93049049377441e+00  2.99938535690308e+00  2.72515058517456e+00
  5.41830797065233e+04  3.02207708358765e+00  2.93015193939209e+00  2.99999165534973e+00  2.72917342185974e+00
  5.41868079659571e+04  3.02203917503357e+00  2.93082332611084e+00  2.99454760551453e+00  2.72741556167603e+00
  5.41905362253959e+04  3.02358269691467e+00  2.93140935897827e+00  2.99717545509338e+00  2.73067927360535e+00
  5.41942644846990e+04  3.01678323745728e+00  2.93300890922546e+00  2.99947857856750e+00  2.72840142250061e+00
  5.41979927437395e+04  3.02288174629211e+00  2.93489527702332e+00  2.99640274047852e+00  2.73248934745789e+00
  5.42017210031387e+04  3.02278804779053e+00  2.93304562568665e+00  2.99769496917725e+00  2.72847414016724e+00
  5.42054492616216e+04  3.02577710151672e+00  2.93277788162231e+00  3.00276017189026e+00  2.72665691375732e+00
  5.42091775203843e+04  3.03026533126831e+00  2.93795514106750e+00  2.99919939041138e+00  2.72601294517517e+00
  5.42129057788969e+04  3.02511453628540e+00  2.93968152999878e+00  3.00051140785217e+00  2.72935819625854e+00
  5.42166340373716e+04  3.02909326553345e+00  2.93894243240356e+00  3.00361156463623e+00  2.72738170623779e+00
  5.42203622953298e+04  3.02709627151489e+00  2.93414378166199e+00  2.99897074699402e+00  2.72904348373413e+00
  5.42240905532697e+04  3.02625870704651e+00  2.93666028976440e+00  3.00529527664185e+00  2.73275065422058e+00
  5.42278188112395e+04  3.02825570106506e+00  2.93680858612061e+00  3.00260329246521e+00  2.72937035560608e+00
  5.42315470688079e+04  3.03137111663818e+00  2.93917036056519e+00  3.00738787651062e+00  2.73180747032166e+00
  5.42352753263576e+04  3.02612066268921e+00  2.93859028816223e+00  3.00334119796753e+00  2.73262786865234e+00
  5.42390035839283e+04  3.02858877182007e+00  2.93724131584167e+00  3.00512075424194e+00  2.73161196708679e+00
  5.42427318410520e+04  3.02779293060303e+00  2.93366193771362e+00  3.00407052040100e+00  2.73098492622375e+00
  5.42464600981840e+04  3.02831482887268e+00  2.93880939483643e+00  3.00158333778381e+00  2.72866511344910e+00
  5.42501883556262e+04  3.02986216545105e+00  2.93882966041565e+00  3.00452780723572e+00  2.73436641693115e+00
  5.42539166123183e+04  3.02978086471558e+00  2.93843030929565e+00  3.00495481491089e+00  2.73321294784546e+00
  5.42576448692338e+04  3.03239727020264e+00  2.93976902961731e+00  3.00236964225769e+00  2.73270130157471e+00
  5.42613731259168e+04  3.03242421150208e+00  2.94166254997253e+00  3.00525355339050e+00  2.73431682586670e+00
  5.42651013826967e+04  3.03218150138855e+00  2.93873524665833e+00  3.00564479827881e+00  2.73279500007629e+00
  5.42688296394375e+04  3.03027963638306e+00  2.93729829788208e+00  3.00716376304626e+00  2.73665046691895e+00
  5.42725578958703e+04  3.03116750717163e+00  2.93779969215393e+00  3.00744581222534e+00  2.73519611358643e+00
  5.42764583333740e+04  1.50271821022034e+00  1.43486702442169e+00  1.23471355438232e+00  1.03968870639801e+00
  5.42768333335613e+04  3.03441596031189e+00  2.94222855567932e+00  3.00759673118591e+00  2.73885846138000e+00
  5.42779166672962e+04  1.49826848506927e+00  1.43220710754395e+00  1.23317229747772e+00  1.04007625579834e+00
  5.42785416671355e+04  3.03072476387024e+00  2.94435858726501e+00  3.00845170021057e+00  2.73383092880249e+00
  5.42822699235914e+04  3.03582191467285e+00  2.93937802314758e+00  3.00927472114563e+00  2.73596620559692e+00
  5.42859981795926e+04  3.03170037269592e+00  2.94031763076782e+00  3.00868153572083e+00  2.73563361167908e+00
  5.42897264359318e+04  3.03347301483154e+00  2.94100737571716e+00  3.00945091247559e+00  2.73649668693542e+00
  5.42934546922965e+04  3.03472042083740e+00  2.94043254852295e+00  3.01104331016541e+00  2.73718428611755e+00
  5.42971829488785e+04  3.03286266326904e+00  2.94319081306458e+00  3.00674319267273e+00  2.73614096641541e+00
  5.43009112052315e+04  3.03375267982483e+00  2.94476127624512e+00  3.00835990905762e+00  2.73723435401917e+00
  5.43046394618160e+04  3.03391313552856e+00  2.94504165649414e+00  3.01056909561157e+00  2.73658657073975e+00
  5.43083677183992e+04  3.03525042533875e+00  2.94424915313721e+00  3.00976514816284e+00  2.73601555824280e+00
  5.43120959751911e+04  3.03812575340271e+00  2.94031023979187e+00  3.00545048713684e+00  2.73263812065125e+00
  5.43158242319688e+04  3.03745198249817e+00  2.94640278816223e+00  3.00780224800110e+00  2.73657369613647e+00
  5.43195524889978e+04  3.03859210014343e+00  2.94623064994812e+00  3.00757861137390e+00  2.73784732818604e+00
  5.43232807460242e+04  3.03403592109680e+00  2.94527411460876e+00  3.00688838958740e+00  2.73276615142822e+00
  5.43270090030613e+04  3.03897118568420e+00  2.94469785690308e+00  3.00722169876099e+00  2.73589324951172e+00
  5.43307372603355e+04  3.03687953948975e+00  2.93936109542847e+00  3.01033377647400e+00  2.73548030853271e+00
  5.43344655178553e+04  3.03342175483704e+00  2.94245219230652e+00  3.01046395301819e+00  2.73348522186279e+00
  5.43381937755614e+04  3.03560829162598e+00  2.94590783119202e+00  3.00956749916077e+00  2.73776054382324e+00
  5.43419220333393e+04  3.03510499000549e+00  2.94303178787231e+00  3.00979065895081e+00  2.73920059204102e+00
  5.43485208339271e+04  1.50386095046997e+00  1.43528890609741e+00  1.23604619503021e+00  1.04397380352020e+00
  5.43495625008381e+04  3.03706145286560e+00  2.93873524665833e+00  3.01021933555603e+00  2.74068093299866e+00
  5.43532907596144e+04  3.03493356704712e+00  2.94912314414978e+00  3.00778007507324e+00  2.73664188385010e+00
  5.43570190178878e+04  3.03329181671143e+00  2.94475078582764e+00  3.01418685913086e+00  2.73902988433838e+00
  5.43607472768276e+04  3.03027153015137e+00  2.93796682357788e+00  3.01622486114502e+00  2.74071931838989e+00
  5.43644755357189e+04  3.02890801429749e+00  2.94172167778015e+00  3.01692605018616e+00  2.74300765991211e+00
  5.43695000000509e+04  1.50315892696381e+00  1.43356406688690e+00  1.23652064800262e+00  1.04148387908936e+00
  5.43701250000716e+04  3.03352689743042e+00  2.93425083160400e+00  3.01283288002014e+00  2.73855185508728e+00
  5.43738532595094e+04  3.03099751472473e+00  2.94226288795471e+00  3.01162123680115e+00  2.74078297615051e+00
  5.43775815191308e+04  3.03393316268921e+00  2.94189620018005e+00  3.01683974266052e+00  2.73713207244873e+00
  5.43813097791274e+04  3.03693437576294e+00  2.94278645515442e+00  3.01247882843018e+00  2.74109435081482e+00
  5.43850380391009e+04  3.03544712066650e+00  2.94668722152710e+00  3.00711488723755e+00  2.73773455619812e+00
  5.43887662992499e+04  3.03072094917297e+00  2.94176864624023e+00  3.01382327079773e+00  2.74406194686890e+00
  5.43924945599131e+04  3.02907466888428e+00  2.93851280212402e+00  3.00991463661194e+00  2.74225211143494e+00
  5.43962228202859e+04  3.03053903579712e+00  2.93883132934570e+00  3.01200389862061e+00  2.73877787590027e+00
  5.43999510810545e+04  3.02666687965393e+00  2.94082498550415e+00  3.01111483573914e+00  2.74047684669495e+00
  5.44036793417452e+04  3.03258657455444e+00  2.93935728073120e+00  3.01682448387146e+00  2.74481987953186e+00
  5.44074076029735e+04  3.02676105499268e+00  2.94105887413025e+00  3.01396918296814e+00  2.74244689941406e+00
  5.44145833337731e+04  5.64973878860474e+00  5.45641136169434e+00  4.52955436706543e+00  4.36357736587524e+00
  5.44200000003309e+04  3.03413510322571e+00  2.94310927391052e+00  3.01798462867737e+00  2.74163746833801e+00
  5.44237282617361e+04  3.02757596969604e+00  2.93807816505432e+00  3.01737189292908e+00  2.74351382255554e+00
  5.44274565232744e+04  3.02913045883179e+00  2.94043397903442e+00  3.01775455474854e+00  2.74060320854187e+00
  5.44311847849535e+04  3.02936911582947e+00  2.93897628784180e+00  3.01438760757446e+00  2.74025011062622e+00
  5.44349130465369e+04  3.02520728111267e+00  2.93682074546814e+00  3.01389431953430e+00  2.74318242073059e+00
  5.44386413082686e+04  3.03080320358276e+00  2.94000649452209e+00  3.01570820808411e+00  2.74334573745728e+00
  5.44423695701424e+04  3.03039836883545e+00  2.93859577178955e+00  3.01756095886230e+00  2.74259662628174e+00
  5.44460978321042e+04  3.02823138237000e+00  2.94009852409363e+00  3.01693344116211e+00  2.74423646926880e+00
  5.44498260938090e+04  3.02764749526978e+00  2.94062972068787e+00  3.01408243179321e+00  2.74606060981750e+00
  5.44535543559165e+04  3.02890419960022e+00  2.94118094444275e+00  3.01841282844543e+00  2.74441099166870e+00
  5.44572826179664e+04  3.03296422958374e+00  2.94444322586060e+00  3.01989793777466e+00  2.74777746200562e+00
  5.44610108799790e+04  3.02848219871521e+00  2.93925452232361e+00  3.01620244979858e+00  2.74214172363281e+00
  5.44647391421910e+04  3.02682042121887e+00  2.94178128242493e+00  3.02063179016113e+00  2.74793076515198e+00
  5.44684674039271e+04  3.03382563591003e+00  2.94271850585938e+00  3.01958250999451e+00  2.74509835243225e+00
  5.44721956661264e+04  3.03303933143616e+00  2.94162392616272e+00  3.01904368400574e+00  2.74277591705322e+00
  5.44759239283173e+04  3.03546547889709e+00  2.94365525245667e+00  3.01962208747864e+00  2.74329423904419e+00
  5.44796521904166e+04  3.03651928901672e+00  2.94611549377441e+00  3.01996183395386e+00  2.74721217155457e+00
  5.44833804527883e+04  3.03363728523254e+00  2.94417333602905e+00  3.02235579490662e+00  2.74772787094116e+00
  5.44885243060476e+04  1.50303792953491e+00  1.43786633014679e+00  1.23938322067261e+00  1.04477226734161e+00
  5.44889409727453e+04  3.03318309783936e+00  2.94421863555908e+00  3.01775574684143e+00  2.74745893478394e+00
  5.44926692348148e+04  3.03301525115967e+00  2.94454646110535e+00  3.02128648757935e+00  2.74348449707031e+00
  5.44963974964987e+04  3.03044533729553e+00  2.93985342979431e+00  3.01821255683899e+00  2.74095606803894e+00
  5.45001257582188e+04  3.03340339660645e+00  2.94029831886292e+00  3.01557445526123e+00  2.74125409126282e+00
  5.45038540200834e+04  3.03684258460999e+00  2.94393849372864e+00  3.02174949645996e+00  2.74311399459839e+00
  5.45075822821693e+04  3.03742456436157e+00  2.93979024887085e+00  3.02332949638367e+00  2.74684262275696e+00
  5.45113105437362e+04  3.03558588027954e+00  2.94428539276123e+00  3.02059483528137e+00  2.74603056907654e+00
  5.45150388053819e+04  3.03844356536865e+00  2.94726181030273e+00  3.02348995208740e+00  2.75017857551575e+00
  5.45187670666829e+04  3.04450845718384e+00  2.94674086570740e+00  3.01686906814575e+00  2.74832868576050e+00
  5.45224953283068e+04  3.04119944572449e+00  2.95067119598389e+00  3.02301836013794e+00  2.74891877174377e+00
  5.45262235900186e+04  3.03633141517639e+00  2.95145916938782e+00  3.02920651435852e+00  2.74679160118103e+00
  5.45299518510869e+04  3.03974270820618e+00  2.94975304603577e+00  3.02135157585144e+00  2.74591732025146e+00
  5.45336801124676e+04  3.03696322441101e+00  2.94798684120178e+00  3.02219033241272e+00  2.74836611747742e+00
  5.45374083737059e+04  3.04374957084656e+00  2.94480228424072e+00  3.02078270912170e+00  2.75164937973022e+00
  5.45411366347083e+04  3.04507184028625e+00  2.95419788360596e+00  3.02958083152771e+00  2.75177288055420e+00
  5.45448648956759e+04  3.04292583465576e+00  2.95038771629333e+00  3.02268528938293e+00  2.75288629531860e+00
  5.45485931564976e+04  3.03715705871582e+00  2.95212674140930e+00  3.02728414535522e+00  2.75114583969116e+00
  5.45523214172972e+04  3.03843402862549e+00  2.95639204978943e+00  3.03004717826843e+00  2.75296783447266e+00
  5.45560496778299e+04  3.04419970512390e+00  2.95232987403870e+00  3.02982926368713e+00  2.75083923339844e+00
  5.45597779382350e+04  3.03841114044189e+00  2.95260834693909e+00  3.02319717407227e+00  2.74829077720642e+00
  5.45635061984110e+04  3.04485082626343e+00  2.95467281341553e+00  3.02247524261475e+00  2.75035762786865e+00
  5.45672344588552e+04  3.04249477386475e+00  2.95314073562622e+00  3.02579808235168e+00  2.75383377075195e+00
  5.45709627186796e+04  3.04667878150940e+00  2.95161294937134e+00  3.03055548667908e+00  2.75416207313538e+00
  5.45746909786042e+04  3.04414486885071e+00  2.95481824874878e+00  3.02258515357971e+00  2.75245857238770e+00
  5.45784192381018e+04  3.04543995857239e+00  2.95356297492981e+00  3.02610421180725e+00  2.75359010696411e+00
  5.45821474978751e+04  3.04257559776306e+00  2.95558953285217e+00  3.02655816078186e+00  2.75456643104553e+00
  5.45858757572292e+04  3.04208636283875e+00  2.95454216003418e+00  3.03224921226501e+00  2.75337553024292e+00
  5.45896040163981e+04  3.04699850082397e+00  2.95547199249268e+00  3.02768063545227e+00  2.75202584266663e+00
  5.45933322754225e+04  3.04963016510010e+00  2.95784711837769e+00  3.02714586257935e+00  2.75417208671570e+00
  5.45970605345139e+04  3.04318499565125e+00  2.95375156402588e+00  3.02711224555969e+00  2.75438094139099e+00
  5.46007887931504e+04  3.04377102851868e+00  2.95396208763123e+00  3.02879929542542e+00  2.75485825538635e+00
  5.46045170517813e+04  3.04691743850708e+00  2.95382452011108e+00  3.02783393859863e+00  2.75302553176880e+00
  5.46082453104178e+04  3.04468679428101e+00  2.95401382446289e+00  3.02787184715271e+00  2.75287652015686e+00
  5.46119735688379e+04  3.04651880264282e+00  2.95728898048401e+00  3.02873897552490e+00  2.75482797622681e+00
  5.46157018272743e+04  3.04619383811951e+00  2.95645546913147e+00  3.02977466583252e+00  2.75666522979736e+00
  5.46216131948033e+04  1.50937294960022e+00  1.43804860115051e+00  1.24274170398712e+00  1.04873669147491e+00
  5.46222083341052e+04  3.04361748695374e+00  2.95392084121704e+00  3.03000307083130e+00  2.75469374656677e+00
  5.46259365921204e+04  3.05032539367676e+00  2.95694255828857e+00  3.02791047096252e+00  2.75108981132507e+00
  5.46296648501167e+04  3.05004024505615e+00  2.95854663848877e+00  3.03020358085632e+00  2.75198531150818e+00
  5.46333931079063e+04  3.04912543296814e+00  2.95772433280945e+00  3.03031659126282e+00  2.75279879570007e+00
  5.46371213659081e+04  3.05246925354004e+00  2.95832300186157e+00  3.02429270744324e+00  2.75221467018127e+00
  5.46408496236760e+04  3.04929280281067e+00  2.95920777320862e+00  3.03402447700500e+00  2.75523376464844e+00
  5.46445778812386e+04  3.05298948287964e+00  2.95854973793030e+00  3.03064823150635e+00  2.75208783149719e+00
  5.46483061390244e+04  3.04997086524963e+00  2.96099495887756e+00  3.03102684020996e+00  2.75356745719910e+00
  5.46520343968055e+04  3.05182051658630e+00  2.96070075035095e+00  3.03021311759949e+00  2.75525069236755e+00
  5.46557626545927e+04  3.04761886596680e+00  2.96044611930847e+00  3.03025960922241e+00  2.75644540786743e+00
  5.46594909123807e+04  3.04985213279724e+00  2.95778679847717e+00  3.02953505516052e+00  2.75433397293091e+00
  5.46633402781089e+04  1.50892841815948e+00  1.44433796405792e+00  1.23608696460724e+00  1.04881465435028e+00
  5.46634402778483e+04  3.05220317840576e+00  2.95945024490356e+00  3.03038191795349e+00  2.75747346878052e+00
  5.46671685356169e+04  3.05123734474182e+00  2.95971846580505e+00  3.03234624862671e+00  2.75448727607727e+00
  5.46708967935023e+04  3.04888033866882e+00  2.95867919921875e+00  3.03024148941040e+00  2.75804066658020e+00
  5.46746250516422e+04  3.04714059829712e+00  2.95773172378540e+00  3.03111505508423e+00  2.75436544418335e+00
  5.46797083335996e+04  1.51045703887939e+00  1.44058465957642e+00  1.24429643154144e+00  1.04842412471771e+00
  5.46811666667836e+04  3.04808330535889e+00  2.95785593986511e+00  3.03378343582153e+00  2.75775742530823e+00
  5.46848949247673e+04  3.05227971076965e+00  2.96266365051270e+00  3.03646731376648e+00  2.75971150398254e+00
  5.46886231829895e+04  3.04944920539856e+00  2.95743584632874e+00  3.03463077545166e+00  2.75980138778687e+00
  5.46923514416517e+04  3.05074262619019e+00  2.96030306816101e+00  3.03349781036377e+00  2.75510573387146e+00
  5.46960797061018e+04  3.05416822433472e+00  2.95870089530945e+00  3.03293347358704e+00  2.75405788421631e+00
  5.46998079751737e+04  3.04872226715088e+00  2.96148824691772e+00  3.03390431404114e+00  2.76015472412109e+00
  5.47035362442201e+04  3.05184388160706e+00  2.96344542503357e+00  3.03490161895752e+00  2.75823497772217e+00
  5.47072645132558e+04  3.05405187606812e+00  2.95911240577698e+00  3.03280830383301e+00  2.75745201110840e+00
  5.47109927362999e+04  3.04882287979126e+00  2.96206665039062e+00  3.03379154205322e+00  2.75906062126160e+00
  5.47147209958443e+04  3.04971861839294e+00  2.95875334739685e+00  3.03359723091125e+00  2.75486755371094e+00
  5.47184492553727e+04  3.04590201377869e+00  2.96051955223083e+00  3.03643941879272e+00  2.75366759300232e+00
  5.47221775152893e+04  3.05132031440735e+00  2.95982384681702e+00  3.03421545028687e+00  2.75560641288757e+00
  5.47259057754039e+04  3.05024242401123e+00  2.96049904823303e+00  3.03322052955627e+00  2.75958943367004e+00
  5.47296340354932e+04  3.04898667335510e+00  2.95354628562927e+00  3.03113293647766e+00  2.75714182853699e+00
  5.47333622957141e+04  3.04932951927185e+00  2.95776438713074e+00  3.03765606880188e+00  2.75809311866760e+00
  5.47370905563391e+04  3.04891514778137e+00  2.95596337318420e+00  3.04131340980530e+00  2.76193833351135e+00
  5.47408188168714e+04  3.04848337173462e+00  2.95948195457458e+00  3.04183220863342e+00  2.76261496543884e+00
  5.47475138892720e+04  1.51159465312958e+00  1.44598305225372e+00  1.24438357353210e+00  1.05109846591949e+00
  5.47479930561144e+04  3.04436755180359e+00  2.95620942115784e+00  3.03730559349060e+00  2.76203656196594e+00
  5.47517213173553e+04  3.05003356933594e+00  2.95816159248352e+00  3.03691720962524e+00  2.76679944992065e+00
  5.47554495786829e+04  3.04766917228699e+00  2.95969581604004e+00  3.03415679931641e+00  2.76010298728943e+00
  5.47591778399352e+04  3.04757308959961e+00  2.95758557319641e+00  3.03179264068604e+00  2.75985360145569e+00
  5.47629061015126e+04  3.04588341712952e+00  2.95755958557129e+00  3.03483271598816e+00  2.75783991813660e+00
  5.47674166671620e+04  1.50873494148254e+00  1.44166386127472e+00  1.24673378467560e+00  1.04972863197327e+00
  5.47679444450673e+04  3.05015444755554e+00  2.95865416526794e+00  3.03971886634827e+00  2.76345944404602e+00
  5.47716727068299e+04  3.04856276512146e+00  2.95852756500244e+00  3.03738522529602e+00  2.76267480850220e+00
  5.47754009686540e+04  3.04954385757446e+00  2.96233940124512e+00  3.03683972358704e+00  2.76213908195496e+00
  5.47791292307095e+04  3.04818773269653e+00  2.96286559104919e+00  3.03472614288330e+00  2.76303100585938e+00
  5.47828574928902e+04  3.04628157615662e+00  2.95735454559326e+00  3.03855156898499e+00  2.76296567916870e+00
  5.47865857551933e+04  3.04617118835449e+00  2.95834231376648e+00  3.04092741012573e+00  2.76143527030945e+00
  5.47903140176199e+04  3.04700779914856e+00  2.95709300041199e+00  3.03508043289185e+00  2.76240277290344e+00
  5.47940422801980e+04  3.04622220993042e+00  2.95802283287048e+00  3.04006338119507e+00  2.76038527488708e+00
  5.47977705426782e+04  3.04763579368591e+00  2.95997762680054e+00  3.03931498527527e+00  2.76364231109619e+00
  5.48014988052766e+04  3.04529595375061e+00  2.95624804496765e+00  3.03982234001160e+00  2.76222276687622e+00
  5.48052270677512e+04  3.04674315452576e+00  2.95983314514160e+00  3.03769755363464e+00  2.76262497901917e+00
  5.48089553307038e+04  3.04994654655457e+00  2.95921134948730e+00  3.03635358810425e+00  2.76254272460938e+00
  5.48126835932731e+04  3.04821801185608e+00  2.96001362800598e+00  3.03840613365173e+00  2.76498031616211e+00
  5.48164118561644e+04  3.04862093925476e+00  2.95713639259338e+00  3.03800272941589e+00  2.76207804679871e+00
  5.48201401188495e+04  3.04705381393433e+00  2.95641589164734e+00  3.04143881797791e+00  2.76420903205872e+00
  5.48238683817095e+04  3.04658555984497e+00  2.96107602119446e+00  3.03875803947449e+00  2.76324915885925e+00
  5.48275966447709e+04  3.04740834236145e+00  2.95650792121887e+00  3.04021954536438e+00  2.76366472244263e+00
  5.48313249078229e+04  3.04761099815369e+00  2.95663237571716e+00  3.03944706916809e+00  2.76287436485291e+00
  5.48350531589167e+04  3.04714798927307e+00  2.95947718620300e+00  3.03996706008911e+00  2.76526761054993e+00
  5.48394305558299e+04  1.50826418399811e+00  1.44088661670685e+00  1.24711656570435e+00  1.05306899547577e+00
  5.48405208336054e+04  3.04772901535034e+00  2.95870494842529e+00  3.03708887100220e+00  2.76302933692932e+00
  5.48442490953520e+04  3.04583406448364e+00  2.95582532882690e+00  3.04199719429016e+00  2.76628065109253e+00
  5.48479773583217e+04  3.04746246337891e+00  2.95915865898132e+00  3.04030013084412e+00  2.76654005050659e+00
  5.48517056213160e+04  3.04666876792908e+00  2.95603394508362e+00  3.04236078262329e+00  2.76500439643860e+00
  5.48554338841538e+04  3.05050730705261e+00  2.96055507659912e+00  3.04108309745789e+00  2.76354742050171e+00
  5.48591621470162e+04  3.04772901535034e+00  2.95721912384033e+00  3.03888058662415e+00  2.76440668106079e+00
  5.48628904097212e+04  3.04762291908264e+00  2.95661973953247e+00  3.04328894615173e+00  2.76298880577087e+00
  5.48666186724999e+04  3.04911637306213e+00  2.95949935913086e+00  3.04121589660645e+00  2.76564741134644e+00
  5.48738194447107e+04  1.50595247745514e+00  1.44141364097595e+00  1.24836325645447e+00  1.05179476737976e+00
  5.48744166673831e+04  3.04472470283508e+00  2.95997858047485e+00  3.04143381118774e+00  2.76836419105530e+00
  5.48781449303090e+04  3.05047345161438e+00  2.95869183540344e+00  3.04508423805237e+00  2.76782274246216e+00
  5.48818731929144e+04  3.05037355422974e+00  2.95574355125427e+00  3.04209661483765e+00  2.76444005966187e+00
  5.48856014556794e+04  3.05066680908203e+00  2.96348857879639e+00  3.04774284362793e+00  2.76972460746765e+00
  5.48893297178624e+04  3.05264878273010e+00  2.96197175979614e+00  3.04477262496948e+00  2.76898455619812e+00
  5.48930579801390e+04  3.05281615257263e+00  2.96463751792908e+00  3.04289436340332e+00  2.76744484901428e+00
  5.48967862425776e+04  3.05228447914124e+00  2.96227765083313e+00  3.04242777824402e+00  2.76364398002625e+00
  5.49005145048472e+04  3.05386161804199e+00  2.96509027481079e+00  3.04187464714050e+00  2.76420497894287e+00
  5.49042427671205e+04  3.05585026741028e+00  2.96420097351074e+00  3.04132819175720e+00  2.76261925697327e+00
  5.49079710291239e+04  3.05590534210205e+00  2.96317362785339e+00  3.04258394241333e+00  2.76704907417297e+00
  5.49116992910220e+04  3.05992150306702e+00  2.96941351890564e+00  3.04366326332092e+00  2.77268576622009e+00
  5.49154275529062e+04  3.05646610260010e+00  2.96795701980591e+00  3.04834556579590e+00  2.76891851425171e+00
  5.49191558144871e+04  3.05946874618530e+00  2.96854209899902e+00  3.04326224327087e+00  2.76629304885864e+00
  5.49228840761989e+04  3.05675053596497e+00  2.96877264976501e+00  3.04731440544128e+00  2.76956439018250e+00
  5.49266123377766e+04  3.05567669868469e+00  2.96717691421509e+00  3.04356527328491e+00  2.77213048934937e+00
  5.49303405993946e+04  3.05783176422119e+00  2.96760773658752e+00  3.05137300491333e+00  2.77350568771362e+00
  5.49340688605660e+04  3.05383133888245e+00  2.96418571472168e+00  3.04878687858582e+00  2.77424383163452e+00
  5.49377971215868e+04  3.05713796615601e+00  2.96589040756226e+00  3.04624605178833e+00  2.77209043502808e+00
  5.49415253826089e+04  3.05835700035095e+00  2.97086858749390e+00  3.05059862136841e+00  2.76954984664917e+00
  5.49452536434675e+04  3.05378913879395e+00  2.96496772766113e+00  3.05065464973450e+00  2.76903200149536e+00
  5.49489819041562e+04  3.06018424034119e+00  2.96901631355286e+00  3.04628181457520e+00  2.77005457878113e+00
  5.49527101646642e+04  3.05749320983887e+00  2.96719455718994e+00  3.03933048248291e+00  2.76560521125793e+00
  5.49564384250395e+04  3.06038832664490e+00  2.97161388397217e+00  3.05061316490173e+00  2.76786160469055e+00
  5.49601666854050e+04  3.06256723403931e+00  2.97121572494507e+00  3.05008459091187e+00  2.77152585983276e+00
  5.49638949456030e+04  3.05996370315552e+00  2.96925449371338e+00  3.04746627807617e+00  2.77030277252197e+00
  5.49676232056100e+04  3.06127810478210e+00  2.96775102615356e+00  3.05023550987244e+00  2.76969003677368e+00
  5.49713514656529e+04  3.05930113792419e+00  2.96961784362793e+00  3.04786062240601e+00  2.77279877662659e+00
  5.49750797252637e+04  3.06294846534729e+00  2.96984434127808e+00  3.04895162582397e+00  2.77029418945312e+00
  5.49788079849015e+04  3.06089949607849e+00  2.96991801261902e+00  3.04765343666077e+00  2.76991868019104e+00
  5.49825362446007e+04  3.06368875503540e+00  2.97110915184021e+00  3.04654049873352e+00  2.76932907104492e+00
  5.49862645040533e+04  3.06304955482483e+00  2.97212219238281e+00  3.04613494873047e+00  2.77078461647034e+00
  5.49899927637464e+04  3.06364011764526e+00  2.97199487686157e+00  3.04937672615051e+00  2.76965188980103e+00
  5.49937210228993e+04  3.06232237815857e+00  2.97132229804993e+00  3.04608583450317e+00  2.77068257331848e+00
  5.49974492823378e+04  3.06321525573730e+00  2.97073364257812e+00  3.05072855949402e+00  2.77364468574524e+00
  5.50011775413460e+04  3.06229734420776e+00  2.97132730484009e+00  3.04897856712341e+00  2.76874685287476e+00
  5.50049058005474e+04  3.06308364868164e+00  2.97185540199280e+00  3.05130171775818e+00  2.77258610725403e+00
  5.50086340597210e+04  3.06490850448608e+00  2.97254514694214e+00  3.04892945289612e+00  2.77137637138367e+00
  5.50123623188032e+04  3.06478452682495e+00  2.97125601768494e+00  3.04857420921326e+00  2.76804995536804e+00
  5.50160905778867e+04  3.05940437316895e+00  2.96779561042786e+00  3.05110931396484e+00  2.76996898651123e+00
  5.50198188369872e+04  3.06522870063782e+00  2.97049260139465e+00  3.05095887184143e+00  2.77256631851196e+00
  5.50235470963218e+04  3.06582546234131e+00  2.97365498542786e+00  3.05069327354431e+00  2.77224421501160e+00
  5.50285986111410e+04  1.51561963558197e+00  1.44728887081146e+00  1.25101792812347e+00  1.05473983287811e+00
  5.50290972229562e+04  3.06586050987244e+00  2.97538161277771e+00  3.05576920509338e+00  2.77008581161499e+00
  5.50328254822777e+04  3.06484603881836e+00  2.97134876251221e+00  3.05295491218567e+00  2.77411460876465e+00
  5.50365537413750e+04  3.06255245208740e+00  2.97676086425781e+00  3.05056452751160e+00  2.77229142189026e+00
  5.50402820006980e+04  3.06524395942688e+00  2.97418618202209e+00  3.05145382881165e+00  2.77424645423889e+00
  5.50440102602305e+04  3.06672358512878e+00  2.97443842887878e+00  3.05165958404541e+00  2.77179551124573e+00
  5.50477385197327e+04  3.06633424758911e+00  2.97958374023438e+00  3.05378866195679e+00  2.76886129379272e+00
  5.50514667792187e+04  3.06923270225525e+00  2.97152447700500e+00  3.04939079284668e+00  2.77086400985718e+00
  5.50551950389156e+04  3.06590247154236e+00  2.97221755981445e+00  3.05066418647766e+00  2.76901936531067e+00
  5.50589232988276e+04  3.06603384017944e+00  2.97510385513306e+00  3.05537438392639e+00  2.76921582221985e+00
  5.50626515587523e+04  3.06735396385193e+00  2.97622179985046e+00  3.04899263381958e+00  2.77508139610291e+00
  5.50663798176920e+04  3.06785798072815e+00  2.97649574279785e+00  3.05974078178406e+00  2.77463006973267e+00
  5.50701080766470e+04  3.07078027725220e+00  2.97545599937439e+00  3.05395078659058e+00  2.77229118347168e+00
  5.50738363355950e+04  3.07151055335999e+00  2.98153519630432e+00  3.05196237564087e+00  2.77295589447021e+00
  5.50775645948959e+04  3.06467294692993e+00  2.97478914260864e+00  3.04795432090759e+00  2.77524089813232e+00
  5.50812928540508e+04  3.06971263885498e+00  2.97451019287109e+00  3.04968333244324e+00  2.77207756042480e+00
  5.50850211138817e+04  3.06828308105469e+00  2.97746253013611e+00  3.05336475372314e+00  2.77621555328369e+00
  5.50887493735035e+04  3.06554841995239e+00  2.97168898582458e+00  3.05649638175964e+00  2.77275824546814e+00
  5.50924776337638e+04  3.06039619445801e+00  2.97713470458984e+00  3.04666399955750e+00  2.77431821823120e+00
  5.50962058933032e+04  3.06824493408203e+00  2.97786974906921e+00  3.05412793159485e+00  2.77343678474426e+00
  5.50999341528705e+04  3.06670761108398e+00  2.97723317146301e+00  3.05243229866028e+00  2.77375340461731e+00
  5.51036624126145e+04  3.06692481040955e+00  2.97719216346741e+00  3.05405378341675e+00  2.77191352844238e+00
  5.51073906731272e+04  3.07370257377625e+00  2.97536635398865e+00  3.05309128761292e+00  2.77714681625366e+00
  5.51111189331238e+04  3.07076525688171e+00  2.97660636901855e+00  3.05206131935120e+00  2.77549672126770e+00
  5.51148471931736e+04  3.07015204429626e+00  2.97970581054688e+00  3.05372762680054e+00  2.77509522438049e+00
  5.51185754533532e+04  3.06545996665955e+00  2.97554254531860e+00  3.05726051330566e+00  2.77791166305542e+00
  5.51223037136285e+04  3.07734704017639e+00  2.98374485969543e+00  3.05480718612671e+00  2.77504897117615e+00
  5.51260319739028e+04  3.07330608367920e+00  2.98156023025513e+00  3.05507016181946e+00  2.77791190147400e+00
  5.51297602341643e+04  3.07242083549500e+00  2.97873115539551e+00  3.06062793731689e+00  2.77851605415344e+00
  5.51334884955901e+04  3.06519937515259e+00  2.97714924812317e+00  3.05965375900269e+00  2.77774620056152e+00
  5.51372167579747e+04  3.06421947479248e+00  2.97336435317993e+00  3.05482792854309e+00  2.77727770805359e+00
  5.51409450204432e+04  3.06123542785645e+00  2.97173118591309e+00  3.05590510368347e+00  2.77869939804077e+00
  5.51446732828184e+04  3.06694293022156e+00  2.97493982315063e+00  3.05733299255371e+00  2.78043508529663e+00
  5.51484015456887e+04  3.06576728820801e+00  2.97643661499023e+00  3.06185007095337e+00  2.78012657165527e+00
  5.51521298083947e+04  3.06384754180908e+00  2.97496891021729e+00  3.06038713455200e+00  2.78247714042664e+00
  5.51558580714838e+04  3.06740117073059e+00  2.97551894187927e+00  3.05978322029114e+00  2.78091812133789e+00
  5.51595863342512e+04  3.06458806991577e+00  2.97385907173157e+00  3.05961084365845e+00  2.78208112716675e+00
  5.51633145972776e+04  3.06503701210022e+00  2.97306394577026e+00  3.05938744544983e+00  2.77790451049805e+00
  5.51670428604861e+04  3.06130814552307e+00  2.97240495681763e+00  3.05830335617065e+00  2.78201246261597e+00
  5.51707711238310e+04  3.06593918800354e+00  2.97156453132629e+00  3.05838203430176e+00  2.78050732612610e+00
  5.51744993868541e+04  3.06672406196594e+00  2.97577762603760e+00  3.05869626998901e+00  2.77931523323059e+00
  5.51782276498889e+04  3.06437969207764e+00  2.97371006011963e+00  3.06306982040405e+00  2.78150463104248e+00
  5.51819559130916e+04  3.06552338600159e+00  2.97290086746216e+00  3.05626821517944e+00  2.77836585044861e+00
  5.51856841759097e+04  3.06635761260986e+00  2.97585916519165e+00  3.05782318115234e+00  2.78272628784180e+00
  5.51894124385429e+04  3.06749200820923e+00  2.97702169418335e+00  3.06020927429199e+00  2.78132200241089e+00
  5.51931407018217e+04  3.06897401809692e+00  2.97581887245178e+00  3.06115102767944e+00  2.77853226661682e+00
  5.51968689648517e+04  3.06473994255066e+00  2.97504138946533e+00  3.06078171730042e+00  2.78075456619263e+00
  5.52005972278437e+04  3.06883120536804e+00  2.97859907150269e+00  3.06475496292114e+00  2.78406953811646e+00
  5.52043254902847e+04  3.06863355636597e+00  2.97839283943176e+00  3.05729985237122e+00  2.77798771858215e+00
  5.52080537529029e+04  3.06899905204773e+00  2.97346401214600e+00  3.06499242782593e+00  2.78488039970398e+00
  5.52117820162513e+04  3.06379580497742e+00  2.97527980804443e+00  3.06467485427856e+00  2.78543853759766e+00
  5.52165520841458e+04  1.51672029495239e+00  1.44655287265778e+00  1.25566184520721e+00  1.05943870544434e+00
  5.52173854169745e+04  3.06469464302063e+00  2.97070741653442e+00  3.06110239028931e+00  2.78382968902588e+00
  5.52211136802780e+04  3.06279826164246e+00  2.97380352020264e+00  3.05961132049561e+00  2.78142762184143e+00
  5.52248419443530e+04  3.06583189964294e+00  2.97507596015930e+00  3.05860137939453e+00  2.78062391281128e+00
  5.52285702079489e+04  3.06233191490173e+00  2.97202110290527e+00  3.06235671043396e+00  2.78404593467712e+00
  5.52322984714722e+04  3.06494212150574e+00  2.97077822685242e+00  3.06355023384094e+00  2.78613996505737e+00
  5.52360267350359e+04  3.06252932548523e+00  2.97543787956238e+00  3.06172537803650e+00  2.78403139114380e+00
  5.52397549987753e+04  3.06286764144897e+00  2.97591805458069e+00  3.06010246276855e+00  2.78413081169128e+00
  5.52434832622663e+04  3.06331133842468e+00  2.97268557548523e+00  3.06111121177673e+00  2.78256607055664e+00
  5.52472115257014e+04  3.06078004837036e+00  2.97192955017090e+00  3.06063961982727e+00  2.78548479080200e+00
  5.52509397893554e+04  3.06550049781799e+00  2.97873997688293e+00  3.06021070480347e+00  2.78298091888428e+00
  5.52546680526262e+04  3.06409764289856e+00  2.97280669212341e+00  3.05600237846375e+00  2.78246521949768e+00
  5.52583963156390e+04  3.06307816505432e+00  2.97254467010498e+00  3.06461834907532e+00  2.78496575355530e+00
  5.52621245789735e+04  3.06218338012695e+00  2.97480225563049e+00  3.06636977195740e+00  2.77973604202271e+00
  5.52658528421239e+04  3.06402277946472e+00  2.97507262229919e+00  3.06009125709534e+00  2.78311419487000e+00
  5.52695811051053e+04  3.06924438476562e+00  2.97622466087341e+00  3.06279969215393e+00  2.78208661079407e+00
  5.52733093683970e+04  3.06535458564758e+00  2.98008227348328e+00  3.06427860260010e+00  2.78784441947937e+00
  5.52770376311783e+04  3.06355285644531e+00  2.97649431228638e+00  3.06285667419434e+00  2.78720569610596e+00
  5.52807658942233e+04  3.06516385078430e+00  2.97858738899231e+00  3.06543350219727e+00  2.78717708587646e+00
  5.52844941567778e+04  3.06943845748901e+00  2.98274755477905e+00  3.06571054458618e+00  2.78921866416931e+00
  5.52882224194721e+04  3.06588864326477e+00  2.97894668579102e+00  3.06436657905579e+00  2.78534960746765e+00
  5.52919506822883e+04  3.07066655158997e+00  2.97125864028931e+00  3.06812262535095e+00  2.78710198402405e+00
  5.52956789449477e+04  3.06992721557617e+00  2.97761178016663e+00  3.06715893745422e+00  2.78696584701538e+00
  5.52994072082292e+04  3.07419848442078e+00  2.98114323616028e+00  3.06940269470215e+00  2.78289127349854e+00
  5.53031354689351e+04  3.07439112663269e+00  2.98214769363403e+00  3.07007884979248e+00  2.79033112525940e+00
  5.53068637307153e+04  3.06887054443359e+00  2.98492383956909e+00  3.06560373306274e+00  2.78363347053528e+00
  5.53105919921295e+04  3.07613587379456e+00  2.98539304733276e+00  3.06504154205322e+00  2.78680276870728e+00
  5.53143202539166e+04  3.07410216331482e+00  2.98122572898865e+00  3.06773138046265e+00  2.78780484199524e+00
  5.53180485151423e+04  3.07831597328186e+00  2.98421454429626e+00  3.06946611404419e+00  2.78985834121704e+00
  5.53217767755938e+04  3.07705259323120e+00  2.98828268051147e+00  3.06899857521057e+00  2.79037880897522e+00
  5.53255050355323e+04  3.07839250564575e+00  2.98906564712524e+00  3.06867432594299e+00  2.78697085380554e+00
  5.53296666673832e+04  1.52469909191132e+00  1.45417559146881e+00  1.25687801837921e+00  1.06254243850708e+00
  5.53303541667384e+04  3.07982039451599e+00  2.98677682876587e+00  3.07193636894226e+00  2.79113912582397e+00
  5.53340824270844e+04  3.08107709884644e+00  2.98692440986633e+00  3.06805205345154e+00  2.78892207145691e+00
  5.53378106864109e+04  3.08330225944519e+00  2.98902559280396e+00  3.06663250923157e+00  2.78803420066833e+00
  5.53415389454630e+04  3.08071470260620e+00  2.98959326744080e+00  3.06708860397339e+00  2.78831887245178e+00
  5.53452672048843e+04  3.08489418029785e+00  2.99316120147705e+00  3.06944298744202e+00  2.78881239891052e+00
  5.53490416671389e+04  1.52753841876984e+00  1.45911598205566e+00  1.25868487358093e+00  1.06025671958923e+00
  5.53505625001794e+04  3.08213591575623e+00  2.99347639083862e+00  3.07034182548523e+00  2.78791379928589e+00
  5.53543750006228e+04  1.52840077877045e+00  1.45903539657593e+00  1.25837743282318e+00  1.06086111068726e+00
  5.53557500005092e+04  3.08784532546997e+00  2.99300551414490e+00  3.06891107559204e+00  2.79217529296875e+00
  5.53594782584873e+04  3.08965849876404e+00  2.99283432960510e+00  3.07195210456848e+00  2.78713178634644e+00
  5.53632065162419e+04  3.08662295341492e+00  2.99610757827759e+00  3.07419371604919e+00  2.79012537002563e+00
  5.53669347743219e+04  3.08715438842773e+00  2.99077463150024e+00  3.07271695137024e+00  2.78985285758972e+00
  5.53706630308182e+04  3.09014892578125e+00  2.99708724021912e+00  3.07301855087280e+00  2.78932833671570e+00
  5.53743912874547e+04  3.09273290634155e+00  2.99729704856873e+00  3.07450747489929e+00  2.79202628135681e+00
  5.53781195438597e+04  3.09050512313843e+00  2.99717378616333e+00  3.07223987579346e+00  2.78943109512329e+00
  5.53818478005637e+04  3.09277248382568e+00  2.99464154243469e+00  3.07082200050354e+00  2.78995370864868e+00
  5.53855760570277e+04  3.09094357490540e+00  2.99511098861694e+00  3.07368540763855e+00  2.79159617424011e+00
  5.53893043136504e+04  3.08729243278503e+00  2.99609255790710e+00  3.07258367538452e+00  2.79172325134277e+00
  5.53930325701100e+04  3.09191393852234e+00  2.99466347694397e+00  3.07498693466187e+00  2.79158377647400e+00
  5.53967608272834e+04  3.09030699729919e+00  2.99664497375488e+00  3.07203531265259e+00  2.79146432876587e+00
  5.54004890837303e+04  3.09058880805969e+00  2.99648928642273e+00  3.07890391349792e+00  2.79274845123291e+00
  5.54042173407055e+04  3.09341239929199e+00  2.99691700935364e+00  3.07235145568848e+00  2.79006767272949e+00
  5.54116738545463e+04  3.09481096267700e+00  3.00061225891113e+00  3.07140302658081e+00  2.77904677391052e+00
