  5.21309998712442e+04  4.45702130810292e-01  4.88712649225846e-01  5.35145554371973e-01  5.35210079358075e-01
  5.21347281046878e+04  4.45727927285733e-01  4.88846279083760e-01  5.35094010320180e-01  5.35377046297553e-01
  5.21384563382441e+04  4.45660949387427e-01  4.88912955148329e-01  5.35026411777598e-01  5.35419091309411e-01
  5.21421845719525e+04  4.45430354538575e-01  4.88951758787516e-01  5.34830311782283e-01  5.35341584652832e-01
  5.21459128054655e+04  4.45209917118621e-01  4.88976751134069e-01  5.34445892647481e-01  5.35305254918230e-01
  5.21496410384886e+04  4.44908100213747e-01  4.88953897383481e-01  5.34165839162214e-01  5.35346103457202e-01
  5.21533692710499e+04  4.44636727556219e-01  4.88552946971145e-01  5.33787390727199e-01  5.35376845408421e-01
  5.21570975034480e+04  4.44404303892959e-01  4.88322803877090e-01  5.33497060362713e-01  5.35224473872360e-01
  5.21608257388101e+04  4.44224983538864e-01  4.88162718023841e-01  5.33196314676122e-01  5.34836987423475e-01
  5.21666250005311e+04  4.44121738125105e-01  4.88236900950746e-01  5.32956380127814e-01  5.34322344044986e-01
  5.21673750004977e+04  4.44106713740066e-01  4.88181104168659e-01  5.32522975369951e-01  5.33979094168789e-01
  5.21711032361123e+04  4.44225518301158e-01  4.88252185080109e-01  5.32118101126461e-01  5.33740860215104e-01
  5.21748314705902e+04  4.44328850051540e-01  4.88422180777854e-01  5.31791032521716e-01  5.33473295179416e-01
  5.21785597052801e+04  4.44283007979699e-01  4.88281182992114e-01  5.31347914832541e-01  5.33173481707533e-01
  5.21822879417800e+04  4.44130475930091e-01  4.88147129089421e-01  5.31028121945498e-01  5.32903248709739e-01
  5.21860161770762e+04  4.43950862283084e-01  4.88031656508792e-01  5.30751859732793e-01  5.32657984239642e-01
  5.21897444126146e+04  4.43750385534341e-01  4.87939137519416e-01  5.30389292280724e-01  5.32312919668582e-01
  5.21934726508287e+04  4.43578821153144e-01  4.87771699874166e-01  5.29984858638392e-01  5.31837321434203e-01
  5.21972008871654e+04  4.43409262443530e-01  4.87569725425339e-01  5.29717324653916e-01  5.31295865714394e-01
  5.22009291248667e+04  4.43163788875895e-01  4.87331100071685e-01  5.29530969841639e-01  5.30764277639428e-01
  5.22046573620418e+04  4.42873216134832e-01  4.87192171710942e-01  5.29390271600591e-01  5.30269452740584e-01
  5.22083856009492e+04  4.42596673655971e-01  4.87044611914942e-01  5.29185813611963e-01  5.29755691005653e-01
  5.22121138397650e+04  4.42420500593737e-01  4.86869025917834e-01  5.28884581247985e-01  5.29272181395168e-01
  5.22186875000291e+04  4.42271244489992e-01  4.86810938368724e-01  5.28599382865194e-01  5.28894172298661e-01
  5.22200000003866e+04  4.42113270447043e-01  4.86562272027721e-01  5.28252091021262e-01  5.28549873684445e-01
  5.22237282384665e+04  4.41956944648044e-01  4.86139055551951e-01  5.27815412793256e-01  5.28194450174004e-01
  5.22274564790914e+04  4.41796810814531e-01  4.85861824710680e-01  5.27504824422462e-01  5.27816649635301e-01
  5.22311847183681e+04  4.41654696531535e-01  4.85628538791674e-01  5.27283003261894e-01  5.27433704036132e-01
  5.22349129592338e+04  4.41470327647176e-01  4.85497695998053e-01  5.27227593080299e-01  5.27114698632681e-01
  5.22386411994585e+04  4.41352329862611e-01  4.85156522909514e-01  5.27092356575408e-01  5.26863254556841e-01
  5.22423694396595e+04  4.41297658802080e-01  4.84987053686144e-01  5.27016853218828e-01  5.26642236312101e-01
  5.22460976815904e+04  4.41331277286817e-01  4.84898774948765e-01  5.26900225890124e-01  5.26509035987328e-01
  5.22498259227721e+04  4.41362701544594e-01  4.84942275824074e-01  5.26762282423961e-01  5.26371266946535e-01
  5.22535541654237e+04  4.41286015831374e-01  4.84966688736789e-01  5.26580930292604e-01  5.26191116677337e-01
  5.22572824069863e+04  4.41332537339239e-01  4.84938991830411e-01  5.26367164490888e-01  5.26063453230761e-01
  5.22610106485685e+04  4.41368575421844e-01  4.84907784323172e-01  5.26211381364247e-01  5.25997239705510e-01
  5.22647388921238e+04  4.41384589992728e-01  4.84913751617458e-01  5.26072436391413e-01  5.25939311676492e-01
  5.22684671344480e+04  4.41461854194392e-01  4.84840853965670e-01  5.25930798860103e-01  5.25845057476405e-01
  5.22721953767513e+04  4.41597047226292e-01  4.84639052146549e-01  5.25944770031132e-01  5.25685757719864e-01
  5.22759236210716e+04  4.41762878373072e-01  4.84560673276207e-01  5.26001507889494e-01  5.25545441011553e-01
  5.22796518640708e+04  4.41957314347231e-01  4.84603529376787e-01  5.26094263401474e-01  5.25468737272419e-01
  5.22833801074191e+04  4.42209003578567e-01  4.84776393336646e-01  5.26147184156084e-01  5.25368796910954e-01
  5.22906250006377e+04  4.42513749968929e-01  4.85172321594756e-01  5.26197968669796e-01  5.25355024287499e-01
  5.22909791668705e+04  4.42751111537463e-01  4.85345608052651e-01  5.26155639989675e-01  5.25422667959420e-01
  5.22947074099965e+04  4.42924949122859e-01  4.85709701167696e-01  5.26201765420932e-01  5.25677107637705e-01
  5.22984356532778e+04  4.43134229955636e-01  4.86186840379153e-01  5.26303093970396e-01  5.25894244594992e-01
  5.23021638964097e+04  4.43348457682934e-01  4.86717482008053e-01  5.26476877008333e-01  5.26070025638560e-01
  5.23058921412292e+04  4.43536136543102e-01  4.87266807592966e-01  5.26671416702435e-01  5.26339232292109e-01
  5.23096203838263e+04  4.43774010074892e-01  4.87827161419527e-01  5.26830593306800e-01  5.26545946995075e-01
  5.23133486272152e+04  4.44127418984866e-01  4.88426836579737e-01  5.27035971971398e-01  5.26698602561211e-01
  5.23170768706330e+04  4.44546078079500e-01  4.88943824342570e-01  5.27194306797858e-01  5.26813827336206e-01
  5.23208051139422e+04  4.44993820356676e-01  4.89429791155267e-01  5.27265008109704e-01  5.26960911084103e-01
  5.23245333573670e+04  4.45417760215893e-01  4.89910380918447e-01  5.27372312496496e-01  5.27038384242152e-01
  5.23310833333993e+04  4.45858618774660e-01  4.90554225020388e-01  5.27546077181467e-01  5.27151064393842e-01
  5.23314319452801e+04  4.46251346894018e-01  4.91045551757318e-01  5.27693397450651e-01  5.27373345638309e-01
  5.23351601865557e+04  4.46668673791909e-01  4.91393843362130e-01  5.27829671846460e-01  5.27648033287812e-01
  5.23388884279237e+04  4.47112546979591e-01  4.91811985440528e-01  5.27859034246571e-01  5.27919398499115e-01
  5.23426166692837e+04  4.47565447796432e-01  4.92156317439500e-01  5.27816889559351e-01  5.28152413972460e-01
  5.23463454437963e+04  4.48052140629706e-01  4.92489834585571e-01  5.27748991137685e-01  5.28452946763794e-01
  5.23500736851830e+04  4.48564578814871e-01  4.92923903654601e-01  5.27760151009095e-01  5.28695230788225e-01
  5.23538019251796e+04  4.48978486118965e-01  4.93319485455528e-01  5.27847043763911e-01  5.28738794360346e-01
  5.23575301658831e+04  4.49293938093818e-01  4.93790459800348e-01  5.27948278583064e-01  5.28713929494333e-01
  5.23612584067327e+04  4.49619402583148e-01  4.94220732794416e-01  5.28065859159702e-01  5.28770384115630e-01
  5.23649866475621e+04  4.49923510725819e-01  4.94446995323092e-01  5.28187926581497e-01  5.28837414016592e-01
  5.23687148867256e+04  4.50119585420308e-01  4.94611002227362e-01  5.28269234336384e-01  5.28881179005449e-01
  5.23724431268555e+04  4.50294324753871e-01  4.94760370021214e-01  5.28369577738187e-01  5.28862879512779e-01
  5.23761713670463e+04  4.50639807174086e-01  4.95008163519287e-01  5.28580533892550e-01  5.28852816204352e-01
  5.23798996071354e+04  4.50950012921511e-01  4.95408611332879e-01  5.28752236878744e-01  5.28837406030345e-01
  5.23836278454978e+04  4.51186795586957e-01  4.95850374157453e-01  5.28849269890644e-01  5.28937614906620e-01
  5.23873560850139e+04  4.51383256487299e-01  4.96273908771512e-01  5.28935751833437e-01  5.29050302535063e-01
  5.23910843245219e+04  4.51565826417680e-01  4.96537466660382e-01  5.29009083356725e-01  5.29194074569879e-01
  5.23948125638634e+04  4.51776888926960e-01  4.96784965597365e-01  5.29072673398374e-01  5.29309362231060e-01
  5.23985408019004e+04  4.52035984295552e-01  4.97103534882622e-01  5.29101564668620e-01  5.29366131130288e-01
  5.24025833334432e+04  4.52247764044204e-01  4.97519699163427e-01  5.29168897070617e-01  5.29367038475366e-01
  5.24030000000625e+04  4.52533342809719e-01  4.97610420594052e-01  5.29160733715021e-01  5.29362513436077e-01
  5.24067282394317e+04  4.52874031101052e-01  4.97877672545379e-01  5.29318216925638e-01  5.29411532713771e-01
  5.24104564765857e+04  4.53079849177390e-01  4.98168107065130e-01  5.29486213929112e-01  5.29554043956177e-01
  5.24141847149456e+04  4.53268486223713e-01  4.98324758557002e-01  5.29604136116286e-01  5.29705976294132e-01
  5.24179129531945e+04  4.53482545236900e-01  4.98545878024294e-01  5.29686079362900e-01  5.29814093525539e-01
  5.24216411914606e+04  4.53639851727463e-01  4.98774749683813e-01  5.29706144332470e-01  5.29930381245193e-01
  5.24253694287349e+04  4.53765674509505e-01  4.99032700906217e-01  5.29748504828583e-01  5.30163096639706e-01
  5.24290976669918e+04  4.53988569665173e-01  4.99299754218306e-01  5.29821260234593e-01  5.30405684666761e-01
  5.24328259041668e+04  4.54194333554797e-01  4.99559349266703e-01  5.29932191564013e-01  5.30592531514875e-01
  5.24365541420325e+04  4.54406682661752e-01  4.99725486385912e-01  5.29998585780956e-01  5.30801131214521e-01
  5.24402823800278e+04  4.54607112535707e-01  4.99856531418176e-01  5.30027061461752e-01  5.30946939099834e-01
  5.24440106186989e+04  4.54732927871945e-01  4.99968557030114e-01  5.30084976322206e-01  5.30960553036111e-01
  5.24477388564212e+04  4.54791889262903e-01  5.00120500657122e-01  5.30169608394859e-01  5.30978491227402e-01
  5.24514670942081e+04  4.54844595130473e-01  5.00356569309849e-01  5.30232592554047e-01  5.30933024262402e-01
  5.24551953321051e+04  4.54853393634896e-01  5.00613354265942e-01  5.30338124047512e-01  5.30869266383004e-01
  5.24589235701482e+04  4.54865075478841e-01  5.00840500824583e-01  5.30424351813534e-01  5.30879656064538e-01
  5.24626518080290e+04  4.54906087408932e-01  5.00989786450509e-01  5.30445894714569e-01  5.30836512143329e-01
  5.24663800463357e+04  4.54958072820268e-01  5.01149284764072e-01  5.30422493681891e-01  5.30763203537592e-01
  5.24701082845033e+04  4.55017972037073e-01  5.01304403576996e-01  5.30480788233902e-01  5.30730641796952e-01
  5.24738365227226e+04  4.55153266776749e-01  5.01397228769177e-01  5.30587878207523e-01  5.30727311299840e-01
  5.24775647610486e+04  4.55233492637641e-01  5.01453977163720e-01  5.30699154015062e-01  5.30732520942172e-01
  5.24812929993751e+04  4.55197350696626e-01  5.01467476089822e-01  5.30755414444901e-01  5.30823639713578e-01
  5.24856222230941e+04  4.55177708554403e-01  5.01584180319867e-01  5.30803744864729e-01  5.30968928649490e-01
  5.24860416675244e+04  4.55194920852831e-01  5.01372454159937e-01  5.30641982076653e-01  5.31166986577577e-01
  5.24897699064444e+04  4.55220366201121e-01  5.01219154153205e-01  5.30448404126060e-01  5.31311220301834e-01
  5.24934981452383e+04  4.55263189018824e-01  5.01034507054089e-01  5.30277279265903e-01  5.31311271730388e-01
  5.24972263845592e+04  4.55309704357877e-01  5.00892149355439e-01  5.30190280873422e-01  5.31319912170735e-01
  5.25009546240938e+04  4.55361855725159e-01  5.00800446806326e-01  5.30225532887775e-01  5.31379529255198e-01
  5.25046828637420e+04  4.55376323561853e-01  5.00749684576887e-01  5.30306070471048e-01  5.31383920318418e-01
  5.25084111030511e+04  4.55278123877972e-01  5.00629633983056e-01  5.30281786158371e-01  5.31328502326891e-01
  5.25121393429733e+04  4.55099931536881e-01  5.00417610835665e-01  5.30318710457607e-01  5.31160379310691e-01
  5.25158675834341e+04  4.55001506560661e-01  5.00155391035527e-01  5.30430115172284e-01  5.31065585185290e-01
  5.25195958241482e+04  4.54924962278006e-01  4.99828051481574e-01  5.30452800570602e-01  5.31034768177690e-01
  5.25233240649617e+04  4.54856931215561e-01  4.99486115649432e-01  5.30376164739709e-01  5.31007257976725e-01
  5.25270523062860e+04  4.54863657696240e-01  4.99216528882973e-01  5.30305244429251e-01  5.31023719346822e-01
  5.25307805478415e+04  4.54830791930377e-01  4.99031077747882e-01  5.30331448257048e-01  5.31075720231304e-01
  5.25345087894956e+04  4.54855422499154e-01  4.98917168072153e-01  5.30355411465466e-01  5.31220796366512e-01
  5.25382370321655e+04  4.54906481417148e-01  4.98959610218164e-01  5.30334521438798e-01  5.31417363666879e-01
  5.25419652742176e+04  4.54908860892451e-01  4.99128299296309e-01  5.30228009568414e-01  5.31571170904711e-01
  5.25456935170960e+04  4.54782308820066e-01  4.99245305647902e-01  5.30136452661602e-01  5.31746316228283e-01
  5.25494217600163e+04  4.54686141410054e-01  4.99258497076747e-01  5.30087749925361e-01  5.31880719719331e-01
  5.25531500037061e+04  4.54614803410283e-01  4.99255206066327e-01  5.30116552530815e-01  5.31970123685231e-01
  5.25568782474317e+04  4.54556772038294e-01  4.99244561084237e-01  5.30207492283246e-01  5.31962157335776e-01
  5.25606064916724e+04  4.54532660818572e-01  4.99217391190875e-01  5.30277582570482e-01  5.31831989201400e-01
  5.25643347360701e+04  4.54412123224219e-01  4.99142853726610e-01  5.30404490047013e-01  5.31708231371253e-01
  5.25680629809515e+04  4.54267579733991e-01  4.99071687902979e-01  5.30488323625504e-01  5.31676165363998e-01
  5.25717912263321e+04  4.54059859178085e-01  4.99017139706766e-01  5.30487151100022e-01  5.31630071746219e-01
  5.25755194716573e+04  4.53775129781051e-01  4.98956368517695e-01  5.30497534090054e-01  5.31580911931169e-01
  5.25792477174966e+04  4.53488880020851e-01  4.98899854117840e-01  5.30532016124758e-01  5.31510186368832e-01
  5.25837534723345e+04  4.53272106663708e-01  4.99006723920115e-01  5.30563983629635e-01  5.31353988278857e-01
  5.25841701397489e+04  4.53042496155205e-01  4.98913141612591e-01  5.30495365625868e-01  5.31223902414532e-01
  5.25878983861064e+04  4.52789376864959e-01  4.98525859664801e-01  5.30413947372134e-01  5.31062103969931e-01
  5.25916266333611e+04  4.52490493840945e-01  4.98175251170215e-01  5.30512942685068e-01  5.30875967318368e-01
  5.25953548807548e+04  4.52129745604351e-01  4.97833295785523e-01  5.30707303987072e-01  5.30755429964923e-01
  5.25990831280567e+04  4.51811682778979e-01  4.97538850273863e-01  5.30822218872351e-01  5.30680799781254e-01
  5.26028113759826e+04  4.51633030760118e-01  4.97266084326400e-01  5.30828475923588e-01  5.30542095587918e-01
  5.26065396240590e+04  4.51485740553292e-01  4.97026430739110e-01  5.30733306610199e-01  5.30532215555592e-01
  5.26102678727603e+04  4.51407237839035e-01  4.96871419701715e-01  5.30580808945284e-01  5.30606130025181e-01
  5.26139961216850e+04  4.51411896009592e-01  4.96858820284142e-01  5.30425476794265e-01  5.30637513179397e-01
  5.26177243702362e+04  4.51535362868436e-01  4.96955035422767e-01  5.30374949152968e-01  5.30600560518814e-01
  5.26214526189282e+04  4.51671381043484e-01  4.97134636594453e-01  5.30346650788245e-01  5.30622253012927e-01
  5.26251808682280e+04  4.51754245830309e-01  4.97286429157194e-01  5.30352236202355e-01  5.30647055876428e-01
  5.26289091173854e+04  4.51903475152578e-01  4.97364768534439e-01  5.30419139464886e-01  5.30746754262958e-01
  5.26326373670115e+04  4.52070363118645e-01  4.97401869261566e-01  5.30548741959153e-01  5.30915122333334e-01
  5.26363656168773e+04  4.52194572580117e-01  4.97441389689715e-01  5.30628895952630e-01  5.30976004233730e-01
  5.26400938668259e+04  4.52234730770162e-01  4.97477731507174e-01  5.30709474049087e-01  5.30959445551936e-01
  5.26438221163124e+04  4.52170256253950e-01  4.97460925758739e-01  5.30811684510062e-01  5.30986635483920e-01
  5.26475503659920e+04  4.52068955016309e-01  4.97391952169172e-01  5.30937416909166e-01  5.31062792448996e-01
  5.26512786158798e+04  4.51952549978377e-01  4.97378548687337e-01  5.31087890062009e-01  5.31196379056402e-01
  5.26550068659445e+04  4.51961167561325e-01  4.97432971516488e-01  5.31282764097349e-01  5.31365879540487e-01
  5.26587351156539e+04  4.52147463880374e-01  4.97588717550544e-01  5.31487940859646e-01  5.31616066915991e-01
  5.26624633655925e+04  4.52441299216525e-01  4.97751719971448e-01  5.31593382666728e-01  5.31923910314933e-01
  5.26661916156413e+04  4.52831214953806e-01  4.97931487246898e-01  5.31658373770526e-01  5.32292588523245e-01
  5.26699198654307e+04  4.53279839090153e-01  4.98074469175602e-01  5.31792541901734e-01  5.32496969216191e-01
  5.26736481151680e+04  4.53645751894632e-01  4.98294462007544e-01  5.31962892055883e-01  5.32509347373247e-01
  5.26773763648982e+04  4.53969518602301e-01  4.98591148359217e-01  5.32088781481920e-01  5.32458297802941e-01
  5.26811046147626e+04  4.54284821111914e-01  4.98947290683692e-01  5.32209047528990e-01  5.32394455491301e-01
  5.26848328644617e+04  4.54521984479214e-01  4.99360842543850e-01  5.32382325928528e-01  5.32346042876907e-01
  5.26885611139423e+04  4.54763415722693e-01  4.99749789709322e-01  5.32583374061094e-01  5.32364395509306e-01
  5.26922893634259e+04  4.55035798660510e-01  5.00098937655924e-01  5.32845030802327e-01  5.32342591599145e-01
  5.26960176121805e+04  4.55342882339107e-01  5.00427207615020e-01  5.33096550133156e-01  5.32398319484012e-01
  5.26997458612754e+04  4.55650797031435e-01  5.00671970813065e-01  5.33230156757025e-01  5.32502766573588e-01
  5.27034741103102e+04  4.55909776871336e-01  5.00883837003660e-01  5.33343836064079e-01  5.32473595939922e-01
  5.27105243062604e+04  4.56206717063264e-01  5.01284829190616e-01  5.33551321590318e-01  5.32480202525376e-01
  5.27109687506251e+04  4.56494240246898e-01  5.01430268374405e-01  5.33667730206828e-01  5.32536072658607e-01
  5.27146969988937e+04  4.56722438025828e-01  5.01628236501569e-01  5.33804802624326e-01  5.32560366592621e-01
  5.27184252469372e+04  4.56938899668330e-01  5.01737653730489e-01  5.33840069684347e-01  5.32699606295095e-01
  5.27221534948681e+04  4.57213503007062e-01  5.01897609294055e-01  5.33766562811047e-01  5.32980577772500e-01
  5.27258817421399e+04  4.57486349258952e-01  5.02120926143515e-01  5.33715177242831e-01  5.33196840764797e-01
  5.27296099896597e+04  4.57735141640338e-01  5.02364086753110e-01  5.33688613645705e-01  5.33410080410235e-01
  5.27333382370183e+04  4.57936949647784e-01  5.02653700437795e-01  5.33685534054856e-01  5.33651723529966e-01
  5.27370664842964e+04  4.58167932172912e-01  5.02922710301536e-01  5.33673080288070e-01  5.33934104867305e-01
  5.27407947308785e+04  4.58402474955102e-01  5.03148236263529e-01  5.33628744565725e-01  5.34331670300782e-01
  5.27445229778971e+04  4.58576342559754e-01  5.03413075866674e-01  5.33648596642699e-01  5.34788286696681e-01
  5.27482512241632e+04  4.58750245947075e-01  5.03737846803056e-01  5.33776884841399e-01  5.35096751083550e-01
  5.27519794701100e+04  4.58988191274283e-01  5.04043871127426e-01  5.33979818020834e-01  5.35199367915837e-01
  5.27557077160625e+04  4.59213624109217e-01  5.04418257723002e-01  5.34272753705410e-01  5.35211562273253e-01
  5.27594359619791e+04  4.59406551298837e-01  5.04818444343897e-01  5.34556141432298e-01  5.35186341536639e-01
  5.27631642074339e+04  4.59587015033413e-01  5.05209502192049e-01  5.34828478830696e-01  5.35208259945992e-01
  5.27668924532698e+04  4.59750546280657e-01  5.05632640025128e-01  5.35081428092212e-01  5.35366938419328e-01
  5.27706206984282e+04  4.59872754721720e-01  5.06027366410702e-01  5.35346030114432e-01  5.35674247371392e-01
  5.27743489435764e+04  4.60011058130055e-01  5.06289582083193e-01  5.35542765947283e-01  5.35951549463374e-01
  5.27780771884849e+04  4.60167510551877e-01  5.06460762926247e-01  5.35808863013920e-01  5.36139657781069e-01
  5.27842805563626e+04  4.60395589802504e-01  5.06781821504794e-01  5.36059200266363e-01  5.36272494298513e-01
  5.27844027786088e+04  4.60663425406484e-01  5.06947472419516e-01  5.36201920431125e-01  5.36379511147969e-01
  5.27881310232478e+04  4.60973252883487e-01  5.07278186354735e-01  5.36473370637017e-01  5.36403349762267e-01
  5.27918592680822e+04  4.61228240055856e-01  5.07495491107067e-01  5.36714107387622e-01  5.36408298601404e-01
  5.27955875126842e+04  4.61466148645935e-01  5.07615166949819e-01  5.36840785076960e-01  5.36488517333857e-01
  5.27993157572732e+04  4.61702815519121e-01  5.07686109829923e-01  5.36827364839491e-01  5.36672437360977e-01
  5.28030440014165e+04  4.61909135230302e-01  5.07743488591027e-01  5.36835572766756e-01  5.36813254135675e-01
  5.28067722459874e+04  4.62127934690789e-01  5.07778597563951e-01  5.36927476627363e-01  5.37027722975377e-01
  5.28105004902533e+04  4.62376009156848e-01  5.07839334805661e-01  5.37053580248463e-01  5.37232830783587e-01
  5.28142287348231e+04  4.62575376077393e-01  5.07948781040989e-01  5.37067375256776e-01  5.37237035387984e-01
  5.28179569794535e+04  4.62709360518258e-01  5.07989077610038e-01  5.37061830235621e-01  5.37149808381542e-01
  5.28216852238264e+04  4.62796201268135e-01  5.08044807344688e-01  5.37101467134451e-01  5.37048469203143e-01
  5.28254134681968e+04  4.62879497119509e-01  5.08150528788867e-01  5.37148149813350e-01  5.36931983409498e-01
  5.28291417126077e+04  4.62850962473510e-01  5.08277201776371e-01  5.37161423043770e-01  5.36827534714921e-01
  5.28328699572778e+04  4.62850866744395e-01  5.08288755083732e-01  5.37162359559949e-01  5.36772679056868e-01
  5.28365982017326e+04  4.62917733039083e-01  5.08189815145813e-01  5.37264835043778e-01  5.36707772362432e-01
  5.28403264464155e+04  4.62967952945084e-01  5.08068779328748e-01  5.37320947039910e-01  5.36694122315704e-01
  5.28440546913483e+04  4.62994538267979e-01  5.08024852545696e-01  5.37286404762875e-01  5.36712831368144e-01
  5.28477829362940e+04  4.62958724713120e-01  5.07998778568186e-01  5.37211483483374e-01  5.36743699965545e-01
  5.28515111814664e+04  4.62979223857557e-01  5.08012008558125e-01  5.37185120137236e-01  5.36698105684388e-01
  5.28552394266678e+04  4.62970973172030e-01  5.08011081357222e-01  5.37195941532724e-01  5.36674554948523e-01
  5.28616458338831e+04  4.62889359647489e-01  5.08031351330867e-01  5.37320823053094e-01  5.36708450140780e-01
  5.28640500002661e+04  4.62798283579257e-01  5.07910012261545e-01  5.37309689056190e-01  5.36832915125635e-01
  5.28677782463252e+04  4.62669453275517e-01  5.07631914775730e-01  5.37205385356729e-01  5.36881656295450e-01
  5.28715064921828e+04  4.62493818373205e-01  5.07531042535699e-01  5.37268277309134e-01  5.36897525853222e-01
  5.28752347380728e+04  4.62309989095082e-01  5.07439293303689e-01  5.37200070980190e-01  5.36912695190088e-01
  5.28789629845798e+04  4.62139810112729e-01  5.07400983820460e-01  5.37141507565769e-01  5.36964055962891e-01
  5.28826912314675e+04  4.62025126826882e-01  5.07343727428189e-01  5.37166575848670e-01  5.36913810587772e-01
  5.28864194783946e+04  4.61954334193376e-01  5.07272392804182e-01  5.37209769640767e-01  5.36871007876909e-01
  5.28901477258496e+04  4.61918293127674e-01  5.07124287062936e-01  5.37127103313779e-01  5.36822232962602e-01
  5.28938759731133e+04  4.61940686216619e-01  5.06949830394115e-01  5.37071936959097e-01  5.36827431752640e-01
  5.28976042206586e+04  4.61950813253214e-01  5.06815053383297e-01  5.37069766351675e-01  5.36791238673373e-01
  5.29013324691480e+04  4.61879196816520e-01  5.06719898766298e-01  5.37019755734762e-01  5.36778715396349e-01
  5.29050607172223e+04  4.61729684722439e-01  5.06643942098858e-01  5.37095070161295e-01  5.36810402101904e-01
  5.29087889662813e+04  4.61587704892557e-01  5.06616669565793e-01  5.37181214204455e-01  5.36821445313118e-01
  5.29125172149849e+04  4.61421243154616e-01  5.06522426429526e-01  5.37271710775673e-01  5.36896005642194e-01
  5.29162454641355e+04  4.61165768947348e-01  5.06447971965233e-01  5.37333008265528e-01  5.36977915556102e-01
  5.29199737135832e+04  4.60916219524346e-01  5.06385984814858e-01  5.37386409434521e-01  5.36936957726300e-01
  5.29237019635197e+04  4.60746968775735e-01  5.06231748656576e-01  5.37491053258066e-01  5.36877251281582e-01
  5.29274302138241e+04  4.60640363375279e-01  5.06110378685932e-01  5.37613436265935e-01  5.36950061594564e-01
  5.29311584640753e+04  4.60491608102314e-01  5.06021865549113e-01  5.37702066824185e-01  5.37110278211535e-01
  5.29348867147976e+04  4.60285432855648e-01  5.05897782791834e-01  5.37773102134633e-01  5.37234158662625e-01
  5.29409479171836e+04  4.60053716607260e-01  5.05807239503698e-01  5.37882098361449e-01  5.37343203159127e-01
  5.29411805560647e+04  4.59905521618678e-01  5.05551511516689e-01  5.37940222337734e-01  5.37357853357565e-01
  5.29449088066563e+04  4.59807757827801e-01  5.05268844648828e-01  5.37894664522901e-01  5.37301145741190e-01
  5.29486370585787e+04  4.59674795240715e-01  5.05178732252134e-01  5.37956222419387e-01  5.37199684119156e-01
  5.29555659730705e+04  4.59552900597674e-01  5.05248698197273e-01  5.38024195004758e-01  5.37105493044623e-01
  5.29560000001954e+04  4.59399601007542e-01  5.05057784340139e-01  5.37957187503569e-01  5.37016160689400e-01
  5.29597282524491e+04  4.59176905605971e-01  5.05004339476296e-01  5.37975186340523e-01  5.36996396024682e-01
  5.29634565048934e+04  4.58982475416755e-01  5.04959240583387e-01  5.37949223876377e-01  5.37012109767469e-01
  5.29671847584781e+04  4.58863792574420e-01  5.04857534381986e-01  5.37892565889785e-01  5.37043707179088e-01
  5.29709130114583e+04  4.58778640335746e-01  5.04757499590647e-01  5.37852178402489e-01  5.37066692115934e-01
  5.29746412646610e+04  4.58636453843635e-01  5.04749013952890e-01  5.37858998956963e-01  5.37135148639987e-01
  5.29783695185116e+04  4.58504367254914e-01  5.04781362834556e-01  5.37736883264880e-01  5.37181101223419e-01
  5.29820977723612e+04  4.58409608038555e-01  5.04758588452887e-01  5.37590881667637e-01  5.37176035836726e-01
  5.29858260261875e+04  4.58385916311603e-01  5.04690121696099e-01  5.37443409963379e-01  5.37222231569877e-01
  5.29895542800278e+04  4.58409071360209e-01  5.04550570860372e-01  5.37280846650104e-01  5.37363013910479e-01
  5.29932825340949e+04  4.58420245585919e-01  5.04454970067416e-01  5.37129651933563e-01  5.37495059467834e-01
  5.29970107881642e+04  4.58350757396758e-01  5.04482034027508e-01  5.37011681808621e-01  5.37540631486363e-01
  5.30007390422385e+04  4.58357356602815e-01  5.04571882246601e-01  5.37001154256275e-01  5.37517790677467e-01
  5.30044672972860e+04  4.58428997447809e-01  5.04659095308445e-01  5.37028579313052e-01  5.37576132355989e-01
  5.30081955519584e+04  4.58526617271687e-01  5.04722444953310e-01  5.37095477320698e-01  5.37602605996036e-01
  5.30119238060950e+04  4.58634710227857e-01  5.04746789235657e-01  5.37255032719709e-01  5.37538689050683e-01
  5.30156520601888e+04  4.58788096923382e-01  5.04765188627191e-01  5.37409784258118e-01  5.37508969559106e-01
  5.30193803158125e+04  4.58941565954179e-01  5.04776102817241e-01  5.37584893636253e-01  5.37496691458808e-01
  5.30231085701992e+04  4.59014889897640e-01  5.04887541705676e-01  5.37731729018253e-01  5.37494964997799e-01
  5.30268368250626e+04  4.59073647353711e-01  5.05147054396450e-01  5.37814644908830e-01  5.37562543418107e-01
  5.30305650798239e+04  4.59139795474297e-01  5.05440756946640e-01  5.37848344940614e-01  5.37673760324589e-01
  5.30342933339490e+04  4.59209174251995e-01  5.05681404747447e-01  5.37884194422903e-01  5.37773000646816e-01
  5.30380215883969e+04  4.59330863719838e-01  5.05911501224082e-01  5.37975315962400e-01  5.37904832934018e-01
  5.30417498428670e+04  4.59462595903185e-01  5.06116735246845e-01  5.38043339407211e-01  5.38125101409153e-01
  5.30454780969527e+04  4.59613667799998e-01  5.06316895393566e-01  5.38130903390633e-01  5.38421044235676e-01
  5.30492063511874e+04  4.59809494587877e-01  5.06506562630536e-01  5.38316407267883e-01  5.38831571398908e-01
  5.30529346052096e+04  4.60049688605272e-01  5.06815588180602e-01  5.38510221456654e-01  5.39228622746376e-01
  5.30566628592582e+04  4.60298059760842e-01  5.07229759576639e-01  5.38578900932054e-01  5.39512551753367e-01
  5.30603911132177e+04  4.60574996722173e-01  5.07654045027010e-01  5.38570909988520e-01  5.39662652771180e-01
  5.30641193666887e+04  4.60888424153450e-01  5.07973318951224e-01  5.38637068101282e-01  5.39793670842284e-01
  5.30678476201424e+04  4.61196728210497e-01  5.08295505771875e-01  5.38726587500327e-01  5.39932934566515e-01
  5.30735833336862e+04  4.61584311098060e-01  5.08814372147617e-01  5.38892184664502e-01  5.40026861359405e-01
  5.30740416674825e+04  4.61967267856650e-01  5.09242407767850e-01  5.39006992818419e-01  5.40149033858753e-01
  5.30777699204342e+04  4.62238363677137e-01  5.09557244947012e-01  5.39059318595007e-01  5.40438248844784e-01
  5.30814981732038e+04  4.62436759252843e-01  5.09982897859354e-01  5.39253857493389e-01  5.40820328417540e-01
  5.30852264257881e+04  4.62699451785961e-01  5.10314447818507e-01  5.39390868747218e-01  5.41090454135945e-01
  5.30889546781944e+04  4.62965434753884e-01  5.10532698184231e-01  5.39336493789162e-01  5.41187955977459e-01
  5.30926829303149e+04  4.63301154795263e-01  5.10737472928912e-01  5.39271117585601e-01  5.41200678646313e-01
  5.30964111821632e+04  4.63604794834993e-01  5.11021208350450e-01  5.39245337434427e-01  5.41272157818319e-01
  5.31001394339606e+04  4.63908568517539e-01  5.11391269445419e-01  5.39297469874227e-01  5.41350733877450e-01
  5.31038676855476e+04  4.64262452800273e-01  5.11788278458609e-01  5.39489364963933e-01  5.41517195197693e-01
  5.31075959368911e+04  4.64626619665152e-01  5.12166067303821e-01  5.39761910268740e-01  5.41778341880679e-01
  5.31113241879792e+04  4.64981874677152e-01  5.12564278554794e-01  5.40057111667657e-01  5.42000614121746e-01
  5.31150524390521e+04  4.65300682127375e-01  5.12930065052683e-01  5.40391454185747e-01  5.42218231976563e-01
  5.31187806896215e+04  4.65606176965618e-01  5.13239592180018e-01  5.40756954705440e-01  5.42479329647364e-01
  5.31225089401666e+04  4.65917152529281e-01  5.13471024714250e-01  5.41128880357423e-01  5.42758726035155e-01
  5.31262371905185e+04  4.66128305760275e-01  5.13623848954122e-01  5.41497882798115e-01  5.42949345782233e-01
  5.31299654406287e+04  4.66270593991530e-01  5.13761508548164e-01  5.41916778381135e-01  5.43087973837998e-01
  5.31336936906748e+04  4.66466597469528e-01  5.13885942798391e-01  5.42260493311214e-01  5.43122849978105e-01
  5.31374219404953e+04  4.66732882784766e-01  5.14107122422205e-01  5.42534917873363e-01  5.43093118152968e-01
  5.31411501902940e+04  4.66969605250414e-01  5.14434966908217e-01  5.42795259864368e-01  5.43135729175787e-01
  5.31448784398067e+04  4.67149984973863e-01  5.14682118404710e-01  5.42961458299086e-01  5.43208575505345e-01
  5.31486066891490e+04  4.67259186534010e-01  5.14829891467140e-01  5.42980033986024e-01  5.43206857627996e-01
  5.31523349383370e+04  4.67408364084278e-01  5.14945259258167e-01  5.42905122598940e-01  5.43073730642752e-01
  5.31560631873703e+04  4.67587133904367e-01  5.14931069478281e-01  5.42875823298586e-01  5.42995054573259e-01
  5.31597914366550e+04  4.67711646212620e-01  5.14800423551822e-01  5.42880904861228e-01  5.42997815770286e-01
  5.31635196856539e+04  4.67819409916031e-01  5.14805456125812e-01  5.42931952942148e-01  5.43120009375139e-01
  5.31672479344388e+04  4.68002754560415e-01  5.14895038460406e-01  5.42957476970276e-01  5.43245650728990e-01
  5.31709761834558e+04  4.68237076818716e-01  5.15042167199257e-01  5.42959161975990e-01  5.43369590541419e-01
  5.31747044321760e+04  4.68361000570142e-01  5.15087431490188e-01  5.42952080770023e-01  5.43484238186404e-01
  5.31784326807640e+04  4.68465699290053e-01  5.15045416831819e-01  5.43000326262818e-01  5.43611306532368e-01
  5.31821609295498e+04  4.68551239576350e-01  5.14998433812283e-01  5.43129693177056e-01  5.43714600156801e-01
  5.31858891783391e+04  4.68598125652708e-01  5.14967063723938e-01  5.43328871772033e-01  5.43786485374812e-01
  5.31896174271562e+04  4.68614001884105e-01  5.14939569649768e-01  5.43475661422421e-01  5.43960400641677e-01
  5.31933456757698e+04  4.68673219487116e-01  5.14887828874592e-01  5.43562281850877e-01  5.44123255234528e-01
  5.31970739246239e+04  4.68701896947941e-01  5.14925144662980e-01  5.43625730296546e-01  5.44179462607153e-01
  5.32008021734918e+04  4.68758557908603e-01  5.15003248251338e-01  5.43660149271945e-01  5.44216413010065e-01
  5.32045304223505e+04  4.68800916429628e-01  5.15071803392590e-01  5.43596032443068e-01  5.44311037030363e-01
  5.32082586714005e+04  4.68795238098975e-01  5.15083115341804e-01  5.43531605437487e-01  5.44286283310026e-01
  5.32119869204560e+04  4.68776782325560e-01  5.15045885874376e-01  5.43535270253704e-01  5.44206426060382e-01
  5.32157151695902e+04  4.68683617876490e-01  5.14996915206284e-01  5.43458031104619e-01  5.44098799821818e-01
  5.32194434188716e+04  4.68560360624944e-01  5.14958409035457e-01  5.43393186337222e-01  5.43996027553990e-01
  5.32231716684723e+04  4.68443188428853e-01  5.14927228583533e-01  5.43383405709640e-01  5.43901870488172e-01
  5.32286736116699e+04  4.68403846156740e-01  5.15013855599984e-01  5.43456735949857e-01  5.43851956467942e-01
  5.32291250003379e+04  4.68362898088614e-01  5.14764350880070e-01  5.43412951311888e-01  5.43840189685827e-01
  5.32328532502396e+04  4.68331912657373e-01  5.14657219752347e-01  5.43466888140609e-01  5.43815082366085e-01
  5.32365815001758e+04  4.68267204385332e-01  5.14567227363718e-01  5.43502058589986e-01  5.43740940118170e-01
  5.32403097506088e+04  4.68123352478804e-01  5.14510722191743e-01  5.43486351082680e-01  5.43739503185701e-01
  5.32440380010682e+04  4.67947985901937e-01  5.14454394524137e-01  5.43452611805960e-01  5.43754212610615e-01
  5.32477662517027e+04  4.67784416014248e-01  5.14487494846656e-01  5.43492708385685e-01  5.43664834616164e-01
  5.32514945024617e+04  4.67580979537827e-01  5.14533699109069e-01  5.43600142115416e-01  5.43519792056566e-01
  5.32552227537235e+04  4.67330207606762e-01  5.14563171470824e-01  5.43686593134843e-01  5.43416053571867e-01
  5.32589510054641e+04  4.67010549198432e-01  5.14515223251077e-01  5.43847998340796e-01  5.43365850351246e-01
  5.32626792569897e+04  4.66698440890957e-01  5.14364787415746e-01  5.43979456761607e-01  5.43381714231409e-01
  5.32664075090480e+04  4.66461641020792e-01  5.14244418178626e-01  5.44081436246158e-01  5.43436025488285e-01
  5.32701357613761e+04  4.66279215352160e-01  5.14098783284046e-01  5.44105540302294e-01  5.43522147242710e-01
  5.32738640139167e+04  4.66129902111617e-01  5.13847966456016e-01  5.44089393409434e-01  5.43605290232984e-01
  5.32775922665150e+04  4.65943262847023e-01  5.13655495137261e-01  5.44129889215480e-01  5.43663893282327e-01
  5.32813205195242e+04  4.65729279711913e-01  5.13447175345236e-01  5.44168064045603e-01  5.43774389891152e-01
  5.32850487732105e+04  4.65519797080009e-01  5.13185838058942e-01  5.44180153694767e-01  5.43860530962305e-01
  5.32887770266712e+04  4.65304735561132e-01  5.12950155634456e-01  5.44228305802571e-01  5.43963250927458e-01
  5.32925052804318e+04  4.65106783906864e-01  5.12795195103689e-01  5.44191702703802e-01  5.44035519110200e-01
  5.32962335345718e+04  4.64979082319291e-01  5.12608402533034e-01  5.44168040475999e-01  5.43975840597614e-01
  5.32999617889364e+04  4.64888503956123e-01  5.12316123414999e-01  5.44107345804970e-01  5.43842327615155e-01
  5.33036900434559e+04  4.64860808776888e-01  5.12042026387007e-01  5.44085841615201e-01  5.43750843043989e-01
  5.33074182985150e+04  4.64858793166283e-01  5.11769550874662e-01  5.44160220777804e-01  5.43681363606608e-01
  5.33111465534446e+04  4.64802053758777e-01  5.11414570903906e-01  5.44129164011782e-01  5.43605516214337e-01
  5.33148748087452e+04  4.64749979914585e-01  5.11148805512082e-01  5.43963830988571e-01  5.43430445757035e-01
  5.33186030641238e+04  4.64670588002170e-01  5.10907294496452e-01  5.43832756169487e-01  5.43265387966269e-01
  5.33223313200497e+04  4.64530972270102e-01  5.10682285949355e-01  5.43663213561890e-01  5.43240695556566e-01
  5.33260595760338e+04  4.64405997466227e-01  5.10544313600683e-01  5.43507722717437e-01  5.43317190529969e-01
  5.33297878323425e+04  4.64261760030917e-01  5.10470731686439e-01  5.43385779951056e-01  5.43327856557259e-01
  5.33335160885869e+04  4.64180975989523e-01  5.10349021959714e-01  5.43314759397127e-01  5.43307676749361e-01
  5.33372443450126e+04  4.64073444872321e-01  5.10181304258259e-01  5.43244411667039e-01  5.43308345698359e-01
  5.33409726018645e+04  4.63998341726138e-01  5.10009826101692e-01  5.43206759645471e-01  5.43329256152611e-01
  5.33447008610602e+04  4.63951641612978e-01  5.09935406724597e-01  5.43271208298146e-01  5.43302375608211e-01
  5.33484291157964e+04  4.63758971752134e-01  5.10006021580049e-01  5.43362811677894e-01  5.43329515953847e-01
  5.33537361112801e+04  4.63576827544481e-01  5.10186613566430e-01  5.43447233570894e-01  5.43283110338874e-01
  5.33541875008611e+04  4.63482838304105e-01  5.10068534380167e-01  5.43391946209156e-01  5.43277334957885e-01
  5.33579157581066e+04  4.63495883684685e-01  5.10011955714436e-01  5.43415758950072e-01  5.43314865290445e-01
  5.33616440155917e+04  4.63481331599672e-01  5.09879592025841e-01  5.43435490874717e-01  5.43394372930592e-01
  5.33653722730522e+04  4.63490319719302e-01  5.09763197446780e-01  5.43499713814211e-01  5.43390496046191e-01
  5.33691005307383e+04  4.63525506678968e-01  5.09729885069491e-01  5.43521690792547e-01  5.43338597333437e-01
  5.33728287884026e+04  4.63535062631932e-01  5.09798975961028e-01  5.43593115585179e-01  5.43311514827415e-01
  5.33765570458911e+04  4.63496072091449e-01  5.09905724165217e-01  5.43756113699173e-01  5.43307368917610e-01
  5.33802853036271e+04  4.63454571359445e-01  5.10050338912978e-01  5.43956339926501e-01  5.43324202660597e-01
  5.33840135613936e+04  4.63529496434121e-01  5.10276809916348e-01  5.44154819510109e-01  5.43357370455261e-01
  5.33902500004677e+04  4.63666079393150e-01  5.10598482518923e-01  5.44374340062192e-01  5.43384167214538e-01
  5.33918333339862e+04  4.63862714532953e-01  5.10631467151972e-01  5.44479016745519e-01  5.43434218493464e-01
  5.33955615912790e+04  4.64077746999220e-01  5.10973390684769e-01  5.44653714575360e-01  5.43498529483374e-01
  5.33992898490624e+04  4.64302448922416e-01  5.11343367492973e-01  5.44847705338637e-01  5.43636694505210e-01
  5.34030181064073e+04  4.64513692754099e-01  5.11662193630769e-01  5.44825732296877e-01  5.43917597909028e-01
  5.34067463639779e+04  4.64721710339233e-01  5.11937553294853e-01  5.44652282954657e-01  5.44206328483039e-01
  5.34104746212986e+04  4.64930917680006e-01  5.12100626848503e-01  5.44497587633944e-01  5.44367359383837e-01
  5.34142028783496e+04  4.65179432239459e-01  5.12331962989876e-01  5.44413685200365e-01  5.44611684474939e-01
  5.34188750008530e+04  4.65430924261471e-01  5.12766557337190e-01  5.44523583990609e-01  5.44846175384279e-01
  5.34230000006620e+04  4.65651106901314e-01  5.13017293490139e-01  5.44715027005408e-01  5.44975520871323e-01
  5.34267282574816e+04  4.65902023305457e-01  5.12974257160412e-01  5.44894699648396e-01  5.45112192580864e-01
  5.34304565139700e+04  4.66245884736663e-01  5.13030534186792e-01  5.45191113432100e-01  5.45359616647634e-01
  5.34341847701841e+04  4.66520529951421e-01  5.13153865068774e-01  5.45507353511009e-01  5.45629966025217e-01
  5.34379130270432e+04  4.66625687102548e-01  5.13371056102677e-01  5.45749285887375e-01  5.45797534699301e-01
  5.34416412829663e+04  4.66751126573773e-01  5.13701746746835e-01  5.45926195512292e-01  5.45795019099487e-01
  5.34453695389238e+04  4.66955458824010e-01  5.14155262414116e-01  5.46144309224930e-01  5.45750582261948e-01
  5.34490977949098e+04  4.67187899683759e-01  5.14620894336488e-01  5.46464390221184e-01  5.45812013397019e-01
  5.34528260504605e+04  4.67411716623749e-01  5.15030682437926e-01  5.46779224252515e-01  5.46033492059753e-01
  5.34565543060394e+04  4.67693113706177e-01  5.15452781093607e-01  5.46977621930658e-01  5.46348161665551e-01
  5.34602825612835e+04  4.67990485022402e-01  5.15956866062052e-01  5.47168772176350e-01  5.46738101486563e-01
  5.34644375008820e+04  4.68252198860780e-01  5.16557268480204e-01  5.47377584398131e-01  5.47127747630463e-01
  5.34648958333970e+04  4.68541738590263e-01  5.16815584921154e-01  5.47464986804313e-01  5.47433449856793e-01
  5.34686240880811e+04  4.68928825611060e-01  5.17041231523482e-01  5.47672800045573e-01  5.47524800435181e-01
  5.34723523427363e+04  4.69168578667870e-01  5.17144038348388e-01  5.47873501233841e-01  5.47542074417290e-01
  5.34760805971214e+04  4.69330334530461e-01  5.17322671394627e-01  5.48041080707301e-01  5.47538924476107e-01
  5.34798088513104e+04  4.69520159409997e-01  5.17544543260925e-01  5.48157188374141e-01  5.47591196266815e-01
  5.34835371053010e+04  4.69777883983302e-01  5.17745963014866e-01  5.48176939886540e-01  5.47659792420432e-01
  5.34872653592082e+04  4.70054761021527e-01  5.17911544908659e-01  5.48096831935335e-01  5.47773041597180e-01
  5.34909936126818e+04  4.70372986758551e-01  5.18173844675877e-01  5.48055581382436e-01  5.47946615982416e-01
  5.34947218659167e+04  4.70678189148525e-01  5.18503191946170e-01  5.47968544355082e-01  5.48102135770470e-01
  5.34984501191377e+04  4.70993413475407e-01  5.18814727097000e-01  5.47934133504316e-01  5.48225916642169e-01
  5.35021783721261e+04  4.71277093121016e-01  5.19207173116714e-01  5.48050274701254e-01  5.48379504917813e-01
  5.35059066253402e+04  4.71588313016403e-01  5.19326258322777e-01  5.48062676436221e-01  5.48603011710648e-01
  5.35096348783276e+04  4.71869928017912e-01  5.19575583483808e-01  5.48057886243096e-01  5.48745308760493e-01
  5.35133631308783e+04  4.72106753097339e-01  5.19801145399624e-01  5.47978731359895e-01  5.48845769352844e-01
  5.35170913834049e+04  4.72272987514129e-01  5.19912268108964e-01  5.47928977240385e-01  5.48905148400508e-01
  5.35208196359110e+04  4.72429048780692e-01  5.19947204189836e-01  5.47935849446839e-01  5.48955856612035e-01
  5.35256479170070e+04  4.72610085825701e-01  5.20190671687782e-01  5.48085454321531e-01  5.48989575481878e-01
  5.35257479173611e+04  4.72725109787983e-01  5.20193415888715e-01  5.48160894399780e-01  5.49049457354238e-01
  5.35294761694901e+04  4.72842587181588e-01  5.20306296969962e-01  5.48323872848566e-01  5.48995492935798e-01
  5.35332044216494e+04  4.72942957033861e-01  5.20367535102778e-01  5.48415276286438e-01  5.48895970232154e-01
  5.35369326736619e+04  4.73089941165194e-01  5.20388391319113e-01  5.48471741988614e-01  5.48815062457460e-01
  5.35406609259143e+04  4.73237926504538e-01  5.20370596911851e-01  5.48467435685600e-01  5.48790853550944e-01
  5.35443891779444e+04  4.73330579076324e-01  5.20357915717385e-01  5.48478863051536e-01  5.48835259549331e-01
  5.35481174301690e+04  4.73275731341403e-01  5.20395100601257e-01  5.48562247275537e-01  5.48944036889069e-01
  5.35518456822118e+04  4.73203149983757e-01  5.20439068680414e-01  5.48711934257349e-01  5.49136490875458e-01
  5.35555739342672e+04  4.73193046964817e-01  5.20489139559584e-01  5.48865118420313e-01  5.49331684384169e-01
  5.35593021863888e+04  4.73204071125089e-01  5.20479431963541e-01  5.49013409612574e-01  5.49367488933221e-01
  5.35630304384307e+04  4.73231293958947e-01  5.20443248644432e-01  5.49041932735233e-01  5.49327415266320e-01
  5.35667586907119e+04  4.73236054500223e-01  5.20342643336869e-01  5.49003434157879e-01  5.49330680798873e-01
  5.35704869427698e+04  4.73207207207309e-01  5.20219555766343e-01  5.48919377752127e-01  5.49275695294266e-01
  5.35742151950416e+04  4.73130999961089e-01  5.20127706973566e-01  5.48856026000538e-01  5.49165307733401e-01
  5.35785694449122e+04  4.72998561561301e-01  5.20164978210018e-01  5.48983956120144e-01  5.49187303143144e-01
  5.35790277779273e+04  4.72904602353988e-01  5.19949374503601e-01  5.49025383343853e-01  5.49196302451509e-01
  5.35827560304305e+04  4.72883486193262e-01  5.19951777748215e-01  5.49108099730201e-01  5.49176884064617e-01
  5.35864842830346e+04  4.72794610681575e-01  5.19938948035348e-01  5.49156144828754e-01  5.49142307228143e-01
  5.35902125356563e+04  4.72724741635594e-01  5.19867855021053e-01  5.49182719976508e-01  5.49122884078354e-01
  5.35939407887487e+04  4.72619202905177e-01  5.19816597139342e-01  5.49201098523229e-01  5.49158337999255e-01
  5.35976690418464e+04  4.72532602404758e-01  5.19830023184442e-01  5.49278369190781e-01  5.49287315880484e-01
  5.36013972947222e+04  4.72429306209575e-01  5.19779184444938e-01  5.49305713353498e-01  5.49421021403525e-01
  5.36051255485359e+04  4.72333858621344e-01  5.19646041946471e-01  5.49298843751877e-01  5.49457852909483e-01
  5.36088538018994e+04  4.72241014392613e-01  5.19473730487387e-01  5.49322524159180e-01  5.49530683638664e-01
  5.36125820562151e+04  4.72169630343505e-01  5.19266588168400e-01  5.49379320868509e-01  5.49609688391576e-01
  5.36163103101563e+04  4.72053948310166e-01  5.19071955111881e-01  5.49458372289018e-01  5.49589202389067e-01
  5.36200385643310e+04  4.71821208068211e-01  5.18865336278487e-01  5.49625142338868e-01  5.49476227058167e-01
  5.36237668185161e+04  4.71609429242434e-01  5.18612203511651e-01  5.49774476484420e-01  5.49371584399031e-01
  5.36274950736434e+04  4.71405708063609e-01  5.18465595854061e-01  5.49828774176445e-01  5.49298589042555e-01
  5.36312233285592e+04  4.71199753013521e-01  5.18389572144804e-01  5.49750837072534e-01  5.49198480895234e-01
  5.36349515839292e+04  4.70935397864918e-01  5.18314493618378e-01  5.49608073909154e-01  5.48973034628775e-01
  5.36386798397858e+04  4.70692552604449e-01  5.18323835334082e-01  5.49435369604016e-01  5.48823308278223e-01
  5.36424080952454e+04  4.70451818794707e-01  5.18356009828746e-01  5.49179299697250e-01  5.48727774980930e-01
  5.36461363512015e+04  4.70278484168187e-01  5.18363425889536e-01  5.49014813241125e-01  5.48580244531834e-01
  5.36498646074697e+04  4.70150348984134e-01  5.18268330684165e-01  5.48877985426754e-01  5.48425427091648e-01
  5.36535928637174e+04  4.69930294520180e-01  5.18104393026019e-01  5.48705917906762e-01  5.48273104873343e-01
  5.36573211204214e+04  4.69657866087070e-01  5.17922494719926e-01  5.48597219361173e-01  5.48136779684215e-01
  5.36610493773321e+04  4.69428310698993e-01  5.17706748497375e-01  5.48613944202863e-01  5.48070396753587e-01
  5.36647776344584e+04  4.69288709704913e-01  5.17487068568692e-01  5.48600885366859e-01  5.48087766654456e-01
  5.36685058919872e+04  4.69252755192689e-01  5.17235299753586e-01  5.48574607539717e-01  5.48257053253498e-01
  5.36722341494851e+04  4.69177957508102e-01  5.17011034260615e-01  5.48594105167383e-01  5.48490833096885e-01
  5.36759624069502e+04  4.69015005347019e-01  5.16821706899444e-01  5.48623126816462e-01  5.48753272388795e-01
  5.36796906652557e+04  4.68887727243646e-01  5.16690635188459e-01  5.48605050717055e-01  5.48973261379029e-01
  5.36843854171435e+04  4.68752370889815e-01  5.16676667754644e-01  5.48594823298955e-01  5.49036082620585e-01
  5.36848750005071e+04  4.68624429054197e-01  5.16328500496766e-01  5.48500406668361e-01  5.48985010393989e-01
  5.36886032588379e+04  4.68464154066978e-01  5.16086981978681e-01  5.48466944661044e-01  5.48881291946230e-01
  5.36923315172464e+04  4.68267191829385e-01  5.15803295912600e-01  5.48420879025064e-01  5.48843873818751e-01
  5.36960597758461e+04  4.68025451799926e-01  5.15529280190554e-01  5.48320208653837e-01  5.48888239761662e-01
  5.36997880347244e+04  4.67817751796239e-01  5.15267639136555e-01  5.48283851375533e-01  5.48954361492915e-01
  5.37035162938900e+04  4.67649202355937e-01  5.15058766401142e-01  5.48230921673118e-01  5.48953016719760e-01
  5.37072445525219e+04  4.67545096758798e-01  5.14908425756619e-01  5.48148999332229e-01  5.48899648325016e-01
  5.37109728122534e+04  4.67450514795037e-01  5.14799316128789e-01  5.48167221101676e-01  5.48734872322419e-01
  5.37147010712177e+04  4.67421757352198e-01  5.14780946911576e-01  5.48244863078568e-01  5.48536404083072e-01
  5.37184293307013e+04  4.67412819542906e-01  5.14816991147066e-01  5.48333887652762e-01  5.48363076545106e-01
  5.37221575901448e+04  4.67392364387986e-01  5.14852969308803e-01  5.48506326678844e-01  5.48238076495060e-01
  5.37258858493333e+04  4.67415021795151e-01  5.14916080111578e-01  5.48690363885652e-01  5.48099408472937e-01
  5.37296141086726e+04  4.67444529690327e-01  5.14954764279214e-01  5.48839254226021e-01  5.48042542090560e-01
  5.37333423680729e+04  4.67475218988271e-01  5.14962532650659e-01  5.49010332786401e-01  5.48064621970352e-01
  5.37370706163126e+04  4.67581816726651e-01  5.14852889631032e-01  5.49172379259821e-01  5.48121522288100e-01
  5.37407988758809e+04  4.67780579600533e-01  5.14805787091010e-01  5.49208831502327e-01  5.48162216129610e-01
  5.37445271354964e+04  4.67919150802184e-01  5.14790675167412e-01  5.49171514818386e-01  5.48124152590121e-01
  5.37482553951342e+04  4.68071590835781e-01  5.14799208518402e-01  5.49121777752743e-01  5.48090290095977e-01
  5.37519836547929e+04  4.68284767608277e-01  5.14888259713458e-01  5.49136761230466e-01  5.48101243193877e-01
  5.37557119144665e+04  4.68516791564687e-01  5.15035913900531e-01  5.49142906616441e-01  5.48104918521507e-01
  5.37594401741712e+04  4.68646273510240e-01  5.15276131579869e-01  5.49091036373938e-01  5.48150322264421e-01
  5.37631684335728e+04  4.68781476655687e-01  5.15532132787330e-01  5.49074112864987e-01  5.48296678973866e-01
  5.37668966932569e+04  4.69001166893537e-01  5.15728290543984e-01  5.49120069624731e-01  5.48514150537369e-01
  5.37706249526852e+04  4.69266071477896e-01  5.15937079894898e-01  5.49291528418598e-01  5.48790829293986e-01
  5.37743532118563e+04  4.69518610746912e-01  5.16087854244268e-01  5.49527516391086e-01  5.49069513199073e-01
  5.37780814712723e+04  4.69734652372101e-01  5.16237835931314e-01  5.49668326574253e-01  5.49350835659108e-01
  5.37818097305139e+04  4.69986988193652e-01  5.16348244289616e-01  5.49769172441685e-01  5.49651558844008e-01
  5.37855379897987e+04  4.70271624767495e-01  5.16517288650534e-01  5.49894204915220e-01  5.49800125099683e-01
  5.37892662485392e+04  4.70613215808200e-01  5.16737464492281e-01  5.50018056947489e-01  5.49817467608524e-01
  5.37929945074570e+04  4.70926269347780e-01  5.16898228942141e-01  5.50059871475162e-01  5.49783733382637e-01
  5.37967227664098e+04  4.71202430308594e-01  5.17020355197716e-01  5.50115459727954e-01  5.49737965955792e-01
  5.38015729173634e+04  4.71518860909471e-01  5.17265713663676e-01  5.50268899892770e-01  5.49688251976212e-01
  5.38021319451505e+04  4.71770803766093e-01  5.17353732111665e-01  5.50374468331687e-01  5.49704531646836e-01
  5.38058602035672e+04  4.71989818886366e-01  5.17670220217559e-01  5.50559712862126e-01  5.49756741128911e-01
  5.38095884620487e+04  4.72260753378297e-01  5.18005558694397e-01  5.50715297765245e-01  5.49877458622892e-01
  5.38133167200254e+04  4.72573426574721e-01  5.18410626663410e-01  5.50791709893094e-01  5.50063596781819e-01
  5.38170449779862e+04  4.72876590242063e-01  5.18928426964966e-01  5.50841095117039e-01  5.50285277710649e-01
  5.38207732356516e+04  4.73176822520628e-01  5.19487399547175e-01  5.50909924545028e-01  5.50402575529701e-01
  5.38245014933472e+04  4.73464628837789e-01  5.20004766875025e-01  5.50943807857432e-01  5.50504893190699e-01
  5.38282297508586e+04  4.73793450978015e-01  5.20391855868570e-01  5.51012416712388e-01  5.50571274929192e-01
  5.38319580081712e+04  4.74045629841697e-01  5.20693499556669e-01  5.51119625204502e-01  5.50710969174332e-01
  5.38356862654964e+04  4.74222348682805e-01  5.20933720227293e-01  5.51187853230237e-01  5.50856818612668e-01
  5.38394145223923e+04  4.74327355068041e-01  5.21105474208458e-01  5.51311549398877e-01  5.50976203676925e-01
  5.38431427793137e+04  4.74489835261360e-01  5.21296400971603e-01  5.51493102956334e-01  5.51103923546871e-01
  5.38468710355116e+04  4.74670037055438e-01  5.21416823853906e-01  5.51651804098619e-01  5.51238365972124e-01
  5.38505992919954e+04  4.74818291488796e-01  5.21614419015420e-01  5.51797293283008e-01  5.51452346166705e-01
  5.38543275482570e+04  4.75037292452952e-01  5.21869037577974e-01  5.51968355711380e-01  5.51762390184923e-01
  5.38580558042767e+04  4.75296635664716e-01  5.22103992191631e-01  5.52148569608556e-01  5.52100588425731e-01
  5.38617840603136e+04  4.75561843368096e-01  5.22374920226384e-01  5.52315356476461e-01  5.52465387469450e-01
  5.38655123158856e+04  4.75847739329101e-01  5.22651266148638e-01  5.52500494434633e-01  5.52854755217321e-01
  5.38692405714605e+04  4.76125146877273e-01  5.22913851586548e-01  5.52682470415469e-01  5.53188566059271e-01
  5.38729688270370e+04  4.76335550559474e-01  5.23183542345216e-01  5.52859626376507e-01  5.53501986695652e-01
  5.38766970823900e+04  4.76445152912432e-01  5.23425185587291e-01  5.53062123679949e-01  5.53741220518295e-01
  5.38804253375207e+04  4.76443445170867e-01  5.23597498932196e-01  5.53209566912628e-01  5.53951052230717e-01
  5.38841535926387e+04  4.76494104269074e-01  5.23768824724243e-01  5.53305821250902e-01  5.54146512783449e-01
  5.38878818477361e+04  4.76582979740739e-01  5.23900385625837e-01  5.53376744344480e-01  5.54302466390567e-01
  5.38916101025614e+04  4.76803808803538e-01  5.24014538659592e-01  5.53443081212896e-01  5.54404968976059e-01
  5.38953383571805e+04  4.77141340452702e-01  5.24134922872216e-01  5.53375231062039e-01  5.54523906859709e-01
  5.39005868062604e+04  4.77481944432688e-01  5.24529998124250e-01  5.53308390125441e-01  5.54528266526107e-01
  5.39011875000566e+04  4.77742516746943e-01  5.24529652220160e-01  5.53202899718413e-01  5.54521000707869e-01
  5.39049157546736e+04  4.77848964728775e-01  5.24652985559024e-01  5.53244626887873e-01  5.54493537977200e-01
  5.39086440093022e+04  4.77898626278307e-01  5.24805832876821e-01  5.53247181804704e-01  5.54479563105131e-01
  5.39123722639594e+04  4.77913116086561e-01  5.24960696758099e-01  5.53263151350552e-01  5.54538955009417e-01
  5.39161005188021e+04  4.77858493613863e-01  5.25034206335450e-01  5.53258555463285e-01  5.54505651978602e-01
  5.39198287727141e+04  4.77750342701274e-01  5.25010554618892e-01  5.53350207222842e-01  5.54390198717783e-01
  5.39235570270613e+04  4.77617400471841e-01  5.24983284669688e-01  5.53509921183753e-01  5.54303509169298e-01
  5.39272852816678e+04  4.77454657292474e-01  5.24889089570337e-01  5.53572552636580e-01  5.54156315012967e-01
  5.39310135360487e+04  4.77225436518308e-01  5.24820774783020e-01  5.53565527580856e-01  5.54006901837901e-01
  5.39347417906690e+04  4.77002235711087e-01  5.24846481490013e-01  5.53545453560207e-01  5.53882913647241e-01
  5.39384700453022e+04  4.76858586780424e-01  5.24930540122656e-01  5.53372208747732e-01  5.53824110416596e-01
  5.39421982999468e+04  4.76829167190326e-01  5.24965509804925e-01  5.53177810783093e-01  5.53763187489103e-01
  5.39459265547696e+04  4.76768738254524e-01  5.24995401629964e-01  5.52945362153235e-01  5.53830992668688e-01
  5.39496548098958e+04  4.76667038660342e-01  5.24965400420757e-01  5.52795976944162e-01  5.53872554849454e-01
  5.39533830650253e+04  4.76470907960436e-01  5.24914444604273e-01  5.52766907929382e-01  5.53837845811012e-01
  5.39571113199305e+04  4.76315802614694e-01  5.24778885448285e-01  5.52778802632351e-01  5.53795049685842e-01
  5.39608395752958e+04  4.76238510696082e-01  5.24610254624302e-01  5.52764307316433e-01  5.53841454654550e-01
  5.39645678306562e+04  4.76153855636846e-01  5.24425164054383e-01  5.52676318266880e-01  5.53887193394063e-01
  5.39682960862603e+04  4.75986854036215e-01  5.24327602334774e-01  5.52597601184871e-01  5.53891402280307e-01
  5.39720243420959e+04  4.75691177941941e-01  5.24192676452275e-01  5.52572701188244e-01  5.53949337942083e-01
  5.39757525981667e+04  4.75399666489206e-01  5.24010545008408e-01  5.52628436132650e-01  5.53950660395936e-01
  5.39794808544660e+04  4.75162046550209e-01  5.23885359667845e-01  5.52659828382140e-01  5.53886146038380e-01
  5.39832091110046e+04  4.74958921194128e-01  5.23745517403302e-01  5.52648162826939e-01  5.53777761255081e-01
  5.39869373675172e+04  4.74819793497570e-01  5.23499533370194e-01  5.52720285117630e-01  5.53671139173450e-01
  5.39906656245081e+04  4.74734458587629e-01  5.23266488617475e-01  5.52790634337976e-01  5.53669076867525e-01
  5.39943938814860e+04  4.74655010239527e-01  5.23007887018034e-01  5.52787799781110e-01  5.53652528034425e-01
  5.39981221389063e+04  4.74664169865506e-01  5.22646024898412e-01  5.52780898484827e-01  5.53558909406163e-01
  5.40018503963010e+04  4.74603027001711e-01  5.22363549249772e-01  5.52815836320987e-01  5.53454606848090e-01
  5.40055786541400e+04  4.74473791865053e-01  5.22124724232356e-01  5.52859756763810e-01  5.53434396978661e-01
  5.40093069119397e+04  4.74256023554562e-01  5.21853579347326e-01  5.52917443359430e-01  5.53423478153048e-01
  5.40130351700776e+04  4.74022459748439e-01  5.21546415086442e-01  5.52939067755994e-01  5.53496295324773e-01
  5.40167634285670e+04  4.73857034798103e-01  5.21317903020265e-01  5.52957620289734e-01  5.53589362948431e-01
  5.40204916869826e+04  4.73736695458639e-01  5.21264065033076e-01  5.52959739101242e-01  5.53559142108244e-01
  5.40242199460196e+04  4.73631401503736e-01  5.21310244087595e-01  5.52995452099812e-01  5.53515957012532e-01
  5.40279482047651e+04  4.73499445845298e-01  5.21391471689498e-01  5.53079757981603e-01  5.53473547089800e-01
  5.40316764641574e+04  4.73327587131536e-01  5.21387408924399e-01  5.53194449357175e-01  5.53432611764856e-01
  5.40354047234976e+04  4.73107189160273e-01  5.21303298658414e-01  5.53222355511019e-01  5.53405724244214e-01
  5.40391329829920e+04  4.72964970178521e-01  5.21199192470982e-01  5.53231964541536e-01  5.53344509002782e-01
  5.40428612426447e+04  4.72888952678631e-01  5.21024358192220e-01  5.53232391371984e-01  5.53286040176783e-01
  5.40486041669894e+04  4.72811007950391e-01  5.20915179493674e-01  5.53368194326007e-01  5.53241611677810e-01
  5.40492048613670e+04  4.72715039297438e-01  5.20621500505050e-01  5.53387730618311e-01  5.53092594060868e-01
  5.40529331215533e+04  4.72616362796280e-01  5.20606070472003e-01  5.53421490263895e-01  5.52946826473801e-01
  5.40566613816896e+04  4.72457322587664e-01  5.20459794140532e-01  5.53401755342758e-01  5.52817151691571e-01
  5.40603896417338e+04  4.72279981003763e-01  5.20272148912870e-01  5.53426823871926e-01  5.52685112333796e-01
  5.40641179021645e+04  4.72146277057159e-01  5.20201317773869e-01  5.53460991280412e-01  5.52624392039241e-01
  5.40678461627314e+04  4.72124517561611e-01  5.20131420183214e-01  5.53477645886086e-01  5.52605084119881e-01
  5.40715744232558e+04  4.72128958701136e-01  5.20133055171244e-01  5.53425180923096e-01  5.52630544582560e-01
  5.40753026840949e+04  4.72043585815970e-01  5.20188540268860e-01  5.53387154849179e-01  5.52680538653538e-01
  5.40790309446841e+04  4.71909153869351e-01  5.20162353731406e-01  5.53301645721672e-01  5.52759336682218e-01
  5.40827592057290e+04  4.71837920388882e-01  5.20154707086745e-01  5.53128539078161e-01  5.52925615246838e-01
  5.40864874664712e+04  4.71846124809092e-01  5.20102070699206e-01  5.52984850711588e-01  5.53063111543527e-01
  5.40902157273902e+04  4.71928624101163e-01  5.20014850540148e-01  5.52950524931102e-01  5.53179883341387e-01
  5.40939439882788e+04  4.72060606138950e-01  5.19952944320526e-01  5.52982734274680e-01  5.53249805616618e-01
  5.40976722493032e+04  4.72207395868530e-01  5.19954651220842e-01  5.53044176862359e-01  5.53220414042860e-01
  5.41014005102592e+04  4.72299210854462e-01  5.19934795637932e-01  5.53099872897748e-01  5.53174441513716e-01
  5.41051287713136e+04  4.72383590040900e-01  5.19940532517820e-01  5.53184286370132e-01  5.53201768908615e-01
  5.41088570323993e+04  4.72410257211296e-01  5.19968885265272e-01  5.53401831083075e-01  5.53292451368154e-01
  5.41125852935936e+04  4.72372471453545e-01  5.20086436654398e-01  5.53712919984202e-01  5.53430443676724e-01
  5.41163135545682e+04  4.72328961008974e-01  5.20183169784858e-01  5.53917794225979e-01  5.53499216511953e-01
  5.41200418154549e+04  4.72261055463463e-01  5.20322925142237e-01  5.54079626145458e-01  5.53566276040610e-01
  5.41237700764955e+04  4.72300618196544e-01  5.20536628371908e-01  5.54269734339359e-01  5.53663615973487e-01
  5.41274983375655e+04  4.72377343537885e-01  5.20767642603820e-01  5.54408265174153e-01  5.53797846016728e-01
  5.41312265985740e+04  4.72545044842570e-01  5.21093461714670e-01  5.54480619609602e-01  5.53947185103590e-01
  5.41349548594085e+04  4.72800168625090e-01  5.21430038706145e-01  5.54548548837861e-01  5.53971277698223e-01
  5.41386831204167e+04  4.73110419718532e-01  5.21801188307849e-01  5.54605613527781e-01  5.53943761849401e-01
  5.41424113810995e+04  4.73397888311888e-01  5.22147546498706e-01  5.54669431786266e-01  5.53955929630687e-01
  5.41461396418541e+04  4.73764035535687e-01  5.22425887745602e-01  5.54763823000650e-01  5.54018551246784e-01
  5.41498679026609e+04  4.74060510552924e-01  5.22652853322856e-01  5.54834668945632e-01  5.54056495309031e-01
  5.41535961630801e+04  4.74277158185998e-01  5.22846137715836e-01  5.54911972879402e-01  5.54043117533403e-01
  5.41573244237976e+04  4.74488620328150e-01  5.23016675977863e-01  5.54954818418934e-01  5.54089240297753e-01
  5.41610526840104e+04  4.74762897957549e-01  5.23217025990230e-01  5.54967878182443e-01  5.54186844661733e-01
  5.41675416668275e+04  4.75055597125820e-01  5.23574383738412e-01  5.55009830329851e-01  5.54343002558285e-01
  5.41681666669734e+04  4.75206732489382e-01  5.23675214372756e-01  5.54900930818648e-01  5.54574981251320e-01
  5.41718949270972e+04  4.75318658403098e-01  5.23973410111581e-01  5.54782879741564e-01  5.54831152727882e-01
  5.41756231869756e+04  4.75479735638152e-01  5.24268450297010e-01  5.54579470531739e-01  5.55070397125229e-01
  5.41793514467165e+04  4.75680966851149e-01  5.24618821686685e-01  5.54449218713577e-01  5.55207729034372e-01
  5.41830797065233e+04  4.75860875538555e-01  5.24897276338683e-01  5.54519131665814e-01  5.55254057152829e-01
  5.41868079659571e+04  4.75983712840695e-01  5.25160926899356e-01  5.54641935948809e-01  5.55433111685138e-01
  5.41905362253959e+04  4.76120325289286e-01  5.25392808051271e-01  5.54744021907252e-01  5.55671311899687e-01
  5.41942644846990e+04  4.76368399765657e-01  5.25576277958227e-01  5.54806744838081e-01  5.55885432526249e-01
  5.41979927437395e+04  4.76631755848747e-01  5.25825046437769e-01  5.54882932611904e-01  5.56052451420543e-01
  5.42017210031387e+04  4.76938161677794e-01  5.26026276416106e-01  5.55013182579123e-01  5.56273215286869e-01
  5.42054492616216e+04  4.77202205089851e-01  5.26133035167354e-01  5.55142142185030e-01  5.56566396444962e-01
  5.42091775203843e+04  4.77405436489411e-01  5.26183809368852e-01  5.55257548599756e-01  5.56843019879621e-01
  5.42129057788969e+04  4.77640279812235e-01  5.26251496560501e-01  5.55299595056790e-01  5.57020074859208e-01
  5.42166340373716e+04  4.77840338107741e-01  5.26385969030949e-01  5.55347952743150e-01  5.57188016244389e-01
  5.42203622953298e+04  4.77931813816895e-01  5.26614434853712e-01  5.55469461632034e-01  5.57357817530901e-01
  5.42240905532697e+04  4.77983610394726e-01  5.26833331320031e-01  5.55604648785887e-01  5.57402475013820e-01
  5.42278188112395e+04  4.78080524886179e-01  5.27069960061475e-01  5.55818010445323e-01  5.57541068495858e-01
  5.42315470688079e+04  4.78289730771699e-01  5.27309239797704e-01  5.56151554870079e-01  5.57779860524463e-01
  5.42352753263576e+04  4.78537463820612e-01  5.27508434203311e-01  5.56494682111204e-01  5.58000377160958e-01
  5.42390035839283e+04  4.78726652562225e-01  5.27592479612075e-01  5.56810499552740e-01  5.58046594716799e-01
  5.42427318410520e+04  4.78816566516319e-01  5.27738011545036e-01  5.56995661297969e-01  5.57893612031270e-01
  5.42464600981840e+04  4.78911795279922e-01  5.27886802978653e-01  5.57147913319285e-01  5.57781048779043e-01
  5.42501883556262e+04  4.79085425516500e-01  5.27978353371135e-01  5.57187085040886e-01  5.57759063832269e-01
  5.42539166123183e+04  4.79396911876513e-01  5.28140234302542e-01  5.57222921918571e-01  5.57758212131613e-01
  5.42576448692338e+04  4.79680254624344e-01  5.28384137605288e-01  5.57328146598138e-01  5.57792925591578e-01
  5.42613731259168e+04  4.79816981003199e-01  5.28602025941569e-01  5.57429693102453e-01  5.57916639346982e-01
  5.42651013826967e+04  4.79848735429202e-01  5.28785781767295e-01  5.57585764128274e-01  5.58001176107022e-01
  5.42688296394375e+04  4.79848659137675e-01  5.28917279914002e-01  5.57697580373341e-01  5.58049361630942e-01
  5.42725578958703e+04  4.79839251201983e-01  5.29090282663021e-01  5.57738262993292e-01  5.58140828007147e-01
  5.42764583333740e+04  4.79901996037558e-01  5.29351796810943e-01  5.57931594843472e-01  5.58229677388847e-01
  5.42768333335613e+04  4.80017258177867e-01  5.29373416266983e-01  5.58074983407938e-01  5.58349425817509e-01
  5.42779166672962e+04  4.80214842205503e-01  5.29429519369678e-01  5.58170481737517e-01  5.58518130820735e-01
  5.42785416671355e+04  4.80286506066253e-01  5.29342100796754e-01  5.58162872086376e-01  5.58671644077273e-01
  5.42822699235914e+04  4.80243156567773e-01  5.29330050241847e-01  5.58164747815867e-01  5.58772371401332e-01
  5.42859981795926e+04  4.80149034840502e-01  5.29257158670757e-01  5.58041827286832e-01  5.58901440161037e-01
  5.42897264359318e+04  4.80106222598598e-01  5.29146498363655e-01  5.57895106972729e-01  5.59096511530121e-01
  5.42934546922965e+04  4.80164960410040e-01  5.28949598460428e-01  5.57745933207996e-01  5.59150271649995e-01
  5.42971829488785e+04  4.80199898229146e-01  5.28780530411747e-01  5.57679698299763e-01  5.59135965563144e-01
  5.43009112052315e+04  4.80072081653667e-01  5.28617681990341e-01  5.57720552218542e-01  5.59094691402906e-01
  5.43046394618160e+04  4.79905376322841e-01  5.28468834251850e-01  5.57722206457160e-01  5.59059752455834e-01
  5.43083677183992e+04  4.79782465800564e-01  5.28320588638844e-01  5.57650616752964e-01  5.58939259211959e-01
  5.43120959751911e+04  4.79761119452312e-01  5.28169889808567e-01  5.57535936523876e-01  5.58856941019109e-01
  5.43158242319688e+04  4.79723692939409e-01  5.27969176585518e-01  5.57472433616030e-01  5.58823289916440e-01
  5.43195524889978e+04  4.79616260628962e-01  5.27790678605970e-01  5.57433553371050e-01  5.58722993512020e-01
  5.43232807460242e+04  4.79595129417482e-01  5.27702781521188e-01  5.57371798127776e-01  5.58600683289609e-01
  5.43270090030613e+04  4.79578895104288e-01  5.27722938748877e-01  5.57324740979335e-01  5.58478719950814e-01
  5.43307372603355e+04  4.79549477783409e-01  5.27833478999826e-01  5.57349795406728e-01  5.58405597536407e-01
  5.43344655178553e+04  4.79499689290270e-01  5.27924922341748e-01  5.57407467905292e-01  5.58351976035323e-01
  5.43381937755614e+04  4.79357747525375e-01  5.27945904879394e-01  5.57433518594521e-01  5.58444274204733e-01
  5.43419220333393e+04  4.79206425057271e-01  5.27817907124932e-01  5.57457683723828e-01  5.58542962863331e-01
  5.43485208339271e+04  4.78993014653986e-01  5.27738874535119e-01  5.57663246261873e-01  5.58569611669130e-01
  5.43495625008381e+04  4.78721477439900e-01  5.27450012434217e-01  5.57852386282234e-01  5.58603819569365e-01
  5.43532907596144e+04  4.78466856073212e-01  5.27052186323892e-01  5.57911947542551e-01  5.58606715379167e-01
  5.43570190178878e+04  4.78225491394565e-01  5.26883776295855e-01  5.57927072506496e-01  5.58560828384828e-01
  5.43607472768276e+04  4.77976628277090e-01  5.26815594715766e-01  5.57847166141881e-01  5.58445643328214e-01
  5.43644755357189e+04  4.77737080157265e-01  5.26833086058439e-01  5.57778701495678e-01  5.58271533550201e-01
  5.43695000000509e+04  4.77455826424376e-01  5.26933612965624e-01  5.57686688536564e-01  5.58145733275059e-01
  5.43701250000716e+04  4.77187308279046e-01  5.26692862395147e-01  5.57460463807633e-01  5.58030181728441e-01
  5.43738532595094e+04  4.77031353657511e-01  5.26553446950542e-01  5.57349143307746e-01  5.57916618586834e-01
  5.43775815191308e+04  4.76902498130555e-01  5.26355703341206e-01  5.57221780060024e-01  5.57896879809289e-01
  5.43813097791274e+04  4.76768164126975e-01  5.26127295617194e-01  5.57011786209976e-01  5.57903566993355e-01
  5.43850380391009e+04  4.76597536358327e-01  5.25866167161280e-01  5.56815858539831e-01  5.57859590825164e-01
  5.43887662992499e+04  4.76415323399002e-01  5.25475529343119e-01  5.56624982442089e-01  5.57727619095690e-01
  5.43924945599131e+04  4.76234151161074e-01  5.25061404905318e-01  5.56516953486336e-01  5.57608647317578e-01
  5.43962228202859e+04  4.76156097368700e-01  5.24729966186321e-01  5.56576237618538e-01  5.57501732747585e-01
  5.43999510810545e+04  4.76115219056493e-01  5.24441219281565e-01  5.56612263358713e-01  5.57344866260458e-01
  5.44036793417452e+04  4.76141400971926e-01  5.24320371936106e-01  5.56701166143898e-01  5.57045076024515e-01
  5.44074076029735e+04  4.76271014251367e-01  5.24294856788734e-01  5.56903758420000e-01  5.56704348120529e-01
  5.44145833337731e+04  4.76353516178626e-01  5.24367358740682e-01  5.57115220097198e-01  5.56487279717872e-01
  5.44200000003309e+04  4.76363342832400e-01  5.24154867052930e-01  5.57069500176278e-01  5.56406992041208e-01
  5.44237282617361e+04  4.76355429782203e-01  5.24086345408347e-01  5.57034520956549e-01  5.56331430332831e-01
  5.44274565232744e+04  4.76343651035755e-01  5.24078110089509e-01  5.57025651359977e-01  5.56319920022865e-01
  5.44311847849535e+04  4.76326094027943e-01  5.24059189868998e-01  5.57102025379883e-01  5.56430064648469e-01
  5.44349130465369e+04  4.76331139975788e-01  5.24061481720622e-01  5.57192148059776e-01  5.56500096292239e-01
  5.44386413082686e+04  4.76324837493716e-01  5.24030389354509e-01  5.57221703110443e-01  5.56517119814413e-01
  5.44423695701424e+04  4.76248663242869e-01  5.24008934295490e-01  5.57264974141890e-01  5.56565028949058e-01
  5.44460978321042e+04  4.76040619610489e-01  5.24006830767268e-01  5.57339744544260e-01  5.56714734912446e-01
  5.44498260938090e+04  4.75772817474855e-01  5.23883281816979e-01  5.57413394130374e-01  5.56824646395084e-01
  5.44535543559165e+04  4.75596436478948e-01  5.23798806092645e-01  5.57387863046063e-01  5.56858522446251e-01
  5.44572826179664e+04  4.75485134394581e-01  5.23763630089465e-01  5.57288142836581e-01  5.56882954139696e-01
  5.44610108799790e+04  4.75477870982082e-01  5.23764655657441e-01  5.57197438937709e-01  5.56910729061486e-01
  5.44647391421910e+04  4.75485647959421e-01  5.23804632478762e-01  5.57175729931371e-01  5.56924681941500e-01
  5.44684674039271e+04  4.75517042453403e-01  5.23775031351036e-01  5.57156993489474e-01  5.56943445831480e-01
  5.44721956661264e+04  4.75598865657042e-01  5.23720009089126e-01  5.57160842426574e-01  5.56997564508110e-01
  5.44759239283173e+04  4.75660739929433e-01  5.23702862093047e-01  5.57078929266120e-01  5.57065529141873e-01
  5.44796521904166e+04  4.75738504360353e-01  5.23712492213796e-01  5.57012118458084e-01  5.57111688362577e-01
  5.44833804527883e+04  4.75853186511794e-01  5.23775138563575e-01  5.56966483545307e-01  5.57159231874142e-01
  5.44885243060476e+04  4.75929151703132e-01  5.24043918538594e-01  5.57044201129130e-01  5.57118534902883e-01
  5.44889409727453e+04  4.76019438751311e-01  5.24041738018084e-01  5.57062961839340e-01  5.57038368055792e-01
  5.44926692348148e+04  4.76232927905831e-01  5.24147129522965e-01  5.57190788719144e-01  5.56964236480532e-01
  5.44963974964987e+04  4.76586581317643e-01  5.24288145151049e-01  5.57329933063342e-01  5.56929225236861e-01
  5.45001257582188e+04  4.76961652637626e-01  5.24491105903502e-01  5.57457818648150e-01  5.56963814057528e-01
  5.45038540200834e+04  4.77269916199424e-01  5.24724829162475e-01  5.57673231608537e-01  5.57131347258457e-01
  5.45075822821693e+04  4.77493377402802e-01  5.24939139667035e-01  5.57849392541926e-01  5.57372140372940e-01
  5.45113105437362e+04  4.77734118787123e-01  5.25211419306139e-01  5.57983394270637e-01  5.57663308513324e-01
  5.45150388053819e+04  4.78074930281150e-01  5.25462519194101e-01  5.58064461005133e-01  5.57894635096134e-01
  5.45187670666829e+04  4.78401994568760e-01  5.25663018752027e-01  5.58283350181981e-01  5.58140724826654e-01
  5.45224953283068e+04  4.78666961143848e-01  5.25817318443915e-01  5.58537581381009e-01  5.58386153890397e-01
  5.45262235900186e+04  4.78963974552115e-01  5.25975418429881e-01  5.58578141434858e-01  5.58565210743577e-01
  5.45299518510869e+04  4.79234850091295e-01  5.26204299335002e-01  5.58520952967853e-01  5.58698569151722e-01
  5.45336801124676e+04  4.79401049079985e-01  5.26384471785865e-01  5.58519651572719e-01  5.58887480457849e-01
  5.45374083737059e+04  4.79571424388438e-01  5.26621440496878e-01  5.58593028565190e-01  5.59126830923165e-01
  5.45411366347083e+04  4.79780978577706e-01  5.26939665647543e-01  5.58735947015351e-01  5.59395372888530e-01
  5.45448648956759e+04  4.80003686496227e-01  5.27230803226118e-01  5.58907888001562e-01  5.59574887673807e-01
  5.45485931564976e+04  4.80282272823788e-01  5.27496735599059e-01  5.59069924470533e-01  5.59695758290625e-01
  5.45523214172972e+04  4.80574658692695e-01  5.27856434159824e-01  5.59175650436877e-01  5.59887368631221e-01
  5.45560496778299e+04  4.80880949994211e-01  5.28265710488082e-01  5.59237495496182e-01  5.60068667377198e-01
  5.45597779382350e+04  4.81132241725490e-01  5.28664916227922e-01  5.59302458757267e-01  5.60232196997594e-01
  5.45635061984110e+04  4.81294729034669e-01  5.29007027783902e-01  5.59442410097134e-01  5.60352393889085e-01
  5.45672344588552e+04  4.81488029753303e-01  5.29318360797521e-01  5.59549912197811e-01  5.60478795882875e-01
  5.45709627186796e+04  4.81647505123954e-01  5.29651692121040e-01  5.59646894692302e-01  5.60652609990432e-01
  5.45746909786042e+04  4.81822011598407e-01  5.29897752488662e-01  5.59698083397383e-01  5.60787189285412e-01
  5.45784192381018e+04  4.82066705951782e-01  5.30109607081546e-01  5.59689425598907e-01  5.60847813099400e-01
  5.45821474978751e+04  4.82343091398273e-01  5.30289311600208e-01  5.59635924614754e-01  5.60896019444743e-01
  5.45858757572292e+04  4.82700905257771e-01  5.30516044930299e-01  5.59600909040602e-01  5.60919144601432e-01
  5.45896040163981e+04  4.83059829921705e-01  5.30826235629399e-01  5.59630559094632e-01  5.60982403042819e-01
  5.45933322754225e+04  4.83366803149297e-01  5.31172272345355e-01  5.59756601789791e-01  5.61092368067834e-01
  5.45970605345139e+04  4.83696879424451e-01  5.31588353111669e-01  5.59926948849410e-01  5.61224514674442e-01
  5.46007887931504e+04  4.84000497689756e-01  5.32027157508536e-01  5.60159704311435e-01  5.61286117421274e-01
  5.46045170517813e+04  4.84264091977947e-01  5.32405155554434e-01  5.60409131349755e-01  5.61280000929257e-01
  5.46082453104178e+04  4.84473968355969e-01  5.32743202930065e-01  5.60643268308298e-01  5.61261163425409e-01
  5.46119735688379e+04  4.84662463729904e-01  5.32974530477375e-01  5.60751339486587e-01  5.61288753539364e-01
  5.46157018272743e+04  4.84834024786281e-01  5.33130986024013e-01  5.60867171918456e-01  5.61359932240574e-01
  5.46216131948033e+04  4.84858150630792e-01  5.33385210816594e-01  5.61066654622083e-01  5.61462944253809e-01
  5.46222083341052e+04  4.84808175423577e-01  5.33424846860486e-01  5.61167205407631e-01  5.61575611369075e-01
  5.46259365921204e+04  4.84723289161835e-01  5.33601177223696e-01  5.61341471767502e-01  5.61691161853142e-01
  5.46296648501167e+04  4.84609703826363e-01  5.33777795331549e-01  5.61564240639634e-01  5.61705383013110e-01
  5.46333931079063e+04  4.84567198222572e-01  5.33961196753854e-01  5.61773191457352e-01  5.61748862300931e-01
  5.46371213659081e+04  4.84521991786707e-01  5.34198592962309e-01  5.61871969415633e-01  5.61781404888357e-01
  5.46408496236760e+04  4.84533155495254e-01  5.34434355108897e-01  5.61970371616654e-01  5.61842788776419e-01
  5.46445778812386e+04  4.84557130777164e-01  5.34551603715471e-01  5.62089779753315e-01  5.61910660278369e-01
  5.46483061390244e+04  4.84598690820782e-01  5.34639189444842e-01  5.62205566761852e-01  5.62056985983071e-01
  5.46520343968055e+04  4.84671266030850e-01  5.34629227465572e-01  5.62342537128185e-01  5.62250947423209e-01
  5.46557626545927e+04  4.84755458658872e-01  5.34545252543733e-01  5.62472429376241e-01  5.62371091298456e-01
  5.46594909123807e+04  4.84847617957750e-01  5.34385355620139e-01  5.62577185074063e-01  5.62505146956167e-01
  5.46633402781089e+04  4.84892961093401e-01  5.34339736321981e-01  5.62814963261128e-01  5.62599678851143e-01
  5.46634402778483e+04  4.84882049357849e-01  5.34034967160979e-01  5.62796066702277e-01  5.62710603662144e-01
  5.46671685356169e+04  4.84942956832131e-01  5.33857339249269e-01  5.62691464437921e-01  5.62745736549231e-01
  5.46708967935023e+04  4.84953987024351e-01  5.33634674496358e-01  5.62522629043411e-01  5.62760533993815e-01
  5.46746250516422e+04  4.84912765388713e-01  5.33390619974152e-01  5.62382454038260e-01  5.62718913070823e-01
  5.46797083335996e+04  4.84801017916520e-01  5.33267759084976e-01  5.62422248346882e-01  5.62602244031777e-01
  5.46811666667836e+04  4.84591312095725e-01  5.32922424723228e-01  5.62397548502096e-01  5.62505935107738e-01
  5.46848949247673e+04  4.84386093182527e-01  5.32784483103643e-01  5.62256508827817e-01  5.62425260402712e-01
  5.46886231829895e+04  4.84243972617471e-01  5.32666605564816e-01  5.62126916923563e-01  5.62290702509859e-01
  5.46923514416517e+04  4.84071731301046e-01  5.32479114675357e-01  5.62001583860276e-01  5.62100091740384e-01
  5.46960797061018e+04  4.83880662520441e-01  5.32295376802458e-01  5.61946972879030e-01  5.61983401791829e-01
  5.46998079751737e+04  4.83751414759279e-01  5.32083120774186e-01  5.61974741304970e-01  5.61974922445363e-01
  5.47035362442201e+04  4.83707134747210e-01  5.31716906192177e-01  5.62046549895592e-01  5.61950061617758e-01
  5.47072645132558e+04  4.83617563388910e-01  5.31270079517448e-01  5.61971442451688e-01  5.61883942862698e-01
  5.47109927362999e+04  4.83483135609961e-01  5.30964469979453e-01  5.61890113839804e-01  5.61879205352713e-01
  5.47147209958443e+04  4.83314818808949e-01  5.30815652243420e-01  5.61944923082755e-01  5.61927256487853e-01
  5.47184492553727e+04  4.83144356754155e-01  5.30661068645617e-01  5.61956729761295e-01  5.61985548371430e-01
  5.47221775152893e+04  4.83015124357783e-01  5.30615308479784e-01  5.61948488426335e-01  5.62083484973118e-01
  5.47259057754039e+04  4.82863750807343e-01  5.30663459936868e-01  5.61997317550178e-01  5.62233659148366e-01
  5.47296340354932e+04  4.82704251200427e-01  5.30677401101972e-01  5.61990047836925e-01  5.62340026922415e-01
  5.47333622957141e+04  4.82568027367545e-01  5.30650913680119e-01  5.61926035180077e-01  5.62359909064018e-01
  5.47370905563391e+04  4.82378514876909e-01  5.30570111309141e-01  5.61854208732370e-01  5.62219719502899e-01
  5.47444166667361e+04  4.82098581841182e-01  5.30569203134181e-01  5.61774471324560e-01  5.62052397689598e-01
  5.47445416673358e+04  4.81890957829493e-01  5.30307157194594e-01  5.61616304272495e-01  5.61852518635963e-01
  5.47475138892720e+04  4.81715321258895e-01  5.30037280728442e-01  5.61514767104567e-01  5.61657500870070e-01
  5.47479930561144e+04  4.81542464649131e-01  5.29629813830037e-01  5.61344849525195e-01  5.61562955776900e-01
  5.47517213173553e+04  4.81333170078394e-01  5.29360905415699e-01  5.61248676061454e-01  5.61511412412399e-01
  5.47554495786829e+04  4.81165489494585e-01  5.29199906611134e-01  5.61211004919240e-01  5.61432646507686e-01
  5.47591778399352e+04  4.81000028076871e-01  5.29169168501600e-01  5.61254979471562e-01  5.61333189437008e-01
  5.47629061015126e+04  4.80766353138907e-01  5.29070218340982e-01  5.61385395450622e-01  5.61266402124345e-01
  5.47674166671620e+04  4.80519223616331e-01  5.29017273471042e-01  5.61495231928429e-01  5.61249219721450e-01
  5.47679444450673e+04  4.80283884325467e-01  5.28692269207539e-01  5.61433759741139e-01  5.61317671208431e-01
  5.47716727068299e+04  4.80115087571219e-01  5.28545370663729e-01  5.61391802679987e-01  5.61347205925359e-01
  5.47754009686540e+04  4.79941727461821e-01  5.28437075748763e-01  5.61192845297223e-01  5.61290224424407e-01
  5.47791292307095e+04  4.79688228246593e-01  5.28281212601665e-01  5.60971223032823e-01  5.61126047651015e-01
  5.47828574928902e+04  4.79440464931631e-01  5.28091939326004e-01  5.60765974997737e-01  5.60966808619401e-01
  5.47865857551933e+04  4.79281796859467e-01  5.27958487882021e-01  5.60579363135184e-01  5.60843709917659e-01
  5.47903140176199e+04  4.79071500711398e-01  5.27943941763809e-01  5.60435222275714e-01  5.60766969418413e-01
  5.47940422801980e+04  4.78922564201445e-01  5.27871489775226e-01  5.60325620290799e-01  5.60721948173757e-01
  5.47977705426782e+04  4.78881408868869e-01  5.27824375506569e-01  5.60200402128127e-01  5.60654641872423e-01
  5.48014988052766e+04  4.78944131199796e-01  5.27772130058805e-01  5.60114606787531e-01  5.60449341100061e-01
  5.48052270677512e+04  4.78998945232580e-01  5.27706224433862e-01  5.60095240148512e-01  5.60179010677686e-01
  5.48089553307038e+04  4.78995516655368e-01  5.27629491307604e-01  5.60181898925219e-01  5.59983068038615e-01
  5.48126835932731e+04  4.78941795319389e-01  5.27591896260248e-01  5.60320060183293e-01  5.59892410261574e-01
  5.48164118561644e+04  4.78865216778181e-01  5.27572757751353e-01  5.60418447550223e-01  5.59877174376383e-01
  5.48201401188495e+04  4.78766711497280e-01  5.27583983211091e-01  5.60514443439211e-01  5.59917015182911e-01
  5.48238683817095e+04  4.78543348972618e-01  5.27580184680439e-01  5.60600679124665e-01  5.59962066788402e-01
  5.48275966447709e+04  4.78311542649376e-01  5.27578646122930e-01  5.60673513385471e-01  5.60081770612244e-01
  5.48313249078229e+04  4.78222143206371e-01  5.27654883290301e-01  5.60794160046249e-01  5.60269875164251e-01
  5.48350531589167e+04  4.78126268322435e-01  5.27744037920564e-01  5.60999120708897e-01  5.60472860221492e-01
  5.48394305558299e+04  4.78042486825210e-01  5.27885553683648e-01  5.61169596271570e-01  5.60722640572669e-01
  5.48405208336054e+04  4.78056681296466e-01  5.27791448633345e-01  5.61122869269253e-01  5.60946033432178e-01
  5.48442490953520e+04  4.78179090900037e-01  5.27872547889571e-01  5.61126259319717e-01  5.61120224433474e-01
  5.48479773583217e+04  4.78373659735866e-01  5.27959718434866e-01  5.61188193701318e-01  5.61244795701027e-01
  5.48517056213160e+04  4.78603702907736e-01  5.28109065462723e-01  5.61200524746469e-01  5.61283460011288e-01
  5.48554338841538e+04  4.78811596470289e-01  5.28292227859465e-01  5.61174011981496e-01  5.61284978395525e-01
  5.48591621470162e+04  4.78998723916929e-01  5.28365714910136e-01  5.61141223095959e-01  5.61246726743093e-01
  5.48628904097212e+04  4.79239601181856e-01  5.28536475726366e-01  5.61192707544038e-01  5.61193797108491e-01
  5.48666186724999e+04  4.79503978136750e-01  5.28871464915535e-01  5.61285369831950e-01  5.61177332938846e-01
  5.48738194447107e+04  4.79748300722468e-01  5.29438221464319e-01  5.61435785364390e-01  5.61234688944387e-01
  5.48744166673831e+04  4.79930711379743e-01  5.29740079620363e-01  5.61430835974400e-01  5.61347311178223e-01
  5.48781449303090e+04  4.80072209558291e-01  5.30086637445025e-01  5.61560287045696e-01  5.61431639683499e-01
  5.48818731929144e+04  4.80133104229137e-01  5.30315073210035e-01  5.61735879943628e-01  5.61481034636903e-01
  5.48861166667837e+04  4.80202199409923e-01  5.30629245695609e-01  5.61930844962928e-01  5.61523856510331e-01
  5.48862166673612e+04  4.80272708633256e-01  5.30764382245761e-01  5.62031130049680e-01  5.61719578071101e-01
  5.48899449297905e+04  4.80484160519177e-01  5.31119699477665e-01  5.62160865155093e-01  5.61914796082284e-01
  5.48936731923172e+04  4.80844238140380e-01  5.31400448261657e-01  5.62256166758119e-01  5.62081471320375e-01
  5.48974014545393e+04  4.81230169191379e-01  5.31652423407767e-01  5.62334665807989e-01  5.62177508207859e-01
  5.49011297170636e+04  4.81623811279190e-01  5.31946691959187e-01  5.62343820926672e-01  5.62213451031287e-01
  5.49048579791147e+04  4.81963432267942e-01  5.32213563256763e-01  5.62308873499273e-01  5.62326827224921e-01
  5.49085862411423e+04  4.82239071872620e-01  5.32479431279199e-01  5.62306541912847e-01  5.62412324049361e-01
  5.49123145030543e+04  4.82505316775972e-01  5.32719941769706e-01  5.62284889905921e-01  5.62533222167121e-01
  5.49160427647014e+04  4.82713476847632e-01  5.32871092738958e-01  5.62234709217026e-01  5.62688632212342e-01
  5.49197710265534e+04  4.82883474535847e-01  5.32981154002574e-01  5.62253142013448e-01  5.62641375649806e-01
  5.49234992882801e+04  4.83057108486900e-01  5.33131243255070e-01  5.62402913833408e-01  5.62502495669935e-01
  5.49272275496436e+04  4.83332181386215e-01  5.33357427469474e-01  5.62529404349748e-01  5.62407745610678e-01
  5.49309558110556e+04  4.83671309333035e-01  5.33571329049728e-01  5.62587616138630e-01  5.62480343371417e-01
  5.49346840727015e+04  4.83965397410542e-01  5.33795381681534e-01  5.62494993296180e-01  5.62736187693058e-01
  5.49384123334977e+04  4.84264126535911e-01  5.33944733375084e-01  5.62439342473674e-01  5.63017913419788e-01
  5.49421405943019e+04  4.84591737441332e-01  5.34099095722258e-01  5.62618479488910e-01  5.63290715292697e-01
  5.49458688551713e+04  4.84850396836780e-01  5.34382211909340e-01  5.62905409492518e-01  5.63483643470267e-01
  5.49495971158703e+04  4.85038286502371e-01  5.34629516954331e-01  5.63198614070050e-01  5.63616441115029e-01
  5.49533253764410e+04  4.85292376198620e-01  5.34880123332940e-01  5.63419726726929e-01  5.63743921717814e-01
  5.49570536367686e+04  4.85596703968861e-01  5.35034321730127e-01  5.63619476052960e-01  5.63779212147538e-01
  5.49607818971422e+04  4.85815954451245e-01  5.35197707899802e-01  5.63859274825563e-01  5.63825403507677e-01
  5.49645101571157e+04  4.85995612028549e-01  5.35388736887738e-01  5.64085968916791e-01  5.63954705088844e-01
  5.49682384171309e+04  4.86183055481032e-01  5.35536939993810e-01  5.64255777171825e-01  5.64203688215480e-01
  5.49719666771770e+04  4.86354665431213e-01  5.35683804838930e-01  5.64385355241816e-01  5.64418780600959e-01
  5.49756949367951e+04  4.86520454880041e-01  5.35795348533768e-01  5.64419062031820e-01  5.64577572462459e-01
  5.49794231966307e+04  4.86622899277353e-01  5.35894291195053e-01  5.64492945325606e-01  5.64711305533807e-01
  5.49831514561389e+04  4.86682570090347e-01  5.35922889741225e-01  5.64657536089715e-01  5.64898733118215e-01
  5.49868797155924e+04  4.86708860639616e-01  5.35909208835853e-01  5.64815913763413e-01  5.64997776246644e-01
  5.49906079752129e+04  4.86748675445460e-01  5.35961075928502e-01  5.64888691169109e-01  5.65133418400602e-01
  5.49943362344177e+04  4.86831590722338e-01  5.36091632231651e-01  5.64949104107777e-01  5.65263969952474e-01
  5.49980644936274e+04  4.86922301052082e-01  5.36201935889405e-01  5.64968798649978e-01  5.65415213151906e-01
  5.50017927528912e+04  4.87014086863535e-01  5.36311969436580e-01  5.65007735867083e-01  5.65526109291052e-01
  5.50055210122026e+04  4.87113176633484e-01  5.36375025565313e-01  5.65025085472424e-01  5.65537750441846e-01
  5.50092492712778e+04  4.87182441397041e-01  5.36441299392756e-01  5.64953840424403e-01  5.65609121656956e-01
  5.50129775303588e+04  4.87199753943482e-01  5.36479720645377e-01  5.64912211720169e-01  5.65686628847310e-01
  5.50167057894446e+04  4.87170458548977e-01  5.36439565653171e-01  5.64922477723805e-01  5.65755977571013e-01
  5.50204340485440e+04  4.87179504588638e-01  5.36443215850084e-01  5.65023650871604e-01  5.65762813747129e-01
  5.50241623076471e+04  4.87186001937079e-01  5.36509323493474e-01  5.65175127960639e-01  5.65694866809494e-01
  5.50285986111410e+04  4.87165454394226e-01  5.36720046991077e-01  5.65330911427806e-01  5.65638023375161e-01
  5.50290972229562e+04  4.87151007395779e-01  5.36702082482606e-01  5.65207272498349e-01  5.65601286232458e-01
  5.50328254822777e+04  4.87272375485793e-01  5.36772796275044e-01  5.64948749454334e-01  5.65543284063433e-01
  5.50365537413750e+04  4.87429844656988e-01  5.36786266222386e-01  5.64711497930225e-01  5.65434186271139e-01
  5.50402820006980e+04  4.87546120420404e-01  5.36725492524472e-01  5.64534927779894e-01  5.65348879937109e-01
  5.50440102602305e+04  4.87646232041193e-01  5.36677035940228e-01  5.64441937501584e-01  5.65338916896257e-01
  5.50477385197327e+04  4.87737533933973e-01  5.36721338889813e-01  5.64433648559143e-01  5.65363890018536e-01
  5.50514667792187e+04  4.87856290734749e-01  5.36781265709341e-01  5.64506995823119e-01  5.65410051922255e-01
  5.50551950389156e+04  4.87943038867337e-01  5.36783915024924e-01  5.64576463668376e-01  5.65499699146039e-01
  5.50589232988276e+04  4.87972173934113e-01  5.36731744168793e-01  5.64661898806053e-01  5.65640680579101e-01
  5.50626515587523e+04  4.87968281204284e-01  5.36718873557398e-01  5.64644018022145e-01  5.65783819825780e-01
  5.50663798176920e+04  4.88018086804916e-01  5.36686786970126e-01  5.64646550697173e-01  5.65981687452384e-01
  5.50701080766470e+04  4.88229389036831e-01  5.36634394099441e-01  5.64697297838078e-01  5.66164122088923e-01
  5.50738363355950e+04  4.88560516317458e-01  5.36664892557446e-01  5.64738499704676e-01  5.66331879580716e-01
  5.50775645948959e+04  4.88841065184140e-01  5.36760875745933e-01  5.64714619131837e-01  5.66470463166524e-01
  5.50812928540508e+04  4.88980427760405e-01  5.36834257352607e-01  5.64640720737161e-01  5.66411648090241e-01
  5.50850211138817e+04  4.89056268958132e-01  5.36868668029747e-01  5.64683901297942e-01  5.66168624835853e-01
  5.50887493735035e+04  4.89027160465651e-01  5.36959174957953e-01  5.64701401346607e-01  5.65985753173232e-01
  5.50924776337638e+04  4.88908231381362e-01  5.37142202514466e-01  5.64752117918353e-01  5.65840980357331e-01
  5.50962058933032e+04  4.88744003716630e-01  5.37410036697498e-01  5.64877122044442e-01  5.65774601683619e-01
  5.50999341528705e+04  4.88663339107822e-01  5.37645168526263e-01  5.64985993194147e-01  5.65690997095954e-01
  5.51036624126145e+04  4.88621862184731e-01  5.37795805238570e-01  5.65082554977161e-01  5.65645804320639e-01
  5.51073906731272e+04  4.88543755793806e-01  5.37801722150941e-01  5.65057175284622e-01  5.65796572044369e-01
  5.51111189331238e+04  4.88415680648343e-01  5.37642082662739e-01  5.64940792557810e-01  5.65983220503437e-01
  5.51148471931736e+04  4.88177814931727e-01  5.37361267724229e-01  5.64835864392652e-01  5.66127215936768e-01
  5.51185754533532e+04  4.87897660273901e-01  5.37144555558548e-01  5.64735816688910e-01  5.66258865165521e-01
  5.51223037136285e+04  4.87641776574927e-01  5.36916945013171e-01  5.64594569568589e-01  5.66295936717741e-01
  5.51260319739028e+04  4.87442089767826e-01  5.36594423346075e-01  5.64454004329691e-01  5.66283745461173e-01
  5.51297602341643e+04  4.87115945181645e-01  5.36179246143449e-01  5.64320130129588e-01  5.66229882741131e-01
  5.51334884955901e+04  4.86688229221683e-01  5.35713609317476e-01  5.64105684824985e-01  5.66120049432359e-01
  5.51372167579747e+04  4.86207912415675e-01  5.35157585320146e-01  5.63921066601716e-01  5.65854531455427e-01
  5.51409450204432e+04  4.85703850431147e-01  5.34579192205114e-01  5.63736451388059e-01  5.65532763494959e-01
  5.51446732828184e+04  4.85181246226151e-01  5.34037104340333e-01  5.63537942210113e-01  5.65292977565530e-01
  5.51484015456887e+04  4.84730944127646e-01  5.33618059337584e-01  5.63457514698773e-01  5.65023717577977e-01
  5.51521298083947e+04  4.84314598629254e-01  5.33271913752080e-01  5.63441085952579e-01  5.64686944257953e-01
  5.51558580714838e+04  4.83966072340638e-01  5.33022585153122e-01  5.63506838965812e-01  5.64373531984501e-01
  5.51595863342512e+04  4.83711069766439e-01  5.32868147313169e-01  5.63585076369294e-01  5.64051795931077e-01
  5.51633145972776e+04  4.83530470533016e-01  5.32754785632505e-01  5.63599250114651e-01  5.63790591783285e-01
  5.51670428604861e+04  4.83472555477049e-01  5.32731002324508e-01  5.63632223953271e-01  5.63754293381416e-01
  5.51707711238310e+04  4.83439461344631e-01  5.32869146859540e-01  5.63665448182768e-01  5.63903254205566e-01
  5.51744993868541e+04  4.83464825162031e-01  5.33059876808466e-01  5.63734318227797e-01  5.64153653609200e-01
  5.51782276498889e+04  4.83587452596085e-01  5.33169629541235e-01  5.63910849718958e-01  5.64493114731645e-01
  5.51819559130916e+04  4.83721554438774e-01  5.33259929712774e-01  5.64071176394054e-01  5.64830212935605e-01
  5.51856841759097e+04  4.83976642461959e-01  5.33278674592544e-01  5.64211132959442e-01  5.65098976350702e-01
  5.51894124385429e+04  4.84293116468422e-01  5.33240065272895e-01  5.64277667261347e-01  5.65288177779393e-01
  5.51931407018217e+04  4.84470489258205e-01  5.33181942676445e-01  5.64338308317905e-01  5.65381996899473e-01
  5.51968689648517e+04  4.84472914508088e-01  5.33103737545917e-01  5.64386913999898e-01  5.65420232313672e-01
  5.52005972278437e+04  4.84328945247366e-01  5.32918508988673e-01  5.64368232908721e-01  5.65346136848185e-01
  5.52043254902847e+04  4.84148909414865e-01  5.32709916312601e-01  5.64366041531038e-01  5.65164674152892e-01
  5.52080537529029e+04  4.83901870386251e-01  5.32416364777508e-01  5.64314278007443e-01  5.64949186563720e-01
  5.52117820162513e+04  4.83664383135201e-01  5.32190431512565e-01  5.64188889046308e-01  5.64700106717511e-01
  5.52165520841458e+04  4.83316988488641e-01  5.32170627112855e-01  5.64168521122555e-01  5.64424654749712e-01
  5.52173854169745e+04  4.82876905875255e-01  5.31872002668190e-01  5.64045193513866e-01  5.64197001722285e-01
  5.52211136802780e+04  4.82494549589926e-01  5.31739861533058e-01  5.64070048885751e-01  5.63950676215066e-01
  5.52248419443530e+04  4.82201691624430e-01  5.31708720713184e-01  5.64086078781999e-01  5.63738788782763e-01
  5.52285702079489e+04  4.82003994101658e-01  5.31723449521558e-01  5.64054923691167e-01  5.63682425902537e-01
  5.52322984714722e+04  4.81866410309033e-01  5.31749544635937e-01  5.63989066667338e-01  5.63660027706810e-01
  5.52360267350359e+04  4.81877453119849e-01  5.31762198800124e-01  5.63912763547108e-01  5.63695937223561e-01
  5.52397549987753e+04  4.82052702916437e-01  5.31834930810557e-01  5.63883690294678e-01  5.63755956451197e-01
  5.52434832622663e+04  4.82341093539688e-01  5.31959432658366e-01  5.63954623952277e-01  5.63694799424292e-01
  5.52472115257014e+04  4.82742108237558e-01  5.32173216935152e-01  5.64105996187040e-01  5.63574338412718e-01
  5.52509397893554e+04  4.83186598796903e-01  5.32427958128087e-01  5.64275946391730e-01  5.63504754350167e-01
  5.52546680526262e+04  4.83638129065457e-01  5.32617565340212e-01  5.64441927778234e-01  5.63432772292538e-01
  5.52583963156390e+04  4.84074988974672e-01  5.32780753650855e-01  5.64526723350354e-01  5.63376117420363e-01
  5.52621245789735e+04  4.84394258196904e-01  5.33014624814052e-01  5.64605316638476e-01  5.63385949501951e-01
  5.52658528421239e+04  4.84646738148230e-01  5.33302894365361e-01  5.64785593142054e-01  5.63442073127319e-01
  5.52695811051053e+04  4.84910233189769e-01  5.33613058693830e-01  5.64934607062230e-01  5.63536300800084e-01
  5.52741583337636e+04  4.85294737279860e-01  5.34095739877670e-01  5.65018402530126e-01  5.63648507940220e-01
  5.52742583336516e+04  4.85762882411833e-01  5.34459243806908e-01  5.64888417131234e-01  5.63850734123928e-01
  5.52779865965798e+04  4.86190808543274e-01  5.35028996497100e-01  5.64807004424528e-01  5.64032243033299e-01
  5.52817148594397e+04  4.86519759926848e-01  5.35617556210652e-01  5.64831025525290e-01  5.64197612238163e-01
  5.52854431222662e+04  4.86787501302082e-01  5.36125968149167e-01  5.64947621579759e-01  5.64340971075118e-01
  5.52891713849791e+04  4.87093338074667e-01  5.36523333365110e-01  5.65093234306878e-01  5.64436119556604e-01
  5.52928996473809e+04  4.87460815651250e-01  5.36828143363137e-01  5.65075180406861e-01  5.64571132327959e-01
  5.52966279100417e+04  4.87863505308863e-01  5.37242891073747e-01  5.64977088827334e-01  5.64807483025636e-01
  5.53003561721227e+04  4.88205180396487e-01  5.37716635868034e-01  5.64848077691642e-01  5.65171282505858e-01
  5.53040844337487e+04  4.88492741054492e-01  5.38101139511157e-01  5.64765110928472e-01  5.65544936236217e-01
  5.53078126955326e+04  4.88850498778291e-01  5.38493138836718e-01  5.64872468322847e-01  5.65897113221576e-01
  5.53115409570371e+04  4.89278588114028e-01  5.39005428038829e-01  5.65126045211303e-01  5.66217066821120e-01
  5.53152692188136e+04  4.89808233614982e-01  5.39573773404653e-01  5.65465388438614e-01  5.66593595874097e-01
  5.53189974796643e+04  4.90316436703707e-01  5.40085352830851e-01  5.65741221313689e-01  5.67003276587118e-01
  5.53227257401909e+04  4.90721365862221e-01  5.40570332775441e-01  5.66047558012147e-01  5.67386166008961e-01
  5.53296666673832e+04  4.91156947899368e-01  5.41225855058848e-01  5.66438431606905e-01  5.67745349584432e-01
  5.53303541667384e+04  4.91675774155028e-01  5.41792379132015e-01  5.66659209606885e-01  5.68027664194821e-01
  5.53340824270844e+04  4.92262298334081e-01  5.42546154191668e-01  5.66873804239079e-01  5.68227204017912e-01
  5.53378106864109e+04  4.92936491814982e-01  5.43299696094777e-01  5.67045510821599e-01  5.68468252855998e-01
  5.53415389454630e+04  4.93629151586333e-01  5.44076864222999e-01  5.67320827974973e-01  5.68730833749550e-01
  5.53452672048843e+04  4.94382011049441e-01  5.44930694315544e-01  5.67614201289834e-01  5.69025460835935e-01
  5.53490416671389e+04  4.95177839234103e-01  5.45945746153951e-01  5.67881993069278e-01  5.69435125375300e-01
  5.53505625001794e+04  4.96021980860523e-01  5.46735231547556e-01  5.68077059110154e-01  5.69802526119283e-01
  5.53543750006228e+04  4.96947746987707e-01  5.47803142952028e-01  5.68473160963857e-01  5.70164317236477e-01
  5.53557500005092e+04  4.97792883548518e-01  5.48522254446936e-01  5.68790568794310e-01  5.70498875536799e-01
  5.53594782584873e+04  4.98619053841742e-01  5.49323435499301e-01  5.69223471013564e-01  5.70705179718431e-01
  5.53632065162419e+04  4.99463577211961e-01  5.49997647464732e-01  5.69702654803163e-01  5.70831491619351e-01
  5.53669347743219e+04  5.00242340688588e-01  5.50556013662660e-01  5.70051525253947e-01  5.70902643399722e-01
  5.53706630308182e+04  5.00882846732474e-01  5.51062137093911e-01  5.70178082564482e-01  5.70948127027005e-01
  5.53743912874547e+04  5.01351244134872e-01  5.51556532664620e-01  5.70328373555554e-01  5.71052864485294e-01
  5.53781195438597e+04  5.01661147641479e-01  5.51931304752222e-01  5.70549044608897e-01  5.71112964163440e-01
  5.53818478005637e+04  5.01948122357161e-01  5.52214704337646e-01  5.70704774651324e-01  5.71098352472327e-01
  5.53855760570277e+04  5.02164554863587e-01  5.52381668786122e-01  5.70782694788953e-01  5.71091999313800e-01
  5.53893043136504e+04  5.02205991357362e-01  5.52377385493816e-01  5.70798445054580e-01  5.71118580479824e-01
  5.53930325701100e+04  5.02214770051024e-01  5.52381677431337e-01  5.70759550024649e-01  5.71157474188169e-01
  5.53967608272834e+04  5.02271062316086e-01  5.52295335344445e-01  5.70828369404889e-01  5.71232491971058e-01
  5.54004890837303e+04  5.02304462166472e-01  5.52081841287369e-01  5.70902097837043e-01  5.71201403669260e-01
  5.54042173407055e+04  5.02260312313005e-01  5.51888088844788e-01  5.70942414249629e-01  5.71165948293730e-01
  5.54116738545463e+04  5.02186349786786e-01  5.51908564073470e-01  5.71134776666042e-01  5.71213718406578e-01
