  5.21309998712442e+04  4.53279422248128e-01  4.46584441292956e-01  3.72141048540330e-01  3.45310197690866e-01
  5.21347281046878e+04  4.53369618164248e-01  4.46576197916573e-01  3.72146153015916e-01  3.45439340018777e-01
  5.21384563382441e+04  4.53381896956001e-01  4.46397718978733e-01  3.72121563818898e-01  3.45521124071137e-01
  5.21421845719525e+04  4.53306121078894e-01  4.46084834986942e-01  3.72097167560050e-01  3.45503865774298e-01
  5.21459128054655e+04  4.53143839795682e-01  4.45764071444452e-01  3.72021062403739e-01  3.45406073707079e-01
  5.21496410384886e+04  4.52842071673075e-01  4.45446208585812e-01  3.72104571731994e-01  3.45232816638165e-01
  5.21533692710499e+04  4.52547753111658e-01  4.45161040942765e-01  3.71994367525799e-01  3.45166090073203e-01
  5.21570975034480e+04  4.52161642421430e-01  4.44833496770407e-01  3.71863087037209e-01  3.44997557906592e-01
  5.21608257388101e+04  4.51677763199106e-01  4.44545932219527e-01  3.71598502891771e-01  3.44835317143359e-01
  5.21666250005311e+04  4.51191865083000e-01  4.44224806458604e-01  3.71451276665588e-01  3.44527682901555e-01
  5.21673750004977e+04  4.50863898955642e-01  4.43969491428397e-01  3.71152893470133e-01  3.44336364847314e-01
  5.21711032361123e+04  4.50518023160522e-01  4.43753773091697e-01  3.71006666249842e-01  3.44171765625320e-01
  5.21748314705902e+04  4.50133884403259e-01  4.43454528666937e-01  3.70939142480990e-01  3.44011204504222e-01
  5.21785597052801e+04  4.49837358019710e-01  4.43150463714470e-01  3.70658055409807e-01  3.43972996927560e-01
  5.21822879417800e+04  4.49474996009849e-01  4.42758187274112e-01  3.70453672451089e-01  3.43898924168726e-01
  5.21860161770762e+04  4.49111842673871e-01  4.42366739175556e-01  3.70193795324206e-01  3.43827753174402e-01
  5.21897444126146e+04  4.48712516439749e-01  4.41991009257745e-01  3.70029342111547e-01  3.43693549363293e-01
  5.21934726508287e+04  4.48342107726092e-01  4.41652082552560e-01  3.69934245973820e-01  3.43520495980266e-01
  5.21972008871654e+04  4.48023373123130e-01  4.41285289265078e-01  3.69843985679306e-01  3.43397240752237e-01
  5.22009291248667e+04  4.47732741410524e-01  4.40931067286856e-01  3.69700856803748e-01  3.43239128901075e-01
  5.22046573620418e+04  4.47454647979393e-01  4.40550992949723e-01  3.69505179825372e-01  3.43086530569315e-01
  5.22083856009492e+04  4.47185427209313e-01  4.40186345680147e-01  3.69370754151238e-01  3.42956305050500e-01
  5.22121138397650e+04  4.46985097268282e-01  4.39901555086224e-01  3.69217220891366e-01  3.42875150358901e-01
  5.22186875000291e+04  4.46773662489664e-01  4.39647577372796e-01  3.69142029519359e-01  3.42707326882704e-01
  5.22200000003866e+04  4.46546747869086e-01  4.39498510325725e-01  3.69012889276979e-01  3.42597645243956e-01
  5.22237282384665e+04  4.46329850290399e-01  4.39407242443738e-01  3.68825682596348e-01  3.42580600056733e-01
  5.22274564790914e+04  4.46139901097228e-01  4.39339779245159e-01  3.68799637951852e-01  3.42588543198241e-01
  5.22311847183681e+04  4.45999106150264e-01  4.39228541885653e-01  3.68754710402929e-01  3.42586267223608e-01
  5.22349129592338e+04  4.45839536332982e-01  4.39035957945175e-01  3.68778041356753e-01  3.42475866378703e-01
  5.22386411994585e+04  4.45816171526754e-01  4.38810887487660e-01  3.68617763632337e-01  3.42532113754982e-01
  5.22423694396595e+04  4.45735708764960e-01  4.38552651091815e-01  3.68501821938380e-01  3.42512523697031e-01
  5.22460976815904e+04  4.45534025698196e-01  4.38323350176770e-01  3.68390814828998e-01  3.42492872386424e-01
  5.22498259227721e+04  4.45324950741248e-01  4.38209582917687e-01  3.68403732902433e-01  3.42506092428458e-01
  5.22535541654237e+04  4.45151152453839e-01  4.38158224894602e-01  3.68500295746616e-01  3.42435496985019e-01
  5.22572824069863e+04  4.45113910565786e-01  4.38119545039706e-01  3.68574541344129e-01  3.42319363698151e-01
  5.22610106485685e+04  4.45080438524259e-01  4.38122169821085e-01  3.68510281351520e-01  3.42247060549295e-01
  5.22647388921238e+04  4.45036779251417e-01  4.38085438201119e-01  3.68425438793624e-01  3.42205957593752e-01
  5.22684671344480e+04  4.45014809148216e-01  4.38014249346585e-01  3.68384234213874e-01  3.42081041122532e-01
  5.22721953767513e+04  4.44937488346163e-01  4.37934121989591e-01  3.68323544559514e-01  3.42022408330893e-01
  5.22759236210716e+04  4.44843852438325e-01  4.37835610802004e-01  3.68283959300242e-01  3.42048467232052e-01
  5.22796518640708e+04  4.44740120215473e-01  4.37763307368823e-01  3.68322487166486e-01  3.42102622508384e-01
  5.22833801074191e+04  4.44610991314265e-01  4.37713384123254e-01  3.68381824191776e-01  3.42103329499098e-01
  5.22906250006377e+04  4.44475552159148e-01  4.37716078179314e-01  3.68599942324344e-01  3.42050730142185e-01
  5.22909791668705e+04  4.44503840601065e-01  4.37797047553458e-01  3.68642854221573e-01  3.42104854150706e-01
  5.22947074099965e+04  4.44573019504992e-01  4.37876494884803e-01  3.68751876735941e-01  3.42077901499018e-01
  5.22984356532778e+04  4.44630229100769e-01  4.37998695442695e-01  3.68834337225493e-01  3.42059572082202e-01
  5.23021638964097e+04  4.44624664036965e-01  4.38132554264214e-01  3.68967643962956e-01  3.42084758451973e-01
  5.23058921412292e+04  4.44624150127284e-01  4.38253476339012e-01  3.69144114603071e-01  3.42240005690513e-01
  5.23096203838263e+04  4.44665564661660e-01  4.38385743890162e-01  3.69199680640246e-01  3.42411427003506e-01
  5.23133486272152e+04  4.44761352948498e-01  4.38587376739283e-01  3.69232686433526e-01  3.42529866980515e-01
  5.23170768706330e+04  4.44859707191025e-01  4.38764028609576e-01  3.69293706403214e-01  3.42648832918202e-01
  5.23208051139422e+04  4.44968186288461e-01  4.38947449752459e-01  3.69386162384812e-01  3.42724653803970e-01
  5.23245333573670e+04  4.45059058329359e-01  4.39190356995680e-01  3.69468221772694e-01  3.42801933943307e-01
  5.23310833333993e+04  4.45108232144527e-01  4.39360935494583e-01  3.69684762754173e-01  3.42816035664203e-01
  5.23314319452801e+04  4.45235148736225e-01  4.39480221383080e-01  3.69821866207057e-01  3.42877000003734e-01
  5.23351601865557e+04  4.45404479675254e-01  4.39555089020412e-01  3.69899274010964e-01  3.42996962980596e-01
  5.23388884279237e+04  4.45593509125562e-01  4.39651932313084e-01  3.70137902139499e-01  3.43122248749703e-01
  5.23426166692837e+04  4.45789887971222e-01  4.39798435149820e-01  3.70361862832651e-01  3.43244887347425e-01
  5.23463454437963e+04  4.46004533887483e-01  4.39957699543477e-01  3.70472738992994e-01  3.43375145757753e-01
  5.23500736851830e+04  4.46225007137687e-01  4.40116263062735e-01  3.70519209878085e-01  3.43539480353657e-01
  5.23538019251796e+04  4.46468176124483e-01  4.40269839858658e-01  3.70529076005639e-01  3.43689927750672e-01
  5.23575301658831e+04  4.46633933024147e-01  4.40369174779630e-01  3.70450548659974e-01  3.43748504379657e-01
  5.23612584067327e+04  4.46713590244579e-01  4.40433315831235e-01  3.70392198636972e-01  3.43811708645942e-01
  5.23649866475621e+04  4.46741996534969e-01  4.40529435205425e-01  3.70425438300949e-01  3.43868626098072e-01
  5.23687148867256e+04  4.46775765747949e-01  4.40641938899968e-01  3.70560880847634e-01  3.43918149218594e-01
  5.23724431268555e+04  4.46857221138861e-01  4.40727581891909e-01  3.70698675266644e-01  3.43973287765706e-01
  5.23761713670463e+04  4.46938728454940e-01  4.40764214177082e-01  3.70837601172111e-01  3.44038967587541e-01
  5.23798996071354e+04  4.47039897782660e-01  4.40758744988064e-01  3.70981286606650e-01  3.44095619126093e-01
  5.23836278454978e+04  4.47159718981155e-01  4.40757935322461e-01  3.71101800557692e-01  3.44116546632740e-01
  5.23873560850139e+04  4.47207289100181e-01  4.40714412337917e-01  3.71159928888557e-01  3.44069928245436e-01
  5.23910843245219e+04  4.47218868662042e-01  4.40689743999888e-01  3.71162494742751e-01  3.43975179634668e-01
  5.23948125638634e+04  4.47232106373787e-01  4.40722856174222e-01  3.71145782775562e-01  3.43945540210979e-01
  5.23985408019004e+04  4.47283333030065e-01  4.40734213362499e-01  3.71211997811000e-01  3.43963043417511e-01
  5.24025833334432e+04  4.47298597964697e-01  4.40850367811944e-01  3.71400570696913e-01  3.43918816562418e-01
  5.24030000000625e+04  4.47358597944604e-01  4.41059578502069e-01  3.71375125777618e-01  3.44015190974105e-01
  5.24067282394317e+04  4.47380730409848e-01  4.41189253026315e-01  3.71453609039460e-01  3.44056433820215e-01
  5.24104564765857e+04  4.47433094962594e-01  4.41251360991516e-01  3.71468190802393e-01  3.44194363930498e-01
  5.24141847149456e+04  4.47548328626654e-01  4.41247754117774e-01  3.71397155709521e-01  3.44350970055185e-01
  5.24179129531945e+04  4.47719198283187e-01  4.41228951943802e-01  3.71383992408910e-01  3.44507057585138e-01
  5.24216411914606e+04  4.47903389081364e-01  4.41224183507368e-01  3.71480483670226e-01  3.44670622512357e-01
  5.24253694287349e+04  4.48020466943315e-01  4.41222880258565e-01  3.71641435156201e-01  3.44817112261727e-01
  5.24290976669918e+04  4.48081589506584e-01  4.41256528560798e-01  3.71832932772553e-01  3.44857680676237e-01
  5.24328259041668e+04  4.48129450648552e-01  4.41341969581546e-01  3.72002990293072e-01  3.44833113888295e-01
  5.24365541420325e+04  4.48158904472004e-01  4.41445942194652e-01  3.72139016589137e-01  3.44832485120402e-01
  5.24402823800278e+04  4.48241957411917e-01  4.41576854547787e-01  3.72261320724146e-01  3.44880111392012e-01
  5.24440106186989e+04  4.48343922055812e-01  4.41673585680540e-01  3.72355590774510e-01  3.44970329289892e-01
  5.24477388564212e+04  4.48384983138039e-01  4.41733760916131e-01  3.72390922544239e-01  3.45040695471418e-01
  5.24514670942081e+04  4.48389829785721e-01  4.41808690004049e-01  3.72369923732308e-01  3.45120549585638e-01
  5.24551953321051e+04  4.48405824164780e-01  4.41897585453394e-01  3.72358579016876e-01  3.45212675432306e-01
  5.24589235701482e+04  4.48401523820743e-01  4.41957705620635e-01  3.72358790428208e-01  3.45361104949623e-01
  5.24626518080290e+04  4.48366784712166e-01  4.42126813030347e-01  3.72423638799472e-01  3.45568704673947e-01
  5.24663800463357e+04  4.48375412299624e-01  4.42315552136803e-01  3.72491253518092e-01  3.45772651441567e-01
  5.24701082845033e+04  4.48408096498795e-01  4.42414222932625e-01  3.72556051473067e-01  3.45920559841000e-01
  5.24738365227226e+04  4.48400391617799e-01  4.42410728561436e-01  3.72658157143915e-01  3.46021305137838e-01
  5.24775647610486e+04  4.48310670323283e-01  4.42400965483870e-01  3.72750267764830e-01  3.46072804818546e-01
  5.24812929993751e+04  4.48199075968831e-01  4.42395730295941e-01  3.72887124953894e-01  3.46131465570955e-01
  5.24856222230941e+04  4.48074681159880e-01  4.42439688261936e-01  3.73116203766500e-01  3.46156770692992e-01
  5.24860416675244e+04  4.48037957685722e-01  4.42526365653930e-01  3.73092229963894e-01  3.46282587188591e-01
  5.24897699064444e+04  4.48013942167744e-01  4.42591227936474e-01  3.73138876492364e-01  3.46395377062444e-01
  5.24934981452383e+04  4.48021894175372e-01  4.42654308443189e-01  3.73241227580091e-01  3.46521014364717e-01
  5.24972263845592e+04  4.48057056660095e-01  4.42717040825102e-01  3.73315505767931e-01  3.46610520353014e-01
  5.25009546240938e+04  4.48152306256505e-01  4.42892614856057e-01  3.73382318639908e-01  3.46701705233190e-01
  5.25046828637420e+04  4.48282718882620e-01  4.43045090083708e-01  3.73436470266835e-01  3.46859292733483e-01
  5.25084111030511e+04  4.48418944644875e-01  4.43191176838057e-01  3.73429354262844e-01  3.46904632659521e-01
  5.25121393429733e+04  4.48590819887469e-01  4.43344739061156e-01  3.73438568748422e-01  3.46950046008143e-01
  5.25158675834341e+04  4.48715230789592e-01  4.43458511416875e-01  3.73500284017562e-01  3.46934785466834e-01
  5.25195958241482e+04  4.48830439981739e-01  4.43578339996131e-01  3.73631275242838e-01  3.46934774980046e-01
  5.25233240649617e+04  4.48944770433272e-01  4.43665050541132e-01  3.73771556350673e-01  3.46957188107610e-01
  5.25270523062860e+04  4.49071256818899e-01  4.43685305857422e-01  3.73939472531134e-01  3.46998379325196e-01
  5.25307805478415e+04  4.49172877866454e-01  4.43666282723391e-01  3.74142837752902e-01  3.47066189672615e-01
  5.25345087894956e+04  4.49235010826660e-01  4.43564875606498e-01  3.74306276652028e-01  3.47146374743971e-01
  5.25382370321655e+04  4.49242047960534e-01  4.43410830190346e-01  3.74454604093131e-01  3.47153265662548e-01
  5.25419652742176e+04  4.49256709471805e-01  4.43333684971656e-01  3.74502429442486e-01  3.47112674398862e-01
  5.25456935170960e+04  4.49263361136262e-01  4.43258671156819e-01  3.74478609015993e-01  3.47044524368826e-01
  5.25494217600163e+04  4.49334716671801e-01  4.43161546840037e-01  3.74406329695323e-01  3.47001107835240e-01
  5.25531500037061e+04  4.49424873350959e-01  4.43087046088316e-01  3.74323686111189e-01  3.47029437949776e-01
  5.25568782474317e+04  4.49479106484673e-01  4.43010321065798e-01  3.74245967566670e-01  3.47120333374538e-01
  5.25606064916724e+04  4.49525331143201e-01  4.43001749084588e-01  3.74252200136827e-01  3.47182667452627e-01
  5.25643347360701e+04  4.49615898317154e-01  4.43037750150449e-01  3.74359923216636e-01  3.47260185016955e-01
  5.25680629809515e+04  4.49704751310111e-01  4.43079645718435e-01  3.74431627532480e-01  3.47411983536291e-01
  5.25717912263321e+04  4.49759647694793e-01  4.43105637793834e-01  3.74443464951257e-01  3.47582821371363e-01
  5.25755194716573e+04  4.49779067930087e-01  4.43133634395615e-01  3.74423183989504e-01  3.47679850619330e-01
  5.25792477174966e+04  4.49716630313235e-01  4.43213391499005e-01  3.74423160058328e-01  3.47646583500714e-01
  5.25837534723345e+04  4.49590382526675e-01  4.43307428034960e-01  3.74602539591685e-01  3.47572208814273e-01
  5.25841701397489e+04  4.49455734815972e-01  4.43437052423539e-01  3.74686232878426e-01  3.47604582207420e-01
  5.25878983861064e+04  4.49440928562643e-01  4.43560149127534e-01  3.74727812414109e-01  3.47746730249667e-01
  5.25916266333611e+04  4.49473788378534e-01  4.43536320874576e-01  3.74869633638235e-01  3.47791460145322e-01
  5.25953548807548e+04  4.49525636595605e-01  4.43463705680199e-01  3.74969370560203e-01  3.47875541088227e-01
  5.25990831280567e+04  4.49623361012011e-01  4.43470027102023e-01  3.75052756626278e-01  3.47981296926417e-01
  5.26028113759826e+04  4.49742149079607e-01  4.43490589441579e-01  3.75088132180234e-01  3.48028328336205e-01
  5.26065396240590e+04  4.49846111003320e-01  4.43509753113009e-01  3.75155286953554e-01  3.48068149701361e-01
  5.26102678727603e+04  4.49951516575439e-01  4.43457003164564e-01  3.75217586622623e-01  3.48118706797251e-01
  5.26139961216850e+04  4.49933095751022e-01  4.43380263143009e-01  3.75157541872232e-01  3.48180362576373e-01
  5.26177243702362e+04  4.49927266489534e-01  4.43409477236251e-01  3.75135595049348e-01  3.48222843969517e-01
  5.26214526189282e+04  4.49959551756676e-01  4.43513365524327e-01  3.75148781321412e-01  3.48323096842727e-01
  5.26251808682280e+04  4.50049810457970e-01  4.43672907678671e-01  3.75127733111137e-01  3.48426732922679e-01
  5.26289091173854e+04  4.50152752948348e-01  4.43797780851719e-01  3.75140570136124e-01  3.48544283149472e-01
  5.26326373670115e+04  4.50264292100966e-01  4.43888909164427e-01  3.75274003142363e-01  3.48677562000276e-01
  5.26363656168773e+04  4.50398160226357e-01  4.43975202322425e-01  3.75550741332848e-01  3.48838353439359e-01
  5.26400938668259e+04  4.50458886268791e-01  4.44068594692487e-01  3.75889119746064e-01  3.49012479922786e-01
  5.26438221163124e+04  4.50472244760046e-01  4.44225236007327e-01  3.76210782722156e-01  3.49137222726239e-01
  5.26475503659920e+04  4.50432082321852e-01  4.44386569787020e-01  3.76432458221032e-01  3.49216240372841e-01
  5.26512786158798e+04  4.50361023440476e-01  4.44534859159141e-01  3.76607198330431e-01  3.49282274593673e-01
  5.26550068659445e+04  4.50340945405119e-01  4.44711711147351e-01  3.76712145580253e-01  3.49408674395664e-01
  5.26587351156539e+04  4.50335975305434e-01  4.44897359805038e-01  3.76800582590691e-01  3.49543462250594e-01
  5.26624633655925e+04  4.50398441039866e-01  4.45046086091266e-01  3.76854274784263e-01  3.49650291591307e-01
  5.26661916156413e+04  4.50483344494179e-01  4.45239715598444e-01  3.76790336009122e-01  3.49712289103869e-01
  5.26699198654307e+04  4.50607113450122e-01  4.45452908489578e-01  3.76762776314039e-01  3.49812039522927e-01
  5.26736481151680e+04  4.50794577079566e-01  4.45626667880259e-01  3.76800240000561e-01  3.49900544616903e-01
  5.26773763648982e+04  4.51055121464902e-01  4.45729574795218e-01  3.76913341683557e-01  3.49971316173130e-01
  5.26811046147626e+04  4.51361015178138e-01  4.45816792605441e-01  3.77088074742600e-01  3.49986566316183e-01
  5.26848328644617e+04  4.51599312422551e-01  4.45972133447379e-01  3.77280152066597e-01  3.50048185755953e-01
  5.26885611139423e+04  4.51788985472551e-01  4.46126002072310e-01  3.77386344803422e-01  3.50121765460270e-01
  5.26922893634259e+04  4.51999819971222e-01  4.46253879346355e-01  3.77460909953979e-01  3.50199842076025e-01
  5.26960176121805e+04  4.52232405745824e-01  4.46394804938883e-01  3.77556236992076e-01  3.50302343124455e-01
  5.26997458612754e+04  4.52491093005795e-01  4.46569272527651e-01  3.77613762082968e-01  3.50336218419039e-01
  5.27034741103102e+04  4.52685983352859e-01  4.46745136970010e-01  3.77639865425317e-01  3.50374408741298e-01
  5.27105243062604e+04  4.52778808927594e-01  4.46816246339768e-01  3.77773752423085e-01  3.50438414671640e-01
  5.27109687506251e+04  4.53031371396753e-01  4.46921120136074e-01  3.77755953782594e-01  3.50626204142302e-01
  5.27146969988937e+04  4.53255064966012e-01  4.46881197313379e-01  3.78002030595190e-01  3.50678577471825e-01
  5.27184252469372e+04  4.53471394427573e-01  4.46795492902277e-01  3.78311775606720e-01  3.50760425074486e-01
  5.27221534948681e+04  4.53663535085145e-01  4.46749793584424e-01  3.78515618357419e-01  3.50786832567753e-01
  5.27258817421399e+04  4.53829272907821e-01  4.46788956617126e-01  3.78630967538159e-01  3.50852390750396e-01
  5.27296099896597e+04  4.53894959292987e-01  4.46865846023536e-01  3.78741382325474e-01  3.50963929647488e-01
  5.27333382370183e+04  4.53936148437213e-01  4.46980880323009e-01  3.78839028835846e-01  3.51048371115374e-01
  5.27370664842964e+04  4.54025146606163e-01  4.47143102756584e-01  3.78877172599610e-01  3.51098810800538e-01
  5.27407947308785e+04  4.54077549611377e-01  4.47212339916755e-01  3.78923342332389e-01  3.51178183640025e-01
  5.27445229778971e+04  4.54086042430562e-01  4.47283141246685e-01  3.79105213479930e-01  3.51288123092603e-01
  5.27482512241632e+04  4.54070228367845e-01  4.47429112620822e-01  3.79223909851564e-01  3.51405555022184e-01
  5.27519794701100e+04  4.54092979562751e-01  4.47627691608312e-01  3.79227946378333e-01  3.51475885780589e-01
  5.27557077160625e+04  4.54184048554488e-01  4.47817093565471e-01  3.79216708316538e-01  3.51509861174314e-01
  5.27594359619791e+04  4.54324925092380e-01  4.48041510189920e-01  3.79233608050954e-01  3.51584476125236e-01
  5.27631642074339e+04  4.54512270292664e-01  4.48219318601111e-01  3.79288400755574e-01  3.51702775568397e-01
  5.27668924532698e+04  4.54757876273596e-01  4.48399716597583e-01  3.79427204705845e-01  3.51839808007793e-01
  5.27706206984282e+04  4.54958261957989e-01  4.48536509244363e-01  3.79523220713002e-01  3.51978590929648e-01
  5.27743489435764e+04  4.55097632710952e-01  4.48616342655854e-01  3.79571252445649e-01  3.52087397579803e-01
  5.27780771884849e+04  4.55229493793156e-01  4.48619776358858e-01  3.79621670933446e-01  3.52151084086244e-01
  5.27842805563626e+04  4.55243164106544e-01  4.48562495809161e-01  3.79790591373560e-01  3.52223147440864e-01
  5.27844027786088e+04  4.55308788228712e-01  4.48597287260795e-01  3.79717442285095e-01  3.52485904530440e-01
  5.27881310232478e+04  4.55363471290717e-01  4.48612396174733e-01  3.79722235270538e-01  3.52627188481838e-01
  5.27918592680822e+04  4.55367388568170e-01  4.48594556352686e-01  3.79739908894837e-01  3.52724394793497e-01
  5.27955875126842e+04  4.55369250975693e-01  4.48667192293146e-01  3.79751515814670e-01  3.52772179169531e-01
  5.27993157572732e+04  4.55411015030257e-01  4.48787691018991e-01  3.79749192706008e-01  3.52805245434221e-01
  5.28030440014165e+04  4.55473881820528e-01  4.48848016757546e-01  3.79884912660848e-01  3.52859973685783e-01
  5.28067722459874e+04  4.55534272312732e-01  4.48887779909052e-01  3.80026909217038e-01  3.52951294345637e-01
  5.28105004902533e+04  4.55552728266658e-01  4.48896796938056e-01  3.80170870923314e-01  3.52962919672099e-01
  5.28142287348231e+04  4.55497388370690e-01  4.48939955786221e-01  3.80288302915681e-01  3.52976205996060e-01
  5.28179569794535e+04  4.55500011540374e-01  4.49005279799642e-01  3.80387647245234e-01  3.52989811897785e-01
  5.28216852238264e+04  4.55568517341893e-01  4.49060327445712e-01  3.80554455158894e-01  3.52985083989075e-01
  5.28254134681968e+04  4.55716636562004e-01  4.49211645396489e-01  3.80697905451152e-01  3.53003495382404e-01
  5.28291417126077e+04  4.55918733659282e-01  4.49479939771800e-01  3.80773354496912e-01  3.53040506502146e-01
  5.28328699572778e+04  4.56045780904584e-01  4.49698410383307e-01  3.80846863207450e-01  3.53124235867284e-01
  5.28365982017326e+04  4.56118592318228e-01  4.49847462123093e-01  3.80875775239821e-01  3.53248724238387e-01
  5.28403264464155e+04  4.56176453516283e-01  4.49895881657776e-01  3.80906893034485e-01  3.53332435809334e-01
  5.28440546913483e+04  4.56225268213882e-01  4.49936420731647e-01  3.80924280858067e-01  3.53381851031757e-01
  5.28477829362940e+04  4.56267976872988e-01  4.49968949586122e-01  3.80959156175833e-01  3.53481165545672e-01
  5.28515111814664e+04  4.56322836885614e-01  4.50000295277712e-01  3.81023842468911e-01  3.53605370869788e-01
  5.28552394266678e+04  4.56307554740162e-01  4.49976433710937e-01  3.81154513064636e-01  3.53623230058552e-01
  5.28616458338831e+04  4.56224658567859e-01  4.49887730125066e-01  3.81349893898220e-01  3.53441356113964e-01
  5.28640500002661e+04  4.56136919965977e-01  4.49879417530627e-01  3.81452737473089e-01  3.53355996457898e-01
  5.28677782463252e+04  4.56103127079346e-01  4.49934373268088e-01  3.81484336952956e-01  3.53427932899841e-01
  5.28715064921828e+04  4.56099991793816e-01  4.50025271440863e-01  3.81634387721294e-01  3.53480869793485e-01
  5.28752347380728e+04  4.56104972276813e-01  4.50123660569976e-01  3.81753407698055e-01  3.53546110327503e-01
  5.28789629845798e+04  4.56096353023350e-01  4.50192444745524e-01  3.81891698983414e-01  3.53627943722568e-01
  5.28826912314675e+04  4.56012764815192e-01  4.50292931587789e-01  3.82029377010488e-01  3.53738817305088e-01
  5.28864194783946e+04  4.55952801381049e-01  4.50368460504230e-01  3.82036821263646e-01  3.53842323009475e-01
  5.28901477258496e+04  4.55922669846095e-01  4.50328059118415e-01  3.81886227404440e-01  3.53937110004581e-01
  5.28938759731133e+04  4.55881147410455e-01  4.50209258515279e-01  3.81826603803758e-01  3.54036477094259e-01
  5.28976042206586e+04  4.55894837117667e-01  4.50061643775605e-01  3.81919971261236e-01  3.54151086124327e-01
  5.29013324691480e+04  4.55999729041440e-01  4.49869949913939e-01  3.82043163687719e-01  3.54255079094012e-01
  5.29050607172223e+04  4.56160744241639e-01  4.49732249278582e-01  3.82187225693200e-01  3.54358081833087e-01
  5.29087889662813e+04  4.56290523839005e-01  4.49690805641541e-01  3.82303914040471e-01  3.54432639642336e-01
  5.29125172149849e+04  4.56379134472717e-01  4.49664472329722e-01  3.82405077099204e-01  3.54509026824356e-01
  5.29162454641355e+04  4.56455170128134e-01  4.49653974138213e-01  3.82427164512513e-01  3.54593976653944e-01
  5.29199737135832e+04  4.56523019705056e-01  4.49662527487468e-01  3.82430669528978e-01  3.54672177861229e-01
  5.29237019635197e+04  4.56602435494778e-01  4.49774519699323e-01  3.82485387769322e-01  3.54790682532974e-01
  5.29274302138241e+04  4.56585780349027e-01  4.49949259028673e-01  3.82528996774027e-01  3.54926275677848e-01
  5.29311584640753e+04  4.56560547846558e-01  4.50090230785700e-01  3.82517073312911e-01  3.55045361175217e-01
  5.29348867147976e+04  4.56479864256066e-01  4.50136350843878e-01  3.82610497548652e-01  3.55106911437212e-01
  5.29409479171836e+04  4.56303824944066e-01  4.50143629882336e-01  3.82796696521632e-01  3.55056389222826e-01
  5.29411805560647e+04  4.56226997889129e-01  4.50169501611515e-01  3.82775350720674e-01  3.55047563259611e-01
  5.29449088066563e+04  4.56305553185373e-01  4.50275700885462e-01  3.82634582467952e-01  3.55137482595123e-01
  5.29486370585787e+04  4.56371427634657e-01  4.50377411667274e-01  3.82682905171761e-01  3.55163272794026e-01
  5.29555659730705e+04  4.56413014135367e-01  4.50481611236622e-01  3.82837367764844e-01  3.55121571758693e-01
  5.29560000001954e+04  4.56490209060625e-01  4.50569126453142e-01  3.82701691082820e-01  3.55215327176712e-01
  5.29597282524491e+04  4.56506489884789e-01  4.50648391209505e-01  3.82680394790809e-01  3.55295237602236e-01
  5.29634565048934e+04  4.56500441014415e-01  4.50744803225355e-01  3.82714541768367e-01  3.55387024558486e-01
  5.29671847584781e+04  4.56528023421196e-01  4.50753191451717e-01  3.82708613059258e-01  3.55469473284826e-01
  5.29709130114583e+04  4.56593205925405e-01  4.50734084135177e-01  3.82656925670027e-01  3.55575744472225e-01
  5.29746412646610e+04  4.56629801152854e-01  4.50769191538057e-01  3.82697312695507e-01  3.55630035265799e-01
  5.29783695185116e+04  4.56710106978398e-01  4.50846523043142e-01  3.82811438643392e-01  3.55615585531206e-01
  5.29820977723612e+04  4.56837366650968e-01  4.50958785901680e-01  3.82934525297783e-01  3.55633274771857e-01
  5.29858260261875e+04  4.56951539578570e-01  4.51019462179849e-01  3.83103584684846e-01  3.55729324305928e-01
  5.29895542800278e+04  4.57045238118252e-01  4.51108825452267e-01  3.83244750369282e-01  3.55886407436009e-01
  5.29932825340949e+04  4.57159528517798e-01  4.51209766094751e-01  3.83299139170846e-01  3.55977155689482e-01
  5.29970107881642e+04  4.57201591639318e-01  4.51272383209790e-01  3.83351056464899e-01  3.55985366171228e-01
  5.30007390422385e+04  4.57173980112083e-01  4.51339300513424e-01  3.83497282691751e-01  3.56041658739521e-01
  5.30044672972860e+04  4.57196571273692e-01  4.51373295794360e-01  3.83657735453820e-01  3.56122082763932e-01
  5.30081955519584e+04  4.57225160883332e-01  4.51433805683213e-01  3.83753895777399e-01  3.56211776126660e-01
  5.30119238060950e+04  4.57213245889575e-01  4.51575267971346e-01  3.83770388802440e-01  3.56261209587587e-01
  5.30156520601888e+04  4.57217484709034e-01  4.51748306977512e-01  3.83834016803499e-01  3.56285153496388e-01
  5.30193803158125e+04  4.57260318828595e-01  4.51893053966655e-01  3.83982537098890e-01  3.56308102709172e-01
  5.30231085701992e+04  4.57267797285111e-01  4.52079956783920e-01  3.84121333189120e-01  3.56183115742582e-01
  5.30268368250626e+04  4.57290171890391e-01  4.52301427988525e-01  3.84374107071272e-01  3.56045854959369e-01
  5.30305650798239e+04  4.57398079482330e-01  4.52459988590145e-01  3.84596332465888e-01  3.56005977182314e-01
  5.30342933339490e+04  4.57566656636684e-01  4.52542649515583e-01  3.84673016403310e-01  3.56030201281167e-01
  5.30380215883969e+04  4.57741316285209e-01  4.52561146247888e-01  3.84716946382370e-01  3.56101540317100e-01
  5.30417498428670e+04  4.57834544686213e-01  4.52570668781915e-01  3.84769999467218e-01  3.56238376247717e-01
  5.30454780969527e+04  4.57926431121253e-01  4.52639653457434e-01  3.84823266520476e-01  3.56291845709577e-01
  5.30492063511874e+04  4.57977659190423e-01  4.52642100475387e-01  3.84843397123865e-01  3.56248877397877e-01
  5.30529346052096e+04  4.58005848692334e-01  4.52651923167882e-01  3.84927435456781e-01  3.56201789121261e-01
  5.30566628592582e+04  4.57984421682769e-01  4.52736576677868e-01  3.85130283884852e-01  3.56223575201463e-01
  5.30603911132177e+04  4.57930282402900e-01  4.52852659306061e-01  3.85322886527211e-01  3.56230718669589e-01
  5.30641193666887e+04  4.57901693914563e-01  4.52980555406893e-01  3.85521880153112e-01  3.56217400136669e-01
  5.30678476201424e+04  4.57907014076850e-01  4.53165084543416e-01  3.85693870726716e-01  3.56202661887133e-01
  5.30735833336862e+04  4.57937584603297e-01  4.53380300080539e-01  3.85920529546056e-01  3.56196599948612e-01
  5.30740416674825e+04  4.58046211834543e-01  4.53569541081650e-01  3.86009221538863e-01  3.56308560252778e-01
  5.30777699204342e+04  4.58253440559116e-01  4.53702347646991e-01  3.85971063629480e-01  3.56539834398860e-01
  5.30814981732038e+04  4.58491539057178e-01  4.53838532508171e-01  3.86017369602681e-01  3.56721637635951e-01
  5.30852264257881e+04  4.58771809773096e-01  4.53922903430234e-01  3.86081811984307e-01  3.56834997698873e-01
  5.30889546781944e+04  4.59013960972563e-01  4.53946177829659e-01  3.86153832171527e-01  3.57013870509156e-01
  5.30926829303149e+04  4.59181939648327e-01  4.53951469795050e-01  3.86147747567974e-01  3.57169487010261e-01
  5.30964111821632e+04  4.59325088908729e-01  4.53930664453472e-01  3.86063052238682e-01  3.57258748671718e-01
  5.31001394339606e+04  4.59442427439269e-01  4.53917395502200e-01  3.85955854996970e-01  3.57311514777312e-01
  5.31038676855476e+04  4.59594354128771e-01  4.53928988750845e-01  3.85902901086376e-01  3.57431722209803e-01
  5.31075959368911e+04  4.59771228705524e-01  4.53981055279818e-01  3.85884111050342e-01  3.57637148330254e-01
  5.31113241879792e+04  4.59950193462119e-01  4.54061712210503e-01  3.85874177755800e-01  3.57882162970525e-01
  5.31150524390521e+04  4.60127634717227e-01  4.54199941831597e-01  3.85866483356691e-01  3.58079655362064e-01
  5.31187806896215e+04  4.60277045137322e-01  4.54364856574839e-01  3.85890669290278e-01  3.58208879397808e-01
  5.31225089401666e+04  4.60374595482325e-01  4.54523359679929e-01  3.85886440750997e-01  3.58421233531945e-01
  5.31262371905185e+04  4.60522180596031e-01  4.54695714681363e-01  3.85945387698403e-01  3.58712432837091e-01
  5.31299654406287e+04  4.60706465370156e-01  4.54792351050682e-01  3.86063441205372e-01  3.58904086164575e-01
  5.31336936906748e+04  4.60908199341746e-01  4.54873523467030e-01  3.86226051889250e-01  3.59043552526540e-01
  5.31374219404953e+04  4.61064127048161e-01  4.54933078735968e-01  3.86477072779510e-01  3.59178544123126e-01
  5.31411501902940e+04  4.61102858468949e-01  4.54953041277419e-01  3.86662336266484e-01  3.59280673892961e-01
  5.31448784398067e+04  4.61157839524051e-01  4.55010077341822e-01  3.86776097063789e-01  3.59343459135944e-01
  5.31486066891490e+04  4.61211865806777e-01  4.55056494277388e-01  3.86901313011211e-01  3.59346787159629e-01
  5.31523349383370e+04  4.61268661141054e-01  4.55094728298554e-01  3.87046763798297e-01  3.59309523509887e-01
  5.31560631873703e+04  4.61352857824030e-01  4.55117593528092e-01  3.87175627131560e-01  3.59267941070719e-01
  5.31597914366550e+04  4.61411069934393e-01  4.55120148726508e-01  3.87266059671361e-01  3.59288040346886e-01
  5.31635196856539e+04  4.61486897600807e-01  4.55128700305860e-01  3.87375941153363e-01  3.59240864694909e-01
  5.31672479344388e+04  4.61621902535996e-01  4.55217450481257e-01  3.87513816938668e-01  3.59165545020824e-01
  5.31709761834558e+04  4.61720860497518e-01  4.55317920053419e-01  3.87588085551817e-01  3.59112817725517e-01
  5.31747044321760e+04  4.61750558773862e-01  4.55424728251316e-01  3.87595368964336e-01  3.59071292479131e-01
  5.31784326807640e+04  4.61777222651209e-01  4.55530644695721e-01  3.87613966068128e-01  3.59058814997924e-01
  5.31821609295498e+04  4.61792336037861e-01  4.55640465819206e-01  3.87643204442590e-01  3.59083465463824e-01
  5.31858891783391e+04  4.61832676692352e-01  4.55794449686036e-01  3.87624728590879e-01  3.59076691586593e-01
  5.31896174271562e+04  4.61922661379565e-01  4.55925326534427e-01  3.87608242498109e-01  3.59011536479170e-01
  5.31933456757698e+04  4.61987139311636e-01  4.56031350141738e-01  3.87630863828535e-01  3.58925148344186e-01
  5.31970739246239e+04  4.62073369155944e-01  4.56124916938544e-01  3.87726223054526e-01  3.58866140209462e-01
  5.32008021734918e+04  4.62130368547066e-01  4.56142143301011e-01  3.87847169548230e-01  3.58848909428622e-01
  5.32045304223505e+04  4.62092518603659e-01  4.56140366918095e-01  3.87982547183861e-01  3.58885832463971e-01
  5.32082586714005e+04  4.62060953188890e-01  4.56136895197229e-01  3.88144706970542e-01  3.58955248214707e-01
  5.32119869204560e+04  4.62093166654444e-01  4.56098062671630e-01  3.88262646597677e-01  3.59061076862653e-01
  5.32157151695902e+04  4.62138196183491e-01  4.56019931146434e-01  3.88295196627134e-01  3.59178811675124e-01
  5.32194434188716e+04  4.62212126098672e-01  4.55927104520089e-01  3.88367403541651e-01  3.59335667518485e-01
  5.32231716684723e+04  4.62228792552509e-01  4.55818484097694e-01  3.88436034553695e-01  3.59473994620985e-01
  5.32286736116699e+04  4.62178122426219e-01  4.55732397764780e-01  3.88613366641333e-01  3.59481389577403e-01
  5.32291250003379e+04  4.62191602541436e-01  4.55687804764148e-01  3.88664915041983e-01  3.59544916543720e-01
  5.32328532502396e+04  4.62179693971159e-01  4.55688281027045e-01  3.88747563954585e-01  3.59610527748389e-01
  5.32365815001758e+04  4.62155146411394e-01  4.55754086356410e-01  3.88827794328282e-01  3.59753497456804e-01
  5.32403097506088e+04  4.62148569149338e-01  4.55894268530912e-01  3.88899500347388e-01  3.59888448442021e-01
  5.32440380010682e+04  4.62185456008046e-01  4.56016091093254e-01  3.89014706818868e-01  3.59938439067001e-01
  5.32477662517027e+04  4.62251475239733e-01  4.56032664264433e-01  3.89094507280754e-01  3.59906085345920e-01
  5.32514945024617e+04  4.62296361961045e-01  4.56061248933116e-01  3.89179167730319e-01  3.59857166798730e-01
  5.32552227537235e+04  4.62337713124131e-01  4.56144240337887e-01  3.89212239271104e-01  3.59821516225880e-01
  5.32589510054641e+04  4.62310696799338e-01  4.56268047150273e-01  3.89223251615008e-01  3.59918797261418e-01
  5.32626792569897e+04  4.62239742233596e-01  4.56438677297684e-01  3.89217274677169e-01  3.60038961146599e-01
  5.32664075090480e+04  4.62172386054483e-01  4.56575488525662e-01  3.89266769220380e-01  3.60043886659732e-01
  5.32701357613761e+04  4.62129801684798e-01  4.56575636995959e-01  3.89429543369809e-01  3.60073423303839e-01
  5.32738640139167e+04  4.62114667845689e-01  4.56557382456435e-01  3.89574406840102e-01  3.60108362638541e-01
  5.32775922665150e+04  4.62075169661255e-01  4.56621725397596e-01  3.89621901978962e-01  3.60219905420929e-01
  5.32813205195242e+04  4.62035932001299e-01  4.56678169888906e-01  3.89654632166322e-01  3.60297749248584e-01
  5.32850487732105e+04  4.61956275954840e-01  4.56688830570997e-01  3.89627842533206e-01  3.60326974441167e-01
  5.32887770266712e+04  4.61863730310870e-01  4.56705192487980e-01  3.89605150004122e-01  3.60434483481410e-01
  5.32925052804318e+04  4.61776182306104e-01  4.56710992451117e-01  3.89573791120852e-01  3.60543169481955e-01
  5.32962335345718e+04  4.61726117975591e-01  4.56665229833217e-01  3.89438040327463e-01  3.60705880515706e-01
  5.32999617889364e+04  4.61734264278337e-01  4.56616903959247e-01  3.89252573627407e-01  3.60944562979924e-01
  5.33036900434559e+04  4.61794880299245e-01  4.56620059736343e-01  3.89127925351549e-01  3.61178753311921e-01
  5.33074182985150e+04  4.61822566042204e-01  4.56678060145193e-01  3.89099117277130e-01  3.61306868608101e-01
  5.33111465534446e+04  4.61867635843433e-01  4.56739077240484e-01  3.89133280883990e-01  3.61364081113603e-01
  5.33148748087452e+04  4.61980917769251e-01  4.56766745355290e-01  3.89241193650910e-01  3.61375822878948e-01
  5.33186030641238e+04  4.62217234407453e-01  4.56766342506818e-01  3.89335669152918e-01  3.61352822859929e-01
  5.33223313200497e+04  4.62483700120953e-01  4.56784642102462e-01  3.89439526603302e-01  3.61345431845110e-01
  5.33260595760338e+04  4.62763154911088e-01  4.56797899520296e-01  3.89485260689899e-01  3.61335030505708e-01
  5.33297878323425e+04  4.63036120970666e-01  4.56803791674924e-01  3.89406246155158e-01  3.61296990486666e-01
  5.33335160885869e+04  4.63241240514108e-01  4.56835981651643e-01  3.89247191799765e-01  3.61255447762154e-01
  5.33372443450126e+04  4.63376725069837e-01  4.56835499101467e-01  3.89069813374575e-01  3.61205683542893e-01
  5.33409726018645e+04  4.63459944197064e-01  4.56808923844894e-01  3.89005022120445e-01  3.61178663655408e-01
  5.33447008610602e+04  4.63478133493304e-01  4.56710643415006e-01  3.89003441324950e-01  3.61128493761726e-01
  5.33484291157964e+04  4.63400015392111e-01  4.56604069128860e-01  3.89000813937991e-01  3.61067437274447e-01
  5.33537361112801e+04  4.63203095099911e-01  4.56606482660079e-01  3.89114683643805e-01  3.60981861461730e-01
  5.33541875008611e+04  4.63111891365835e-01  4.56675509373449e-01  3.89083305165728e-01  3.61060283577064e-01
  5.33579157581066e+04  4.62970730332041e-01  4.56761559959726e-01  3.89248437310045e-01  3.61187579047885e-01
  5.33616440155917e+04  4.62826706352981e-01  4.56810123838132e-01  3.89435114183601e-01  3.61370623189158e-01
  5.33653722730522e+04  4.62689592673396e-01  4.56850673608473e-01  3.89546446227470e-01  3.61519241654751e-01
  5.33691005307383e+04  4.62577478219199e-01  4.56958982709685e-01  3.89534044390102e-01  3.61628414398786e-01
  5.33728287884026e+04  4.62543680766659e-01  4.57131633901624e-01  3.89485676575986e-01  3.61747997297888e-01
  5.33765570458911e+04  4.62558847477080e-01  4.57300112378362e-01  3.89489824732315e-01  3.61834670816278e-01
  5.33802853036271e+04  4.62607697610522e-01  4.57473577567330e-01  3.89446892069477e-01  3.61836488642531e-01
  5.33840135613936e+04  4.62716038704035e-01  4.57659571035975e-01  3.89355478636583e-01  3.61844157504224e-01
  5.33902500004677e+04  4.62774911751505e-01  4.57768123364495e-01  3.89366280959484e-01  3.61775842539061e-01
  5.33918333339862e+04  4.62955778382495e-01  4.57845502833640e-01  3.89204104417700e-01  3.61792286740963e-01
  5.33955615912790e+04  4.63125549629166e-01  4.57930227970421e-01  3.89184315597568e-01  3.61709359170135e-01
  5.33992898490624e+04  4.63251542956982e-01  4.58013150691738e-01  3.89142415052868e-01  3.61632589307489e-01
  5.34030181064073e+04  4.63346415150152e-01  4.58072480636700e-01  3.89161039857484e-01  3.61526312341551e-01
  5.34067463639779e+04  4.63484850972647e-01  4.58083856822859e-01  3.89207837209002e-01  3.61415395460738e-01
  5.34104746212986e+04  4.63648377916525e-01  4.58069759217312e-01  3.89247203887975e-01  3.61331596795908e-01
  5.34142028783496e+04  4.63864782361784e-01  4.58084135263381e-01  3.89352966083855e-01  3.61194449580826e-01
  5.34188750008530e+04  4.64050397000938e-01  4.58075138079245e-01  3.89536815126658e-01  3.61021572992997e-01
  5.34230000006620e+04  4.64221212497776e-01  4.58160840527137e-01  3.89632739845155e-01  3.61040808209672e-01
  5.34267282574816e+04  4.64352051436228e-01  4.58255097483332e-01  3.89720893971725e-01  3.61228461074425e-01
  5.34304565139700e+04  4.64433500829202e-01  4.58385973807408e-01  3.89938199915892e-01  3.61421928544857e-01
  5.34341847701841e+04  4.64522026839035e-01  4.58490138414421e-01  3.90194569237678e-01  3.61667728909164e-01
  5.34379130270432e+04  4.64620760184349e-01  4.58539554641353e-01  3.90427684317378e-01  3.61884246823978e-01
  5.34416412829663e+04  4.64705816253351e-01  4.58629249384883e-01  3.90651369349580e-01  3.61968323309986e-01
  5.34453695389238e+04  4.64764626566478e-01  4.58784741609040e-01  3.90899833157520e-01  3.62008249370692e-01
  5.34490977949098e+04  4.64775683862679e-01  4.58944304035965e-01  3.91124041874082e-01  3.62079926725270e-01
  5.34528260504605e+04  4.64769353994478e-01  4.59116485777843e-01  3.91286000805509e-01  3.62195707789391e-01
  5.34565543060394e+04  4.64726793718487e-01  4.59248348048246e-01  3.91335532742394e-01  3.62352193128853e-01
  5.34602825612835e+04  4.64742275947407e-01  4.59373450823824e-01  3.91383751605403e-01  3.62549852647178e-01
  5.34644375008820e+04  4.64736452973699e-01  4.59478552166509e-01  3.91632315727413e-01  3.62763086968005e-01
  5.34648958333970e+04  4.64870439739625e-01  4.59538884734825e-01  3.91584133532241e-01  3.63020823753231e-01
  5.34686240880811e+04  4.65003295294633e-01  4.59565683995678e-01  3.91564741754531e-01  3.63117889271079e-01
  5.34723523427363e+04  4.65168166913231e-01  4.59617270223346e-01  3.91497244236132e-01  3.63160143684736e-01
  5.34760805971214e+04  4.65330959590588e-01  4.59705292622618e-01  3.91485472445629e-01  3.63202526537288e-01
  5.34798088513104e+04  4.65537829599161e-01  4.59720341847838e-01  3.91555612487074e-01  3.63243793198493e-01
  5.34835371053010e+04  4.65785038590783e-01  4.59779476854813e-01  3.91644859542256e-01  3.63319604854795e-01
  5.34872653592082e+04  4.66011262334603e-01  4.59950830645790e-01  3.91688913468666e-01  3.63445689911456e-01
  5.34909936126818e+04  4.66186780933130e-01  4.60142650044923e-01  3.91724057505556e-01  3.63528189380357e-01
  5.34947218659167e+04  4.66332354939359e-01  4.60351601121071e-01  3.91748668401715e-01  3.63597512970111e-01
  5.34984501191377e+04  4.66476702867418e-01  4.60551624901291e-01  3.91775149290033e-01  3.63685097563967e-01
  5.35021783721261e+04  4.66607555911941e-01  4.60725613840369e-01  3.91930153191193e-01  3.63716994302881e-01
  5.35059066253402e+04  4.66850269361156e-01  4.60945261789798e-01  3.91942599936208e-01  3.63797071092643e-01
  5.35096348783276e+04  4.67112619890382e-01  4.61116545285849e-01  3.92058842946903e-01  3.63739704213974e-01
  5.35133631308783e+04  4.67315687618788e-01  4.61296212740383e-01  3.92077667724043e-01  3.63682409605905e-01
  5.35170913834049e+04  4.67493607289741e-01  4.61462783541046e-01  3.92085887176849e-01  3.63650168932211e-01
  5.35208196359110e+04  4.67601905931926e-01  4.61591894444901e-01  3.92119974913561e-01  3.63630969238705e-01
  5.35256479170070e+04  4.67610599324975e-01  4.61638732547950e-01  3.92333798500264e-01  3.63608379311132e-01
  5.35257479173611e+04  4.67708807313921e-01  4.61726769233534e-01  3.92337570985809e-01  3.63750238049920e-01
  5.35294761694901e+04  4.67788172726206e-01  4.61792951345696e-01  3.92359193172040e-01  3.63828726299273e-01
  5.35332044216494e+04  4.67853399129970e-01  4.61775392637218e-01  3.92365108972004e-01  3.63928717307303e-01
  5.35369326736619e+04  4.67863971915957e-01  4.61679391316375e-01  3.92431617838069e-01  3.64015912987254e-01
  5.35406609259143e+04  4.67839778570512e-01  4.61590375636367e-01  3.92549926734842e-01  3.64045303349856e-01
  5.35443891779444e+04  4.67795682959562e-01  4.61535002982819e-01  3.92687407271443e-01  3.64091354012481e-01
  5.35481174301690e+04  4.67709813438988e-01  4.61505427033386e-01  3.92832684801494e-01  3.64102874431659e-01
  5.35518456822118e+04  4.67623146358248e-01  4.61526315862755e-01  3.93009908932342e-01  3.64105511778895e-01
  5.35555739342672e+04  4.67583842409352e-01  4.61532533748396e-01  3.93134453097643e-01  3.64167649305327e-01
  5.35593021863888e+04  4.67606802669042e-01  4.61547224042300e-01  3.93253974660295e-01  3.64208806680482e-01
  5.35630304384307e+04  4.67697857620188e-01  4.61625968129760e-01  3.93309190458024e-01  3.64187350225141e-01
  5.35667586907119e+04  4.67791954956801e-01  4.61671310151348e-01  3.93304702570872e-01  3.64193351878555e-01
  5.35704869427698e+04  4.67796873169272e-01  4.61665474450236e-01  3.93271773091962e-01  3.64319504888325e-01
  5.35742151950416e+04  4.67801242733059e-01  4.61586296966118e-01  3.93134084910797e-01  3.64417257797873e-01
  5.35785694449122e+04  4.67778376819209e-01  4.61421888784882e-01  3.93106615242697e-01  3.64419837560332e-01
  5.35790277779273e+04  4.67856559767073e-01  4.61326760042007e-01  3.92869560880152e-01  3.64534642213671e-01
  5.35827560304305e+04  4.67846673351736e-01  4.61277925744138e-01  3.92703442538987e-01  3.64554561402980e-01
  5.35864842830346e+04  4.67903914675426e-01  4.61255883512648e-01  3.92524943496809e-01  3.64556850301738e-01
  5.35902125356563e+04  4.67991984222354e-01  4.61281954779776e-01  3.92419209105503e-01  3.64500434351319e-01
  5.35939407887487e+04  4.67988066438762e-01  4.61336835262915e-01  3.92369030683549e-01  3.64392139292847e-01
  5.35976690418464e+04  4.67949491545708e-01  4.61363775695165e-01  3.92389702972395e-01  3.64340283859785e-01
  5.36013972947222e+04  4.67891642609566e-01  4.61400627071519e-01  3.92421922166168e-01  3.64322058242669e-01
  5.36051255485359e+04  4.67860078492304e-01  4.61484153559570e-01  3.92474711902665e-01  3.64349249726253e-01
  5.36088538018994e+04  4.67845181789105e-01  4.61641467430430e-01  3.92508459581399e-01  3.64378925765975e-01
  5.36125820562151e+04  4.67842102009575e-01  4.61893191864404e-01  3.92507035645458e-01  3.64450497087675e-01
  5.36163103101563e+04  4.67855971200804e-01  4.62056816508470e-01  3.92506297951377e-01  3.64542756303477e-01
  5.36200385643310e+04  4.67851311056395e-01  4.62082892879713e-01  3.92532495282702e-01  3.64671356644315e-01
  5.36237668185161e+04  4.67811492245134e-01  4.62049359957554e-01  3.92575381351183e-01  3.64775990344087e-01
  5.36274950736434e+04  4.67767127204552e-01  4.62033912084620e-01  3.92634958829981e-01  3.64826751858760e-01
  5.36312233285592e+04  4.67655851337512e-01  4.62019040331539e-01  3.92768298685566e-01  3.64832664919500e-01
  5.36349515839292e+04  4.67545020791452e-01  4.62072666895041e-01  3.92988348363103e-01  3.64830556882377e-01
  5.36386798397858e+04  4.67449497914628e-01  4.62173278239052e-01  3.93249560336147e-01  3.64891356488597e-01
  5.36424080952454e+04  4.67419372056014e-01  4.62283495247198e-01  3.93413007188676e-01  3.65023670021591e-01
  5.36461363512015e+04  4.67395566252910e-01  4.62330730732327e-01  3.93502599155747e-01  3.65111118213987e-01
  5.36498646074697e+04  4.67336374758079e-01  4.62384315835673e-01  3.93606702977859e-01  3.65180686541001e-01
  5.36535928637174e+04  4.67246822508130e-01  4.62400268784762e-01  3.93704327303490e-01  3.65216632632009e-01
  5.36573211204214e+04  4.67158705364731e-01  4.62455727541049e-01  3.93816695880808e-01  3.65271609157222e-01
  5.36610493773321e+04  4.67098839516584e-01  4.62436082026176e-01  3.93903192445805e-01  3.65370250529698e-01
  5.36647776344584e+04  4.67076048254857e-01  4.62326407725484e-01  3.93945140195991e-01  3.65502500345309e-01
  5.36685058919872e+04  4.67110227669806e-01  4.62240593622236e-01  3.93927401915225e-01  3.65590994262192e-01
  5.36722341494851e+04  4.67101356989351e-01  4.62152122239253e-01  3.93863873627592e-01  3.65693599083422e-01
  5.36759624069502e+04  4.67104435882663e-01  4.62060720452398e-01  3.93842983292786e-01  3.65831286149640e-01
  5.36796906652557e+04  4.67219162961284e-01  4.61931959517748e-01  3.93907997256192e-01  3.65913759474710e-01
  5.36843854171435e+04  4.67392152579987e-01  4.61819864783819e-01  3.94069720363478e-01  3.65929375306645e-01
  5.36848750005071e+04  4.67590540822427e-01  4.61801805965897e-01  3.94066592162545e-01  3.65975341073453e-01
  5.36886032588379e+04  4.67689257058821e-01  4.61778909593531e-01  3.94095724974245e-01  3.65909268659912e-01
  5.36923315172464e+04  4.67795595784009e-01  4.61679961189773e-01  3.94111664132340e-01  3.65871978123545e-01
  5.36960597758461e+04  4.67837832477757e-01  4.61579952636433e-01  3.94120100910805e-01  3.65753562639513e-01
  5.36997880347244e+04  4.67780201619333e-01  4.61499204797538e-01  3.94083364105255e-01  3.65675152492217e-01
  5.37035162938900e+04  4.67623610536780e-01  4.61478074740725e-01  3.94094833738514e-01  3.65670868128564e-01
  5.37072445525219e+04  4.67534694751674e-01  4.61499470890234e-01  3.94162473930933e-01  3.65754841356709e-01
  5.37109728122534e+04  4.67469676021203e-01  4.61516684617923e-01  3.94247005062093e-01  3.65839011755357e-01
  5.37147010712177e+04  4.67398776936713e-01  4.61551287433335e-01  3.94271080954131e-01  3.65880591926745e-01
  5.37184293307013e+04  4.67466992742585e-01  4.61603556934781e-01  3.94265167374640e-01  3.65968112942183e-01
  5.37221575901448e+04  4.67613471375697e-01  4.61687084625846e-01  3.94322245677210e-01  3.66105622632738e-01
  5.37258858493333e+04  4.67691973283570e-01  4.61783834529222e-01  3.94378205082078e-01  3.66284236991241e-01
  5.37296141086726e+04  4.67757229578735e-01  4.61900031727737e-01  3.94426951461965e-01  3.66428184047377e-01
  5.37333423680729e+04  4.67826293428834e-01  4.61963177989055e-01  3.94509817038957e-01  3.66565568287830e-01
  5.37370706163126e+04  4.67912276296684e-01  4.62028945891855e-01  3.94585998275889e-01  3.66721469107073e-01
  5.37407988758809e+04  4.67988527242220e-01  4.62187018955457e-01  3.94677818970699e-01  3.66864576420902e-01
  5.37445271354964e+04  4.68025542913120e-01  4.62324451461556e-01  3.94697025518959e-01  3.66946725519881e-01
  5.37482553951342e+04  4.68123076123802e-01  4.62421203006490e-01  3.94691704417302e-01  3.66959627543974e-01
  5.37519836547929e+04  4.68334079872043e-01  4.62504634904735e-01  3.94743479710717e-01  3.67007346094195e-01
  5.37557119144665e+04  4.68569590496139e-01  4.62630189008554e-01  3.94803272229691e-01  3.67045593139899e-01
  5.37594401741712e+04  4.68827654433074e-01  4.62789476904080e-01  3.94799687750426e-01  3.67058212358995e-01
  5.37631684335728e+04  4.69042053068250e-01  4.62910353206605e-01  3.94726755404722e-01  3.67114452505906e-01
  5.37668966932569e+04  4.69204543117319e-01  4.62913401161261e-01  3.94669642407369e-01  3.67079349080520e-01
  5.37706249526852e+04  4.69319362942534e-01  4.62882485761039e-01  3.94714258509924e-01  3.67097404174206e-01
  5.37743532118563e+04  4.69373186759985e-01  4.62860949472033e-01  3.94735825818454e-01  3.67126662287132e-01
  5.37780814712723e+04  4.69378335517309e-01  4.62828759405795e-01  3.94706896454928e-01  3.67077722737599e-01
  5.37818097305139e+04  4.69279940284525e-01  4.62854691281666e-01  3.94747408548548e-01  3.66986795039546e-01
  5.37855379897987e+04  4.69221450677508e-01  4.62960000426631e-01  3.94728482792517e-01  3.66889326477728e-01
  5.37892662485392e+04  4.69190341240108e-01  4.63131752360377e-01  3.94758106841548e-01  3.66873803139575e-01
  5.37929945074570e+04  4.69105146804838e-01  4.63349270742312e-01  3.94848031348667e-01  3.66966017013750e-01
  5.37967227664098e+04  4.68989345838846e-01  4.63572334413283e-01  3.95023931516446e-01  3.67112052089385e-01
  5.38015729173634e+04  4.68879271467393e-01  4.63695026754664e-01  3.95369958123734e-01  3.67263789716503e-01
  5.38021319451505e+04  4.68916506275721e-01  4.63887873255190e-01  3.95430360281252e-01  3.67512004330340e-01
  5.38058602035672e+04  4.68942865797178e-01  4.64102815562056e-01  3.95569521276855e-01  3.67610607338950e-01
  5.38095884620487e+04  4.69002748030793e-01  4.64322970764705e-01  3.95718531255209e-01  3.67701982081064e-01
  5.38133167200254e+04  4.69081650140442e-01  4.64534017920772e-01  3.95785516401432e-01  3.67741180458567e-01
  5.38170449779862e+04  4.69232739576671e-01  4.64775095923377e-01  3.95816214624358e-01  3.67785588616052e-01
  5.38207732356516e+04  4.69435076265998e-01  4.64905047625843e-01  3.95913602790104e-01  3.67897794518756e-01
  5.38245014933472e+04  4.69614269061708e-01  4.64875607627838e-01  3.96005248712344e-01  3.67979918662940e-01
  5.38282297508586e+04  4.69773107357662e-01  4.64834649080042e-01  3.96154712011813e-01  3.68088265165799e-01
  5.38319580081712e+04  4.69911291973335e-01  4.64829840208191e-01  3.96384400204779e-01  3.68126376869345e-01
  5.38356862654964e+04  4.70058672522181e-01  4.64857983128069e-01  3.96618011082312e-01  3.68097690685707e-01
  5.38394145223923e+04  4.70250914792048e-01  4.64911138294387e-01  3.96740636700178e-01  3.68103933200085e-01
  5.38431427793137e+04  4.70439377704717e-01  4.64996033771495e-01  3.96758103984449e-01  3.68140870598658e-01
  5.38468710355116e+04  4.70599213639080e-01  4.65128148473074e-01  3.96792442287892e-01  3.68166130158366e-01
  5.38505992919954e+04  4.70708870163748e-01  4.65207125353203e-01  3.96811650610335e-01  3.68233898251077e-01
  5.38543275482570e+04  4.70856127368376e-01  4.65330833331284e-01  3.96884747367095e-01  3.68389339245040e-01
  5.38580558042767e+04  4.71005794461996e-01  4.65501337104830e-01  3.96965073562788e-01  3.68520522995294e-01
  5.38617840603136e+04  4.71104610991690e-01  4.65642713043369e-01  3.97076330943971e-01  3.68610894511947e-01
  5.38655123158856e+04  4.71219248337700e-01  4.65765085678629e-01  3.97220365163853e-01  3.68657358080533e-01
  5.38692405714605e+04  4.71315717983938e-01  4.65786024444576e-01  3.97242265461946e-01  3.68565269552992e-01
  5.38729688270370e+04  4.71425421464582e-01  4.65812391118871e-01  3.97192070805115e-01  3.68460066486317e-01
  5.38766970823900e+04  4.71500284249646e-01  4.65850759121063e-01  3.97157587405697e-01  3.68439929040723e-01
  5.38804253375207e+04  4.71511154748987e-01  4.65929483084759e-01  3.97106268282106e-01  3.68482306349632e-01
  5.38841535926387e+04  4.71546541562453e-01  4.65984969247438e-01  3.97085521288176e-01  3.68510850626290e-01
  5.38878818477361e+04  4.71643010082850e-01  4.66083025628171e-01  3.97141858422319e-01  3.68521235888459e-01
  5.38916101025614e+04  4.71751774741547e-01  4.66231292976508e-01  3.97326473338843e-01  3.68588553787446e-01
  5.38953383571805e+04  4.71781195081432e-01  4.66305888911375e-01  3.97454381997838e-01  3.68678877761540e-01
  5.39005868062604e+04  4.71730753870489e-01  4.66355457256346e-01  3.97601222739971e-01  3.68617013120066e-01
  5.39011875000566e+04  4.71840933404018e-01  4.66372796028442e-01  3.97494720421213e-01  3.68641792797353e-01
  5.39049157546736e+04  4.71965638247709e-01  4.66350431199566e-01  3.97551777302804e-01  3.68651372718340e-01
  5.39086440093022e+04  4.72024434192455e-01  4.66348739772244e-01  3.97565136020976e-01  3.68690766985728e-01
  5.39123722639594e+04  4.72004451564135e-01  4.66352268382348e-01  3.97518690680908e-01  3.68734749500738e-01
  5.39161005188021e+04  4.71963144688788e-01  4.66326229888048e-01  3.97549930013558e-01  3.68834915191029e-01
  5.39198287727141e+04  4.72018585419523e-01  4.66302234179638e-01  3.97622454632858e-01  3.68900561301410e-01
  5.39235570270613e+04  4.72153462490054e-01  4.66345514458953e-01  3.97734807775078e-01  3.68876824762094e-01
  5.39272852816678e+04  4.72300578750544e-01  4.66433425545648e-01  3.97886300101829e-01  3.68819216357784e-01
  5.39310135360487e+04  4.72396555646170e-01  4.66497883447035e-01  3.98043368469671e-01  3.68789808747271e-01
  5.39347417906690e+04  4.72432916806700e-01  4.66551138867943e-01  3.98212101666550e-01  3.68735122644599e-01
  5.39384700453022e+04  4.72490876422324e-01  4.66546853931015e-01  3.98359958878987e-01  3.68686625422020e-01
  5.39421982999468e+04  4.72573650257265e-01  4.66489195197929e-01  3.98438464297743e-01  3.68742933179674e-01
  5.39459265547696e+04  4.72646250823406e-01  4.66447371259831e-01  3.98505539580650e-01  3.68870648973935e-01
  5.39496548098958e+04  4.72722394857239e-01  4.66430282697192e-01  3.98645004225061e-01  3.68972510162569e-01
  5.39533830650253e+04  4.72850750507191e-01  4.66389091000323e-01  3.98757705453141e-01  3.69042462579064e-01
  5.39571113199305e+04  4.72912959550604e-01  4.66333893365987e-01  3.98797107987540e-01  3.68921321083092e-01
  5.39608395752958e+04  4.72896761009691e-01  4.66247439379297e-01  3.98778210302280e-01  3.68705449391174e-01
  5.39645678306562e+04  4.72864275581881e-01  4.66174007234883e-01  3.98735167341148e-01  3.68578430671079e-01
  5.39682960862603e+04  4.72788030863217e-01  4.66139143313351e-01  3.98691716777589e-01  3.68517036132326e-01
  5.39720243420959e+04  4.72746491198950e-01  4.66156533310266e-01  3.98620705996011e-01  3.68500333344772e-01
  5.39757525981667e+04  4.72744854976528e-01  4.66229005960303e-01  3.98592851197473e-01  3.68503162723958e-01
  5.39794808544660e+04  4.72713611323006e-01  4.66243937799722e-01  3.98565554886929e-01  3.68450657690162e-01
  5.39832091110046e+04  4.72656550999218e-01  4.66125017460856e-01  3.98553605238889e-01  3.68408634140107e-01
  5.39869373675172e+04  4.72519812144535e-01  4.66034375755616e-01  3.98697875444283e-01  3.68394297709588e-01
  5.39906656245081e+04  4.72411710364376e-01  4.65963504726832e-01  3.98794394720166e-01  3.68376196074201e-01
  5.39943938814860e+04  4.72304654944977e-01  4.65920896451665e-01  3.98781113291565e-01  3.68384265319936e-01
  5.39981221389063e+04  4.72234097578597e-01  4.65956241557604e-01  3.98730824639278e-01  3.68396340377483e-01
  5.40018503963010e+04  4.72262818500133e-01  4.66078542686389e-01  3.98655360693237e-01  3.68484780947225e-01
  5.40055786541400e+04  4.72316046972687e-01  4.66149143418212e-01  3.98588430262309e-01  3.68618840243941e-01
  5.40093069119397e+04  4.72351385460014e-01  4.66167791671757e-01  3.98487685094352e-01  3.68791720936730e-01
  5.40130351700776e+04  4.72318134816617e-01  4.66242142785749e-01  3.98385715279678e-01  3.68936252236032e-01
  5.40167634285670e+04  4.72192125269216e-01  4.66297850576595e-01  3.98407834763185e-01  3.69058090809742e-01
  5.40204916869826e+04  4.72049379164142e-01  4.66342210282877e-01  3.98496617288676e-01  3.69257398495631e-01
  5.40242199460196e+04  4.71954005562625e-01  4.66392487449434e-01  3.98725390541165e-01  3.69480297579440e-01
  5.40279482047651e+04  4.71909350979088e-01  4.66443593479252e-01  3.98997291398265e-01  3.69689732015717e-01
  5.40316764641574e+04  4.71897869963589e-01  4.66482166445906e-01  3.99212728705551e-01  3.69889750959971e-01
  5.40354047234976e+04  4.71868484052985e-01  4.66592326949570e-01  3.99384597850920e-01  3.70006313176760e-01
  5.40391329829920e+04  4.71849956274398e-01  4.66703929502011e-01  3.99472860692303e-01  3.70082807190275e-01
  5.40428612426447e+04  4.71833403738744e-01  4.66781409034087e-01  3.99520724097662e-01  3.70089970462634e-01
  5.40486041669894e+04  4.71774042424800e-01  4.66781153322031e-01  3.99647105666438e-01  3.69975167239480e-01
  5.40492048613670e+04  4.71782088351389e-01  4.66752521685669e-01  3.99486631497706e-01  3.70035988145737e-01
  5.40529331215533e+04  4.71725704460677e-01  4.66754153058144e-01  3.99480724432906e-01  3.70021724655126e-01
  5.40566613816896e+04  4.71691858113912e-01  4.66732672832139e-01  3.99491885442786e-01  3.69972707543161e-01
  5.40603896417338e+04  4.71689686894637e-01  4.66690989046957e-01  3.99469368627926e-01  3.69985313119420e-01
  5.40641179021645e+04  4.71718189731519e-01  4.66625145252806e-01  3.99404541302828e-01  3.70003920693230e-01
  5.40678461627314e+04  4.71765275933810e-01  4.66551132582944e-01  3.99308722759330e-01  3.70018130138136e-01
  5.40715744232558e+04  4.71830394735846e-01  4.66419733953405e-01  3.99262405050733e-01  3.69985593690905e-01
  5.40753026840949e+04  4.71923823966272e-01  4.66277854577054e-01  3.99184756832325e-01  3.69931002207044e-01
  5.40790309446841e+04  4.71992755413488e-01  4.66169971259650e-01  3.99023339021473e-01  3.69874718007634e-01
  5.40827592057290e+04  4.72098165492874e-01  4.66125142711860e-01  3.98888530074465e-01  3.69852324673605e-01
  5.40864874664712e+04  4.72232485585269e-01  4.66092305922843e-01  3.98813939516956e-01  3.69818706117824e-01
  5.40902157273902e+04  4.72251720679138e-01  4.66054595968696e-01  3.98786537585635e-01  3.69786796663771e-01
  5.40939439882788e+04  4.72259925551049e-01  4.66062449269353e-01  3.98785575485049e-01  3.69858593380451e-01
  5.40976722493032e+04  4.72237432899058e-01  4.66165212649336e-01  3.98854118285918e-01  3.69960022004115e-01
  5.41014005102592e+04  4.72236489025569e-01  4.66291300671899e-01  3.99011819650355e-01  3.70000171883457e-01
  5.41051287713136e+04  4.72249203272604e-01  4.66387444754093e-01  3.99014077953575e-01  3.70132775023835e-01
  5.41088570323993e+04  4.72267287925650e-01  4.66527035880658e-01  3.98875227888905e-01  3.70308502350032e-01
  5.41125852935936e+04  4.72277850117053e-01  4.66660476009927e-01  3.98727396244209e-01  3.70446280886797e-01
  5.41163135545682e+04  4.72237326027142e-01  4.66759957507057e-01  3.98667848212227e-01  3.70561344967340e-01
  5.41200418154549e+04  4.72182547168846e-01  4.66820001013492e-01  3.98667869311467e-01  3.70628755576324e-01
  5.41237700764955e+04  4.72084641996320e-01  4.66863578367894e-01  3.98725615290328e-01  3.70646127337817e-01
  5.41274983375655e+04  4.71991981297763e-01  4.66888225239727e-01  3.98862938391032e-01  3.70714250263892e-01
  5.41312265985740e+04  4.71864608486921e-01  4.66858151358085e-01  3.99033188102897e-01  3.70815411688946e-01
  5.41349548594085e+04  4.71768700156486e-01  4.66704744350033e-01  3.99243054297459e-01  3.70867876151090e-01
  5.41386831204167e+04  4.71789942236096e-01  4.66528432194989e-01  3.99456565840650e-01  3.70871583850577e-01
  5.41424113810995e+04  4.71947462666233e-01  4.66337441052624e-01  3.99678835436137e-01  3.70864722248281e-01
  5.41461396418541e+04  4.72155590872277e-01  4.66208703606105e-01  3.99801988083970e-01  3.70833757215881e-01
  5.41498679026609e+04  4.72331970158791e-01  4.66155397892044e-01  3.99928918130793e-01  3.70772691467323e-01
  5.41535961630801e+04  4.72437189755728e-01  4.66176133743232e-01  4.00074050825106e-01  3.70716064486361e-01
  5.41573244237976e+04  4.72526373203937e-01  4.66277918458340e-01  4.00186647764271e-01  3.70677718229696e-01
  5.41610526840104e+04  4.72645665402280e-01  4.66430997857673e-01  4.00340031697005e-01  3.70619198733867e-01
  5.41675416668275e+04  4.72688591434480e-01  4.66529729438364e-01  4.00584910632561e-01  3.70497753873772e-01
  5.41681666669734e+04  4.72796784429169e-01  4.66651572245291e-01  4.00585325828618e-01  3.70578171405099e-01
  5.41718949270972e+04  4.72954617751519e-01  4.66734693450388e-01  4.00681327112025e-01  3.70570824871466e-01
  5.41756231869756e+04  4.73189282830638e-01  4.66792961031893e-01  4.00790874302359e-01  3.70578115595183e-01
  5.41793514467165e+04  4.73361472503606e-01  4.66858374319979e-01  4.00881564013907e-01  3.70587609115416e-01
  5.41830797065233e+04  4.73480443922567e-01  4.66984811812759e-01  4.00963302484139e-01  3.70585113930754e-01
  5.41868079659571e+04  4.73566431040449e-01  4.67129485324300e-01  4.01026051712721e-01  3.70610339727475e-01
  5.41905362253959e+04  4.73621667608822e-01  4.67283028554631e-01  4.01083116340771e-01  3.70706596396551e-01
  5.41942644846990e+04  4.73746606067168e-01  4.67456976470801e-01  4.01087578420433e-01  3.70803791767412e-01
  5.41979927437395e+04  4.73904376103024e-01  4.67596767953589e-01  4.01013192686778e-01  3.70943776422044e-01
  5.42017210031387e+04  4.74080480476079e-01  4.67746845334134e-01  4.00949481984985e-01  3.71123296007284e-01
  5.42054492616216e+04  4.74264050626402e-01  4.67893300562448e-01  4.00941570808136e-01  3.71343826392477e-01
  5.42091775203843e+04  4.74456312916482e-01  4.68048408515355e-01  4.00978952953753e-01  3.71491801884191e-01
  5.42129057788969e+04  4.74651973737002e-01  4.68217356471033e-01  4.01074240054522e-01  3.71668918808067e-01
  5.42166340373716e+04  4.74879692779248e-01  4.68423442610322e-01  4.01217222547962e-01  3.71828403879541e-01
  5.42203622953298e+04  4.75069310572602e-01  4.68622197254169e-01  4.01386508427044e-01  3.71941496006610e-01
  5.42240905532697e+04  4.75196689740563e-01  4.68763302146838e-01  4.01490716401599e-01  3.72047454557191e-01
  5.42278188112395e+04  4.75297472536152e-01  4.68858634658417e-01  4.01456270948408e-01  3.72126290663197e-01
  5.42315470688079e+04  4.75416763929617e-01  4.69006484237670e-01  4.01431491598602e-01  3.72161111907519e-01
  5.42352753263576e+04  4.75450174323636e-01  4.69146727794790e-01  4.01468305582982e-01  3.72193016192128e-01
  5.42390035839283e+04  4.75416698473675e-01  4.69172330976096e-01  4.01478127830953e-01  3.72224970500919e-01
  5.42427318410520e+04  4.75403130697812e-01  4.69134728633714e-01  4.01475395443453e-01  3.72271655486785e-01
  5.42464600981840e+04  4.75410661591732e-01  4.69209462001778e-01  4.01420211194507e-01  3.72274556417648e-01
  5.42501883556262e+04  4.75478561212610e-01  4.69266372145655e-01  4.01448082459903e-01  3.72300400257760e-01
  5.42539166123183e+04  4.75517868601147e-01  4.69254034661405e-01  4.01562784036946e-01  3.72295796208801e-01
  5.42576448692338e+04  4.75516378766675e-01  4.69239839479604e-01  4.01687075717559e-01  3.72322635069437e-01
  5.42613731259168e+04  4.75507964461733e-01  4.69266913334550e-01  4.01846940548015e-01  3.72381729286408e-01
  5.42651013826967e+04  4.75480874174431e-01  4.69326019260009e-01  4.02027416580534e-01  3.72462325424985e-01
  5.42688296394375e+04  4.75472987432267e-01  4.69432809726968e-01  4.02250786887934e-01  3.72614241866047e-01
  5.42725578958703e+04  4.75475969214919e-01  4.69556346647421e-01  4.02411330893263e-01  3.72708419429213e-01
  5.42764583333740e+04  4.75455158835629e-01  4.69635306856610e-01  4.02576618227722e-01  3.72673944454444e-01
  5.42768333335613e+04  4.75497151314198e-01  4.69726523519317e-01  4.02653505059198e-01  3.72683700453711e-01
  5.42779166672962e+04  4.75516958189174e-01  4.69744811188039e-01  4.02679925170759e-01  3.72670653686352e-01
  5.42785416671355e+04  4.75591300761735e-01  4.69780807167681e-01  4.02512165259860e-01  3.72703306929073e-01
  5.42822699235914e+04  4.75689978703207e-01  4.69827776410042e-01  4.02370851000298e-01  3.72704807685103e-01
  5.42859981795926e+04  4.75812820736684e-01  4.69851996698276e-01  4.02193903549960e-01  3.72707595228414e-01
  5.42897264359318e+04  4.75944396025503e-01  4.69880946860282e-01  4.02008732399744e-01  3.72689760093634e-01
  5.42934546922965e+04  4.76115815296483e-01  4.69973512054611e-01  4.01903468520524e-01  3.72698995269246e-01
  5.42971829488785e+04  4.76227326119704e-01  4.70081231899357e-01  4.01822643336303e-01  3.72735789293080e-01
  5.43009112052315e+04  4.76293685976559e-01  4.70147277419568e-01  4.01718043224202e-01  3.72813865594053e-01
  5.43046394618160e+04  4.76423012460246e-01  4.70158396529876e-01  4.01635600999422e-01  3.72912871014170e-01
  5.43083677183992e+04  4.76546261153881e-01  4.70140140335565e-01  4.01602066674193e-01  3.73007057586336e-01
  5.43120959751911e+04  4.76617749531215e-01  4.70162227871596e-01  4.01538274432997e-01  3.73048176905237e-01
  5.43158242319688e+04  4.76638796067481e-01  4.70133969089224e-01  4.01458960200251e-01  3.72988882237533e-01
  5.43195524889978e+04  4.76666423214394e-01  4.70040648941765e-01  4.01449262804370e-01  3.72917980925038e-01
  5.43232807460242e+04  4.76636129035267e-01  4.69906109334688e-01  4.01539386623013e-01  3.72907025145801e-01
  5.43270090030613e+04  4.76532772017763e-01  4.69814264148629e-01  4.01655639050493e-01  3.72970915287880e-01
  5.43307372603355e+04  4.76454384374588e-01  4.69812524480686e-01  4.01774591912295e-01  3.73054788344290e-01
  5.43344655178553e+04  4.76360304390232e-01  4.69761802878623e-01  4.01932692485330e-01  3.73040645092447e-01
  5.43381937755614e+04  4.76296060307154e-01  4.69653821516824e-01  4.02085312710623e-01  3.73020769809227e-01
  5.43419220333393e+04  4.76316846664912e-01  4.69546003001810e-01  4.02199585337239e-01  3.73007438712852e-01
  5.43485208339271e+04  4.76366507538490e-01  4.69444771003597e-01  4.02406968614125e-01  3.72961830817910e-01
  5.43495625008381e+04  4.76381117329165e-01  4.69379647927225e-01  4.02416364880825e-01  3.73011331995354e-01
  5.43532907596144e+04  4.76325821464649e-01  4.69385307766485e-01  4.02337464168528e-01  3.73184627684134e-01
  5.43570190178878e+04  4.76241000370864e-01  4.69329759774479e-01  4.02364392818643e-01  3.73271212874248e-01
  5.43607472768276e+04  4.76169014757196e-01  4.69219043945490e-01  4.02458930209655e-01  3.73285053687409e-01
  5.43644755357189e+04  4.76069203046586e-01  4.69149097754472e-01  4.02590307293687e-01  3.73311043533016e-01
  5.43695000000509e+04  4.75922860353860e-01  4.69191789242697e-01  4.02751874309532e-01  3.73358225899862e-01
  5.43701250000716e+04  4.75845154925590e-01  4.69272854758103e-01  4.02675151151727e-01  3.73550000205413e-01
  5.43738532595094e+04  4.75680415111056e-01  4.69324243749778e-01  4.02684329435701e-01  3.73587625622198e-01
  5.43775815191308e+04  4.75455033165803e-01  4.69400949188939e-01  4.02675740511509e-01  3.73577123160877e-01
  5.43813097791274e+04  4.75276592974111e-01  4.69473397956997e-01  4.02702794682871e-01  3.73604389771961e-01
  5.43850380391009e+04  4.75218936070722e-01  4.69527283754815e-01  4.02678589718687e-01  3.73607093960572e-01
  5.43887662992499e+04  4.75218962143114e-01  4.69533922824097e-01  4.02689181165996e-01  3.73583661883489e-01
  5.43924945599131e+04  4.75216065481145e-01  4.69540157532098e-01  4.02762528381112e-01  3.73538401576862e-01
  5.43962228202859e+04  4.75145198868890e-01  4.69468006788063e-01  4.02919037944642e-01  3.73472070336330e-01
  5.43999510810545e+04  4.75053975225904e-01  4.69396511638015e-01  4.02979214883173e-01  3.73410848270452e-01
  5.44036793417452e+04  4.74987912092728e-01  4.69349100998458e-01  4.03035114529184e-01  3.73422024027215e-01
  5.44074076029735e+04  4.74966896089023e-01  4.69280626457036e-01  4.03084260158362e-01  3.73463571539792e-01
  5.44145833337731e+04  4.74950396553158e-01  4.69177753524350e-01  4.03199179200941e-01  3.73443790271836e-01
  5.44200000003309e+04  4.75060786186551e-01  4.69192492137377e-01  4.02996058423067e-01  3.73558310841438e-01
  5.44237282617361e+04  4.75133601065240e-01  4.69238326158899e-01  4.02891223017146e-01  3.73630267385490e-01
  5.44274565232744e+04  4.75222452814802e-01  4.69217356405091e-01  4.02834357939146e-01  3.73701463580799e-01
  5.44311847849535e+04  4.75258381620520e-01  4.69240930305959e-01  4.02792424943792e-01  3.73738877415767e-01
  5.44349130465369e+04  4.75231399023387e-01  4.69298517166780e-01  4.02686509761705e-01  3.73770055593035e-01
  5.44386413082686e+04  4.75172538918714e-01  4.69409884322863e-01  4.02620164358377e-01  3.73822027943370e-01
  5.44423695701424e+04  4.75032077214475e-01  4.69580933548446e-01  4.02575452850151e-01  3.73855395530206e-01
  5.44460978321042e+04  4.74910434443592e-01  4.69713776816397e-01  4.02552302018964e-01  3.73888255061429e-01
  5.44498260938090e+04  4.74815216493367e-01  4.69727638475973e-01  4.02591057809418e-01  3.73864815858785e-01
  5.44535543559165e+04  4.74717560730424e-01  4.69683861152211e-01  4.02718529922071e-01  3.73863320633033e-01
  5.44572826179664e+04  4.74608550022348e-01  4.69628406514109e-01  4.02935734706090e-01  3.73845018901433e-01
  5.44610108799790e+04  4.74548452579632e-01  4.69566071478011e-01  4.03163038399499e-01  3.73800486255351e-01
  5.44647391421910e+04  4.74537654758736e-01  4.69519712321465e-01  4.03295977422361e-01  3.73839762236285e-01
  5.44684674039271e+04  4.74585228755700e-01  4.69466272403073e-01  4.03378430838429e-01  3.73982570856606e-01
  5.44721956661264e+04  4.74580571244529e-01  4.69428061670798e-01  4.03454684122187e-01  3.74189853467778e-01
  5.44759239283173e+04  4.74537334963600e-01  4.69450355385810e-01  4.03547885970709e-01  3.74350185526354e-01
  5.44796521904166e+04  4.74534914887335e-01  4.69479404703427e-01  4.03644393367220e-01  3.74459070674301e-01
  5.44833804527883e+04  4.74567550329506e-01  4.69456550546266e-01  4.03807008582078e-01  3.74480576448360e-01
  5.44885243060476e+04  4.74635244988011e-01  4.69423808468200e-01  4.04050829673394e-01  3.74518310902496e-01
  5.44889409727453e+04  4.74770800904715e-01  4.69493406671231e-01  4.04055289228469e-01  3.74654840566335e-01
  5.44926692348148e+04  4.74908186649351e-01  4.69625367140919e-01  4.04156639306797e-01  3.74709627870258e-01
  5.44963974964987e+04  4.75033362527704e-01  4.69802330948823e-01  4.04254005573219e-01  3.74768302742405e-01
  5.45001257582188e+04  4.75137814537251e-01  4.69992797183217e-01  4.04335195547975e-01  3.74815636200690e-01
  5.45038540200834e+04  4.75151906066253e-01  4.70174829111853e-01  4.04348567530956e-01  3.74849550028807e-01
  5.45075822821693e+04  4.75191981924171e-01  4.70323290138773e-01  4.04270394093884e-01  3.74801402805208e-01
  5.45113105437362e+04  4.75295547955695e-01  4.70436605028845e-01  4.04172132530892e-01  3.74739399003999e-01
  5.45150388053819e+04  4.75409251379689e-01  4.70568104651810e-01  4.04133969099670e-01  3.74640183626920e-01
  5.45187670666829e+04  4.75544030378395e-01  4.70751770597588e-01  4.04140235415777e-01  3.74541970087512e-01
  5.45224953283068e+04  4.75646867375351e-01  4.70970417223888e-01  4.04142758040406e-01  3.74456425975611e-01
  5.45262235900186e+04  4.75805397956129e-01  4.71195569642021e-01  4.04162401998134e-01  3.74398978744280e-01
  5.45299518510869e+04  4.76023549443167e-01  4.71424991380133e-01  4.04245180960637e-01  3.74423804298389e-01
  5.45336801124676e+04  4.76293069846307e-01  4.71638947029366e-01  4.04406139613154e-01  3.74479300151999e-01
  5.45374083737059e+04  4.76563649170078e-01  4.71773096096589e-01  4.04584035929582e-01  3.74523393026527e-01
  5.45411366347083e+04  4.76825227699683e-01  4.71790840939438e-01  4.04634503118777e-01  3.74553038428520e-01
  5.45448648956759e+04  4.77022783686389e-01  4.71731896063863e-01  4.04594712416423e-01  3.74636235156627e-01
  5.45485931564976e+04  4.77122196112477e-01  4.71706239370613e-01  4.04547822301248e-01  3.74803395112685e-01
  5.45523214172972e+04  4.77167252273671e-01  4.71764021813490e-01  4.04608220112262e-01  3.74861559188151e-01
  5.45560496778299e+04  4.77280555900928e-01  4.71868775464974e-01  4.04737842724938e-01  3.74883769483245e-01
  5.45597779382350e+04  4.77456797183939e-01  4.71998307337905e-01  4.04802403938421e-01  3.74963850581732e-01
  5.45635061984110e+04  4.77606196092705e-01  4.72077371828910e-01  4.04819794298429e-01  3.75011489485827e-01
  5.45672344588552e+04  4.77666175495531e-01  4.72182808490551e-01  4.04838077946469e-01  3.75102882659853e-01
  5.45709627186796e+04  4.77633744951692e-01  4.72289730440240e-01  4.04768492705173e-01  3.75162938036495e-01
  5.45746909786042e+04  4.77600239032185e-01  4.72351915084117e-01  4.04680120059499e-01  3.75261392792112e-01
  5.45784192381018e+04  4.77592386392676e-01  4.72445829296197e-01  4.04699335295383e-01  3.75431219304012e-01
  5.45821474978751e+04  4.77628535495372e-01  4.72618057285972e-01  4.04760975280877e-01  3.75584605882213e-01
  5.45858757572292e+04  4.77762968119583e-01  4.72725751818326e-01  4.04885592230924e-01  3.75770818491473e-01
  5.45896040163981e+04  4.77927718247142e-01  4.72743127077029e-01  4.05054394377181e-01  3.75913214338917e-01
  5.45933322754225e+04  4.78066883260659e-01  4.72704841907772e-01  4.05195897363550e-01  3.75993259286151e-01
  5.45970605345139e+04  4.78186517224527e-01  4.72669331255585e-01  4.05196217683236e-01  3.76044912780537e-01
  5.46007887931504e+04  4.78281022194134e-01  4.72692363980675e-01  4.05129669401257e-01  3.76063333968536e-01
  5.46045170517813e+04  4.78367491604894e-01  4.72671722205790e-01  4.05082765928404e-01  3.76051546499761e-01
  5.46082453104178e+04  4.78450061375789e-01  4.72651967860707e-01  4.05034402874664e-01  3.76006705966868e-01
  5.46119735688379e+04  4.78557508361545e-01  4.72736855818887e-01  4.04984380454772e-01  3.75903693195827e-01
  5.46157018272743e+04  4.78670891461551e-01  4.72813179863955e-01  4.04985002362798e-01  3.75824840370364e-01
  5.46216131948033e+04  4.78737489982551e-01  4.72869470606463e-01  4.05106760817256e-01  3.75671254469505e-01
  5.46222083341052e+04  4.78885715405820e-01  4.72977923006351e-01  4.04995568048068e-01  3.75613503647790e-01
  5.46259365921204e+04  4.78949354572772e-01  4.73038645280503e-01  4.04995734698499e-01  3.75578180359519e-01
  5.46296648501167e+04  4.79019585885915e-01  4.73108009712706e-01  4.05033090710217e-01  3.75568597081243e-01
  5.46333931079063e+04  4.79142997523547e-01  4.73136577256816e-01  4.05054820967896e-01  3.75515639383783e-01
  5.46371213659081e+04  4.79230607725212e-01  4.73188970129462e-01  4.05052649097530e-01  3.75492575599133e-01
  5.46408496236760e+04  4.79253546238886e-01  4.73260027822339e-01  4.05054045267335e-01  3.75505156147125e-01
  5.46445778812386e+04  4.79265835824521e-01  4.73250537569680e-01  4.05075287737854e-01  3.75546572838124e-01
  5.46483061390244e+04  4.79263540825361e-01  4.73249300091794e-01  4.05142317524787e-01  3.75638415623401e-01
  5.46520343968055e+04  4.79256164348045e-01  4.73285621074473e-01  4.05200368799245e-01  3.75735814168039e-01
  5.46557626545927e+04  4.79287591124327e-01  4.73251523381664e-01  4.05277854695213e-01  3.75778155626111e-01
  5.46594909123807e+04  4.79328823382361e-01  4.73200572701743e-01  4.05319374367994e-01  3.75763948294893e-01
  5.46633402781089e+04  4.79324047905857e-01  4.73093341877720e-01  4.05411187306741e-01  3.75619741124462e-01
  5.46634402778483e+04  4.79323418411934e-01  4.73019690069867e-01  4.05321494742094e-01  3.75587031029789e-01
  5.46671685356169e+04  4.79255556263491e-01  4.72910813503236e-01  4.05350735656734e-01  3.75509056919577e-01
  5.46708967935023e+04  4.79158338935384e-01  4.72842543411137e-01  4.05300481657135e-01  3.75356705766497e-01
  5.46746250516422e+04  4.79017889038683e-01  4.72802476472432e-01  4.05241417753837e-01  3.75256345305948e-01
  5.46797083335996e+04  4.78897067408976e-01  4.72753746324107e-01  4.05279543583468e-01  3.75187948622734e-01
  5.46811666667836e+04  4.78844196594749e-01  4.72707021312172e-01  4.05111087074880e-01  3.75241964490180e-01
  5.46848949247673e+04  4.78728032917734e-01  4.72664890288528e-01  4.05048460414465e-01  3.75207473591609e-01
  5.46886231829895e+04  4.78625451189613e-01  4.72620713084879e-01  4.05045095459030e-01  3.75161916677647e-01
  5.46923514416517e+04  4.78556639704438e-01  4.72578741235500e-01  4.05129357135863e-01  3.75142866871129e-01
  5.46960797061018e+04  4.78443696130754e-01  4.72645058417060e-01  4.05208396821345e-01  3.75190180978024e-01
  5.46998079751737e+04  4.78410683652515e-01  4.72703159913290e-01  4.05278170610174e-01  3.75296790165381e-01
  5.47035362442201e+04  4.78441379022447e-01  4.72749361606815e-01  4.05301309175162e-01  3.75417264150383e-01
  5.47072645132558e+04  4.78443529684891e-01  4.72831303294317e-01  4.05261719706382e-01  3.75585275994081e-01
  5.47109927362999e+04  4.78387159910896e-01  4.72907528804481e-01  4.05182159035421e-01  3.75722936106346e-01
  5.47147209958443e+04  4.78383731346958e-01  4.73007970962222e-01  4.05094828329765e-01  3.75790319467541e-01
  5.47184492553727e+04  4.78449263356741e-01  4.73170267482215e-01  4.05014888593783e-01  3.75859760223754e-01
  5.47221775152893e+04  4.78535391642727e-01  4.73338174081347e-01  4.04964423714762e-01  3.75958976220138e-01
  5.47259057754039e+04  4.78587269311935e-01  4.73444807246020e-01  4.04939855968468e-01  3.76085477002812e-01
  5.47296340354932e+04  4.78610503394191e-01  4.73429626488527e-01  4.05059827608221e-01  3.76170622056137e-01
  5.47333622957141e+04  4.78668441740760e-01  4.73367745419105e-01  4.05230937487566e-01  3.76176343877168e-01
  5.47370905563391e+04  4.78708492595922e-01  4.73322801800166e-01  4.05359683158167e-01  3.76198566927831e-01
  5.47408188168714e+04  4.78738060277063e-01  4.73235976819479e-01  4.05485995214260e-01  3.76211062854834e-01
  5.47475138892720e+04  4.78671677446980e-01  4.73158294104728e-01  4.05666799455587e-01  3.76114801285630e-01
  5.47479930561144e+04  4.78668567921264e-01  4.73180518603697e-01  4.05675275914057e-01  3.76115985250133e-01
  5.47517213173553e+04  4.78624071544310e-01  4.73208163076547e-01  4.05729032076490e-01  3.76075996619653e-01
  5.47554495786829e+04  4.78650487381990e-01  4.73205752003142e-01  4.05695296845964e-01  3.76161167812972e-01
  5.47591778399352e+04  4.78723096758722e-01  4.73134154356415e-01  4.05642403969517e-01  3.76286077624432e-01
  5.47629061015126e+04  4.78705809643957e-01  4.72972850908698e-01  4.05579950170277e-01  3.76387688841591e-01
  5.47674166671620e+04  4.78545097764458e-01  4.72749556189538e-01  4.05648034918719e-01  3.76338961273169e-01
  5.47679444450673e+04  4.78360948331884e-01  4.72590478638006e-01  4.05517315510686e-01  3.76324987183399e-01
  5.47716727068299e+04  4.78207991230109e-01  4.72470542369917e-01  4.05529214661180e-01  3.76234942713374e-01
  5.47754009686540e+04  4.78172703027753e-01  4.72339382160079e-01  4.05573018075442e-01  3.76186426070354e-01
  5.47791292307095e+04  4.78130007676513e-01  4.72284547387531e-01  4.05597217060271e-01  3.76151663688818e-01
  5.47828574928902e+04  4.78048836565660e-01  4.72251772984293e-01  4.05644267777683e-01  3.76141093388456e-01
  5.47865857551933e+04  4.78030086579399e-01  4.72199275325099e-01  4.05706804525678e-01  3.76178750908045e-01
  5.47903140176199e+04  4.78000024884203e-01  4.72192772539611e-01  4.05720321221808e-01  3.76272228348307e-01
  5.47940422801980e+04  4.77945324348200e-01  4.72264106442676e-01  4.05662756694562e-01  3.76309903234780e-01
  5.47977705426782e+04  4.77854154102392e-01  4.72315899304607e-01  4.05647535107397e-01  3.76276484544763e-01
  5.48014988052766e+04  4.77801660331050e-01  4.72329298024384e-01  4.05640861712888e-01  3.76231121039863e-01
  5.48052270677512e+04  4.77740495843074e-01  4.72281521657222e-01  4.05593560455252e-01  3.76256724753122e-01
  5.48089553307038e+04  4.77694736360838e-01  4.72240031794231e-01  4.05502851081251e-01  3.76298762114528e-01
  5.48126835932731e+04  4.77687972782409e-01  4.72292514127629e-01  4.05505936134209e-01  3.76324040301865e-01
  5.48164118561644e+04  4.77704642009147e-01  4.72408867282952e-01  4.05571973689741e-01  3.76311696428571e-01
  5.48201401188495e+04  4.77675134981472e-01  4.72481244476802e-01  4.05579682692878e-01  3.76268150378290e-01
  5.48238683817095e+04  4.77622957865031e-01  4.72473415004181e-01  4.05659332163802e-01  3.76241314309909e-01
  5.48275966447709e+04  4.77544790676661e-01  4.72454668625521e-01  4.05769201747155e-01  3.76171320237849e-01
  5.48313249078229e+04  4.77437212153003e-01  4.72474576935023e-01  4.05833444161254e-01  3.76149492514733e-01
  5.48350531589167e+04  4.77396696608194e-01  4.72460971997820e-01  4.05909601639382e-01  3.76132453611002e-01
  5.48394305558299e+04  4.77288812463512e-01  4.72413579457610e-01  4.06147797369902e-01  3.76035319172353e-01
  5.48405208336054e+04  4.77295705494301e-01  4.72356594787143e-01  4.06049993235510e-01  3.76126989594438e-01
  5.48442490953520e+04  4.77327045515044e-01  4.72329207999366e-01  4.06077205045965e-01  3.76217058330179e-01
  5.48479773583217e+04  4.77489657155785e-01  4.72343077514295e-01  4.06156015127135e-01  3.76345916099816e-01
  5.48517056213160e+04  4.77630824309442e-01  4.72370024624523e-01  4.06236912448047e-01  3.76430494983535e-01
  5.48554338841538e+04  4.77769231922260e-01  4.72494761501141e-01  4.06245489831119e-01  3.76497164334703e-01
  5.48591621470162e+04  4.77987994884221e-01  4.72603105421218e-01  4.06168328627307e-01  3.76486097402371e-01
  5.48628904097212e+04  4.78216443908946e-01  4.72697033498547e-01  4.06091353995476e-01  3.76469374478983e-01
  5.48666186724999e+04  4.78307221633204e-01  4.72762749316517e-01  4.06093391517613e-01  3.76500897606829e-01
  5.48738194447107e+04  4.78284469080080e-01  4.72864212081120e-01  4.06179296253633e-01  3.76530421551480e-01
  5.48744166673831e+04  4.78383150817668e-01  4.72975189039054e-01  4.05989066284916e-01  3.76657002934118e-01
  5.48781449303090e+04  4.78455896997345e-01  4.73022053072408e-01  4.05930158222193e-01  3.76709395783661e-01
  5.48818731929144e+04  4.78529343887912e-01  4.73114895986028e-01  4.06040943159176e-01  3.76803153406452e-01
  5.48856014556794e+04  4.78586381735564e-01  4.73231702621879e-01  4.06191827328668e-01  3.76904631461525e-01
  5.48893297178624e+04  4.78642514191705e-01  4.73302537071009e-01  4.06249610596345e-01  3.76990418389418e-01
  5.48930579801390e+04  4.78649667447651e-01  4.73385665489202e-01  4.06205920666901e-01  3.77115216671118e-01
  5.48967862425776e+04  4.78667220037859e-01  4.73471501222487e-01  4.06093660153033e-01  3.77276843929616e-01
  5.49005145048472e+04  4.78669491321037e-01  4.73509782308952e-01  4.06032815015703e-01  3.77408418283149e-01
  5.49042427671205e+04  4.78725969776805e-01  4.73502514680370e-01  4.05980100494830e-01  3.77566884268385e-01
  5.49079710291239e+04  4.78813352406695e-01  4.73528416952458e-01  4.05969133612389e-01  3.77710588481637e-01
  5.49116992910220e+04  4.78881886844012e-01  4.73601390020295e-01  4.06056073210839e-01  3.77806511996140e-01
  5.49154275529062e+04  4.79011337116417e-01  4.73676945548245e-01  4.06159928197991e-01  3.77857556611810e-01
  5.49191558144871e+04  4.79137942204130e-01  4.73754513109585e-01  4.06176014585752e-01  3.77923120827518e-01
  5.49228840761989e+04  4.79293922436542e-01  4.73891323756295e-01  4.06218748177440e-01  3.77989826042815e-01
  5.49266123377766e+04  4.79441127239782e-01  4.74092253432208e-01  4.06196377939167e-01  3.78008826284206e-01
  5.49303405993946e+04  4.79505156489424e-01  4.74300526045634e-01  4.06139449184028e-01  3.77936182398284e-01
  5.49340688605660e+04  4.79552793546875e-01  4.74496368449658e-01  4.06188913321855e-01  3.77835080093469e-01
  5.49377971215868e+04  4.79616934971633e-01  4.74686331210064e-01  4.06260802638890e-01  3.77795908311521e-01
  5.49415253826089e+04  4.79672346143908e-01  4.74941010228320e-01  4.06316786709986e-01  3.77796892475866e-01
  5.49452536434675e+04  4.79743536039695e-01  4.75116131220732e-01  4.06447509724094e-01  3.77814280428421e-01
  5.49489819041562e+04  4.79869346758185e-01  4.75226284239543e-01  4.06603648007608e-01  3.77790644997353e-01
  5.49527101646642e+04  4.80064596940506e-01  4.75290194675126e-01  4.06827238982854e-01  3.77793345651073e-01
  5.49564384250395e+04  4.80253504614887e-01  4.75336550701600e-01  4.07067243011647e-01  3.77811622973612e-01
  5.49601666854050e+04  4.80402623352147e-01  4.75423708149744e-01  4.07238412990014e-01  3.77781113816880e-01
  5.49638949456030e+04  4.80534487617580e-01  4.75488212883326e-01  4.07396815952114e-01  3.77735870154973e-01
  5.49676232056100e+04  4.80606064801074e-01  4.75516622358987e-01  4.07529315581614e-01  3.77677652971600e-01
  5.49713514656529e+04  4.80606396708753e-01  4.75508405484404e-01  4.07587998307355e-01  3.77656478658570e-01
  5.49750797252637e+04  4.80602074769848e-01  4.75524656146859e-01  4.07578889672018e-01  3.77689312859577e-01
  5.49788079849015e+04  4.80649075630883e-01  4.75544993097990e-01  4.07599968631736e-01  3.77802995084106e-01
  5.49825362446007e+04  4.80689084789158e-01  4.75542773237995e-01  4.07610087278973e-01  3.78014686703278e-01
  5.49862645040533e+04  4.80763923008846e-01  4.75495529178155e-01  4.07585598007859e-01  3.78184037952657e-01
  5.49899927637464e+04  4.80881571486505e-01  4.75379076457369e-01  4.07520970671390e-01  3.78250584071112e-01
  5.49937210228993e+04  4.80999333818561e-01  4.75307587852429e-01  4.07419812005224e-01  3.78212059406639e-01
  5.49974492823378e+04  4.81118167321352e-01  4.75235519615226e-01  4.07449858532363e-01  3.78179811537815e-01
  5.50011775413460e+04  4.81228964072654e-01  4.75214293486934e-01  4.07545449732572e-01  3.78151353655640e-01
  5.50049058005474e+04  4.81354440539442e-01  4.75284996896668e-01  4.07524765889786e-01  3.78102001784824e-01
  5.50086340597210e+04  4.81521849485452e-01  4.75392351826063e-01  4.07402767382399e-01  3.78102800086332e-01
  5.50123623188032e+04  4.81623078870001e-01  4.75409206354065e-01  4.07290772164793e-01  3.78094356818829e-01
  5.50160905778867e+04  4.81677147536749e-01  4.75378636336827e-01  4.07210550229067e-01  3.78048143941292e-01
  5.50198188369872e+04  4.81700051949169e-01  4.75365138684200e-01  4.07176576303023e-01  3.77999923378122e-01
  5.50235470963218e+04  4.81770819150313e-01  4.75387987613498e-01  4.07116796631977e-01  3.78036500427812e-01
  5.50285986111410e+04  4.81769226690016e-01  4.75461742475291e-01  4.07174123980601e-01  3.78086267277887e-01
  5.50290972229562e+04  4.81835455675388e-01  4.75546928792635e-01  4.07129256312802e-01  3.78240325116594e-01
  5.50328254822777e+04  4.81886710684132e-01  4.75556157756690e-01  4.07288100333498e-01  3.78272051930639e-01
  5.50365537413750e+04  4.81951984687843e-01  4.75604786060505e-01  4.07419087229560e-01  3.78277907091806e-01
  5.50402820006980e+04  4.82020212029105e-01  4.75680867262082e-01  4.07499152851111e-01  3.78294825579548e-01
  5.50440102602305e+04  4.81950937007620e-01  4.75730875248618e-01  4.07512844015618e-01  3.78307317951401e-01
  5.50477385197327e+04  4.81803414654767e-01  4.75756402141325e-01  4.07507225391505e-01  3.78340614602121e-01
  5.50514667792187e+04  4.81619080055325e-01  4.75800221339759e-01  4.07552029956326e-01  3.78403123244192e-01
  5.50551950389156e+04  4.81387398280426e-01  4.75845321127288e-01  4.07591601356340e-01  3.78551387074170e-01
  5.50589232988276e+04  4.81223763612410e-01  4.75833607848979e-01  4.07605628441724e-01  3.78784829774978e-01
  5.50626515587523e+04  4.81197703956962e-01  4.75810070139969e-01  4.07654562423008e-01  3.78947150896501e-01
  5.50663798176920e+04  4.81209981995838e-01  4.75787991787466e-01  4.07660492445977e-01  3.78977017286358e-01
  5.50701080766470e+04  4.81172704314189e-01  4.75835888986044e-01  4.07689537948712e-01  3.79009251270400e-01
  5.50738363355950e+04  4.81089847212941e-01  4.75909296927515e-01  4.07770115884031e-01  3.79075360622465e-01
  5.50775645948959e+04  4.81025018539545e-01  4.76007171203970e-01  4.07856420563632e-01  3.79111717989113e-01
  5.50812928540508e+04  4.81064329273700e-01  4.76078258486623e-01  4.07968119412235e-01  3.79196136151409e-01
  5.50850211138817e+04  4.81184345117292e-01  4.76098466548967e-01  4.08089754780016e-01  3.79245102383257e-01
  5.50887493735035e+04  4.81299443386047e-01  4.76090388774260e-01  4.08195854274778e-01  3.79266778059149e-01
  5.50924776337638e+04  4.81412596419309e-01  4.76053514625947e-01  4.08254255577087e-01  3.79165277803648e-01
  5.50962058933032e+04  4.81551253374008e-01  4.75997486969728e-01  4.08306579243666e-01  3.79000377314314e-01
  5.50999341528705e+04  4.81589951229435e-01  4.75962190149088e-01  4.08470658033535e-01  3.78792995637238e-01
  5.51036624126145e+04  4.81562133722116e-01  4.75969865039416e-01  4.08734830785583e-01  3.78604802505167e-01
  5.51073906731272e+04  4.81618046709335e-01  4.76005533579266e-01  4.08933547666154e-01  3.78423704599900e-01
  5.51111189331238e+04  4.81731042890697e-01  4.76024547311961e-01  4.09052605839570e-01  3.78314047328312e-01
  5.51148471931736e+04  4.81768678685104e-01  4.76029710924042e-01  4.09136994154664e-01  3.78239126313124e-01
  5.51185754533532e+04  4.81751353204898e-01  4.76003390555272e-01  4.09117302024513e-01  3.78243044048597e-01
  5.51223037136285e+04  4.81674963380218e-01  4.75975436640836e-01  4.09120897627400e-01  3.78234768923031e-01
  5.51260319739028e+04  4.81514120297978e-01  4.75985210680630e-01  4.09123440060998e-01  3.78217412507508e-01
  5.51297602341643e+04  4.81331015512462e-01  4.76005452205586e-01  4.09027769315664e-01  3.78221696739335e-01
  5.51334884955901e+04  4.81203694033175e-01  4.76036085007678e-01  4.08890825759299e-01  3.78272333210751e-01
  5.51372167579747e+04  4.81118216403731e-01  4.76051301847591e-01  4.08754127952369e-01  3.78409980376018e-01
  5.51409450204432e+04  4.81053887640636e-01  4.76007047649230e-01  4.08629177044449e-01  3.78613312543932e-01
  5.51446732828184e+04  4.80914709424559e-01  4.75877206133604e-01  4.08570226145437e-01  3.78823223767620e-01
  5.51484015456887e+04  4.80783102803634e-01  4.75765336191154e-01  4.08520356652143e-01  3.79014350970861e-01
  5.51521298083947e+04  4.80675425960264e-01  4.75619864701540e-01  4.08400628735280e-01  3.79093189509456e-01
  5.51558580714838e+04  4.80602282435918e-01  4.75431127439663e-01  4.08244855735359e-01  3.79071914462855e-01
  5.51595863342512e+04  4.80607072386304e-01  4.75277810465302e-01  4.08166488016658e-01  3.78964143102852e-01
  5.51633145972776e+04  4.80672440357953e-01  4.75174641251357e-01  4.08110458097753e-01  3.78805855422421e-01
  5.51670428604861e+04  4.80649347450007e-01  4.75110682692750e-01  4.08057525062389e-01  3.78686712813895e-01
  5.51707711238310e+04  4.80644391874371e-01  4.75128569543326e-01  4.08053400134834e-01  3.78652603433636e-01
  5.51744993868541e+04  4.80628538947388e-01  4.75205599272653e-01  4.08087255900178e-01  3.78713801854975e-01
  5.51782276498889e+04  4.80622056330941e-01  4.75330460859311e-01  4.08136418949193e-01  3.78710789635254e-01
  5.51819559130916e+04  4.80628586837905e-01  4.75475367834494e-01  4.08210194545842e-01  3.78737641891917e-01
  5.51856841759097e+04  4.80650543605951e-01  4.75577163034954e-01  4.08343604824864e-01  3.78787389294756e-01
  5.51894124385429e+04  4.80741474933044e-01  4.75604342505385e-01  4.08443546881508e-01  3.78820184462781e-01
  5.51931407018217e+04  4.80808609144235e-01  4.75664577053671e-01  4.08527649332313e-01  3.78900613854805e-01
  5.51968689648517e+04  4.80815572780859e-01  4.75736754795795e-01  4.08597690423619e-01  3.79042087886155e-01
  5.52005972278437e+04  4.80890513378696e-01  4.75734200242697e-01  4.08668008184758e-01  3.79182752619689e-01
  5.52043254902847e+04  4.81023406617493e-01  4.75611428288583e-01  4.08768970834888e-01  3.79312763917018e-01
  5.52080537529029e+04  4.81143977749478e-01  4.75423603463720e-01  4.08877477777791e-01  3.79292293405417e-01
  5.52117820162513e+04  4.81189460680948e-01  4.75189928419534e-01  4.08945559726985e-01  3.79259942593970e-01
  5.52165520841458e+04  4.81140861418425e-01  4.74938455562651e-01  4.09032535656282e-01  3.79128043093785e-01
  5.52173854169745e+04  4.81150988848829e-01  4.74808406398786e-01  4.08872584572405e-01  3.79098227203373e-01
  5.52211136802780e+04  4.81173473373796e-01  4.74732893156565e-01  4.08823976465095e-01  3.78935923108413e-01
  5.52248419443530e+04  4.81224511944589e-01  4.74659839923319e-01  4.08738879407885e-01  3.78826221569671e-01
  5.52285702079489e+04  4.81276536618233e-01  4.74544771168011e-01  4.08637404174358e-01  3.78831536161536e-01
  5.52322984714722e+04  4.81335037901106e-01  4.74456490902135e-01  4.08526711361376e-01  3.78777350613101e-01
  5.52360267350359e+04  4.81385966367220e-01  4.74425670397490e-01  4.08488089666759e-01  3.78705312593990e-01
  5.52397549987753e+04  4.81532812486119e-01  4.74475094783712e-01  4.08551662202990e-01  3.78727620274834e-01
  5.52434832622663e+04  4.81823057146272e-01  4.74564215629427e-01  4.08664888383533e-01  3.78796365373404e-01
  5.52472115257014e+04  4.82146009919246e-01  4.74659846260346e-01  4.08809020845444e-01  3.78917684210725e-01
  5.52509397893554e+04  4.82359365821994e-01  4.74756551469064e-01  4.08885036938288e-01  3.79049244447872e-01
  5.52546680526262e+04  4.82584307633625e-01  4.74853412533468e-01  4.08928371899858e-01  3.79225718142764e-01
  5.52583963156390e+04  4.82777529936857e-01  4.74973457651932e-01  4.09045424385394e-01  3.79415545885748e-01
  5.52621245789735e+04  4.82839840362012e-01  4.75171425405906e-01  4.09186129390883e-01  3.79599491047782e-01
  5.52658528421239e+04  4.82839181667262e-01  4.75366002790450e-01  4.09313855850695e-01  3.79735495511960e-01
  5.52695811051053e+04  4.82806297618424e-01  4.75517165864294e-01  4.09430195198576e-01  3.79811575896749e-01
  5.52733093683970e+04  4.82775665062132e-01  4.75698434236139e-01  4.09502658144485e-01  3.79869774751848e-01
  5.52770376311783e+04  4.82742484141912e-01  4.75909116031144e-01  4.09586813082575e-01  3.79944919676504e-01
  5.52807658942233e+04  4.82639661618270e-01  4.76179842054700e-01  4.09585590679386e-01  3.79924482549266e-01
  5.52844941567778e+04  4.82619344323298e-01  4.76474820933963e-01  4.09569093952622e-01  3.79803144735782e-01
  5.52882224194721e+04  4.82721202268941e-01  4.76718422340711e-01  4.09550380492166e-01  3.79724761334384e-01
  5.52919506822883e+04  4.82817902156158e-01  4.76861374469972e-01  4.09567513313910e-01  3.79696188705430e-01
  5.52956789449477e+04  4.82873730203128e-01  4.76917364628326e-01  4.09619620293341e-01  3.79721532688050e-01
  5.52994072082292e+04  4.82920919282592e-01  4.77019497557276e-01  4.09716814607988e-01  3.79769656412756e-01
  5.53031354689351e+04  4.82962892990616e-01  4.77144156631391e-01  4.09815893325080e-01  3.79816307044601e-01
  5.53068637307153e+04  4.83026964618801e-01  4.77290679936270e-01  4.09952778818274e-01  3.79884656175893e-01
  5.53105919921295e+04  4.83100828044665e-01  4.77517550219778e-01  4.10063360653054e-01  3.80028492037489e-01
  5.53143202539166e+04  4.83215071975575e-01  4.77888485653258e-01  4.10128031832674e-01  3.80144522133332e-01
  5.53180485151423e+04  4.83358301374217e-01  4.78291932091961e-01  4.10241613950071e-01  3.80212125205268e-01
  5.53217767755938e+04  4.83535409157334e-01  4.78631636385157e-01  4.10275460381686e-01  3.80235757976413e-01
  5.53255050355323e+04  4.83731317268489e-01  4.78877950617121e-01  4.10294633837440e-01  3.80250767901365e-01
  5.53296666673832e+04  4.83930827872479e-01  4.79009869203220e-01  4.10466866589508e-01  3.80224094823372e-01
  5.53303541667384e+04  4.84187425052057e-01  4.79122417631707e-01  4.10436737427327e-01  3.80344069539588e-01
  5.53340824270844e+04  4.84441461185426e-01  4.79239819914995e-01  4.10498901407709e-01  3.80413005030630e-01
  5.53378106864109e+04  4.84761424228475e-01  4.79321395432202e-01  4.10659714543635e-01  3.80439734311921e-01
  5.53415389454630e+04  4.85069637571116e-01  4.79440374997563e-01  4.10882129783735e-01  3.80499196875579e-01
  5.53452672048843e+04  4.85354828777104e-01  4.79611485190396e-01  4.11002353368902e-01  3.80541002158281e-01
  5.53490416671389e+04  4.85561399861057e-01  4.79726414900391e-01  4.11161284556211e-01  3.80505029921268e-01
  5.53505625001794e+04  4.85768101079289e-01  4.79912197232544e-01  4.11134526436459e-01  3.80624614642020e-01
  5.53543750006228e+04  4.85873941405769e-01  4.80060356010453e-01  4.11304964215303e-01  3.80563379955179e-01
  5.53557500005092e+04  4.86067210707121e-01  4.80208030511055e-01  4.11223526036839e-01  3.80636387263624e-01
  5.53594782584873e+04  4.86255031032663e-01  4.80324663562867e-01  4.11273144046902e-01  3.80760137434988e-01
  5.53632065162419e+04  4.86476831936163e-01  4.80428552026742e-01  4.11306853968055e-01  3.80851763741809e-01
  5.53669347743219e+04  4.86722931491227e-01  4.80460116144068e-01  4.11351921623989e-01  3.80937791875808e-01
  5.53706630308182e+04  4.86971952650203e-01  4.80505194265724e-01  4.11437272754088e-01  3.81056823641205e-01
  5.53743912874547e+04  4.87176342890526e-01  4.80600942251570e-01  4.11539771499207e-01  3.81092102248087e-01
  5.53781195438597e+04  4.87300783746340e-01  4.80698666670138e-01  4.11610919330087e-01  3.81136181401157e-01
  5.53818478005637e+04  4.87326974279594e-01  4.80752322234513e-01  4.11760809751269e-01  3.81156303388987e-01
  5.53855760570277e+04  4.87277184641040e-01  4.80778242414981e-01  4.11929882078512e-01  3.81199810165701e-01
  5.53893043136504e+04  4.87234719752254e-01  4.80800592322604e-01  4.12044157187422e-01  3.81302587448490e-01
  5.53930325701100e+04  4.87204766885418e-01  4.80768437181654e-01  4.12062274524964e-01  3.81337334943530e-01
  5.53967608272834e+04  4.87254534571710e-01  4.80636848516163e-01  4.12049203022593e-01  3.81304187967660e-01
  5.54004890837303e+04  4.87309561420855e-01  4.80490925331594e-01  4.11983966933553e-01  3.81222862414418e-01
  5.54042173407055e+04  4.87326356790437e-01  4.80337165868291e-01  4.11899576110919e-01  3.81222173981475e-01
  5.54116738545463e+04  4.87279405103321e-01  4.80153792809942e-01  4.12009488341111e-01  3.81284396817202e-01
