  6.191739176867256E-003  -3688.23164323476     
  7.430087307485838E-003  -3688.24405684751     
  8.916105123277177E-003  -3688.25952617360     
  1.069932657308563E-002  -3688.27883650144     
  1.283919239788641E-002  -3688.30302522192     
  1.540703148968409E-002  -3688.33339381085     
  1.848843852228542E-002  -3688.37160495980     
  2.218612710833995E-002  -3688.41972126038     
  2.662335358792493E-002  -3688.48031695407     
  3.194802557501034E-002  -3688.55652741820     
  3.833763221341298E-002  -3688.65208938598     
  4.600516048417633E-002  -3688.77143654090     
  5.520619477470860E-002  -3688.91961653207     
  6.624743636208683E-002  -3689.10230662132     
  7.949692679342812E-002  -3689.32562545315     
  9.539631594282262E-002  -3689.59593948067     
  0.114475583680238       -3689.91967831036     
  0.137370705874907       -3690.30298627500     
  0.164844853600234       -3690.75138585572     
  0.197813832180696       -3691.26956334310     
  0.237376608049333       -3691.86106488863     
  0.284851940978199       -3692.52813036511     
  0.341822342756638       -3693.27164082545     
  0.410186827607325       -3694.09105315157     
  0.492224212688022       -3694.98459891170     
  0.590669078696705       -3695.94932676130     
  0.708802922601343       -3696.98136405597     
  0.850563540919969       -3698.07613370544     
   1.02067628966199       -3699.22864409908     
   1.22481159626403       -3700.43358115564     
   1.46977397392040       -3701.68563766290     
   1.76372883878877       -3702.97961747980     
   2.11647469064767       -3704.31054968683     
   2.53976972969858       -3705.67380959733     
   3.04772379674395       -3707.06513444956     
   3.65726870141954       -3708.48068978681     
   4.38872261609561       -3709.91706054376     
   5.26646734858533       -3711.37122019967     
   6.31976106942713       -3712.84052468817     
   7.58371358466224       -3714.32266203922     
   9.10045666321433       -3715.81567803133     
