  1.848843852228542E-002  -3689.50418894725     
  2.218612710833995E-002  -3689.18672081322     
  2.662335358792493E-002  -3688.89982527713     
  3.194802557501034E-002  -3688.65338541624     
  3.833763221341298E-002  -3688.45647995021     
  4.600516048417633E-002  -3688.31692206604     
  5.520619477470860E-002  -3688.24092653162     
  6.624743636208683E-002  -3688.23288632429     
  7.949692679342812E-002  -3688.29532211074     
  9.539631594282262E-002  -3688.42891075013     
  0.114475583680238       -3688.63271161015     
  0.137370705874907       -3688.90428618943     
  0.164844853600234       -3689.24010536646     
  0.197813832180696       -3689.63577459102     
  0.237376608049333       -3690.08638760903     
  0.284851940978199       -3690.58674843691     
  0.341822342756638       -3691.13164201519     
  0.410186827607325       -3691.71597996948     
  0.492224212688022       -3692.33495526523     
  0.590669078696705       -3692.98409123761     
  0.708802922601343       -3693.65932592172     
  0.850563540919969       -3694.35699299518     
   1.02067628966199       -3695.07388933416     
   1.22481159626403       -3695.80714800025     
   1.46977397392040       -3696.55429642492     
   1.76372883878877       -3697.31324435460     
   2.11647469064767       -3698.08211824511     
   2.53976972969858       -3698.85937722903     
   3.04772379674395       -3699.64366614732     
   3.65726870141954       -3700.43388580565     
   4.38872261609561       -3701.22907425872     
   5.26646734858533       -3702.02841553070     
   6.31976106942713       -3702.83122421196     
   7.58371358466224       -3703.63695451978     
   9.10045666321433       -3704.44512354913     
