  1.000000047497451E-003  -3698.11370701193     
  1.200000104680660E-003  -3698.11560827746     
  1.440000182837256E-003  -3698.11788779832     
  1.728000288069266E-003  -3698.12064618001     
  2.073600428080594E-003  -3698.12397043934     
  2.488320612573686E-003  -3698.12797399396     
  2.985984853740796E-003  -3698.13280991112     
  3.583181966871809E-003  -3698.13863938638     
  4.299818531105602E-003  -3698.14571635790     
  5.159782442358047E-003  -3698.15428108347     
  6.191739176867256E-003  -3698.16467815891     
  7.430087307485838E-003  -3698.17731894141     
  8.916105123277177E-003  -3698.19270242155     
  1.069932657308563E-002  -3698.21148021463     
  1.283919239788641E-002  -3698.23443318677     
  1.540703148968409E-002  -3698.26254873297     
  1.848843852228542E-002  -3698.29705491120     
  2.218612710833995E-002  -3698.33944000400     
  2.662335358792493E-002  -3698.39159976184     
  3.194802557501034E-002  -3698.45581861463     
  3.833763221341298E-002  -3698.53483681901     
  4.600516048417633E-002  -3698.63197876948     
  5.520619477470860E-002  -3698.75110981942     
  6.624743636208683E-002  -3698.89669560445     
  7.949692679342812E-002  -3699.07374444613     
  9.539631594282262E-002  -3699.28770916815     
  0.114475583680238       -3699.54434640594     
  0.137370705874907       -3699.84943290760     
  0.164844853600234       -3700.20858922115     
  0.197813832180696       -3700.62684427300     
  0.237376608049333       -3701.10847135867     
  0.284851940978199       -3701.65658609747     
  0.341822342756638       -3702.27306221420     
  0.410186827607325       -3702.95838707849     
  0.492224212688022       -3703.71172027218     
  0.590669078696705       -3704.53092208912     
  0.708802922601343       -3705.41287543486     
  0.850563540919969       -3706.35357351653     
   1.02067628966199       -3707.34847889049     
   1.22481159626403       -3708.39271259207     
   1.46977397392040       -3709.48130361715     
   1.76372883878877       -3710.60934692434     
   2.11647469064767       -3711.77215684022     
   2.53976972969858       -3712.96534167404     
   3.04772379674395       -3714.18486821578     
   3.65726870141954       -3715.42711127756     
   4.38872261609561       -3716.68884406915     
   5.26646734858533       -3717.96722661165     
   6.31976106942713       -3719.25973474363     
   7.58371358466224       -3720.56425693288     
   9.10045666321433       -3721.87890459116     
