  1.440000182837256E-003  -3698.12201543826     
  1.728000288069266E-003  -3698.12106787302     
  2.073600428080594E-003  -3698.11994014222     
  2.488320612573686E-003  -3698.11858557833     
  2.985984853740796E-003  -3698.11701878389     
  3.583181966871809E-003  -3698.11514472602     
  4.299818531105602E-003  -3698.11294884510     
  5.159782442358047E-003  -3698.11037525834     
  6.191739176867256E-003  -3698.10737893741     
  7.430087307485838E-003  -3698.10391928256     
  8.916105123277177E-003  -3698.09996265660     
  1.069932657308563E-002  -3698.09548021158     
  1.283919239788641E-002  -3698.09047164423     
  1.540703148968409E-002  -3698.08499127020     
  1.848843852228542E-002  -3698.07917837003     
  2.218612710833995E-002  -3698.07324178396     
  2.662335358792493E-002  -3698.06755249902     
  3.194802557501034E-002  -3698.06272640302     
  3.833763221341298E-002  -3698.05965627478     
  4.600516048417633E-002  -3698.05965254617     
  5.520619477470860E-002  -3698.06455512305     
  6.624743636208683E-002  -3698.07692394817     
  7.949692679342812E-002  -3698.10016485101     
  9.539631594282262E-002  -3698.13873952664     
  0.114475583680238       -3698.19829783952     
  0.137370705874907       -3698.28587516646     
  0.164844853600234       -3698.40983380514     
  0.197813832180696       -3698.57991828280     
  0.237376608049333       -3698.80694625256     
  0.284851940978199       -3699.10256366276     
  0.341822342756638       -3699.47860920348     
  0.410186827607325       -3699.94665176160     
  0.492224212688022       -3700.51719172928     
  0.590669078696705       -3701.19909830618     
  0.708802922601343       -3701.99905919375     
  0.850563540919969       -3702.92120967334     
   1.02067628966199       -3703.96701053046     
   1.22481159626403       -3705.13527096674     
   1.46977397392040       -3706.42241131491     
   1.76372883878877       -3707.82285900766     
   2.11647469064767       -3709.32948746077     
   2.53976972969858       -3710.93411918895     
   3.04772379674395       -3712.62797118971     
   3.65726870141954       -3714.40206170715     
   4.38872261609561       -3716.24752848011     
   5.26646734858533       -3718.15589354878     
   6.31976106942713       -3720.11923601334     
   7.58371358466224       -3722.13028650048     
   9.10045666321433       -3724.18246585226     
