  1.000000047497451E-003  -3688.37887156344     
  1.200000104680660E-003  -3688.38176775859     
  1.440000182837256E-003  -3688.38524315394     
  1.728000288069266E-003  -3688.38942430735     
  2.073600428080594E-003  -3688.39445634026     
  2.488320612573686E-003  -3688.40048696416     
  2.985984853740796E-003  -3688.40776576511     
  3.583181966871809E-003  -3688.41652211239     
  4.299818531105602E-003  -3688.42708670978     
  5.159782442358047E-003  -3688.43980402988     
  6.191739176867256E-003  -3688.45514757144     
  7.430087307485838E-003  -3688.47366384425     
  8.916105123277177E-003  -3688.49606228360     
  1.069932657308563E-002  -3688.52314457888     
  1.283919239788641E-002  -3688.55593312822     
  1.540703148968409E-002  -3688.59569616658     
  1.848843852228542E-002  -3688.64394113035     
  2.218612710833995E-002  -3688.70254564157     
  2.662335358792493E-002  -3688.77379853361     
  3.194802557501034E-002  -3688.86045059226     
  3.833763221341298E-002  -3688.96584148521     
  4.600516048417633E-002  -3689.09395130773     
  5.520619477470860E-002  -3689.24948344045     
  6.624743636208683E-002  -3689.43786689041     
  7.949692679342812E-002  -3689.66531333505     
  9.539631594282262E-002  -3689.93870032328     
  0.114475583680238       -3690.26546884828     
  0.137370705874907       -3690.65335875722     
  0.164844853600234       -3691.11014498688     
  0.197813832180696       -3691.64320852472     
  0.237376608049333       -3692.25919053510     
  0.284851940978199       -3692.96349739488     
  0.341822342756638       -3693.76007588244     
  0.410186827607325       -3694.65108465794     
  0.492224212688022       -3695.63686316541     
  0.590669078696705       -3696.71595615926     
  0.708802922601343       -3697.88519761643     
  0.850563540919969       -3699.14009812176     
   1.02067628966199       -3700.47507200618     
   1.22481159626403       -3701.88382734811     
   1.46977397392040       -3703.35965536993     
   1.76372883878877       -3704.89575084506     
   2.11647469064767       -3706.48539779310     
   2.53976972969858       -3708.12223287410     
   3.04772379674395       -3709.80027835326     
   3.65726870141954       -3711.51407339602     
   4.38872261609561       -3713.25866922487     
   5.26646734858533       -3715.02971496856     
   6.31976106942713       -3716.82331393464     
   7.58371358466224       -3718.63610657597     
   9.10045666321433       -3720.46515233125     
