  1.848843852228542E-002  -3782.51344258993     
  2.218612710833995E-002  -3781.91339184446     
  2.662335358792493E-002  -3781.33665804478     
  3.194802557501034E-002  -3780.79683356566     
  3.833763221341298E-002  -3780.30694478697     
  4.600516048417633E-002  -3779.87880143768     
  5.520619477470860E-002  -3779.52245859362     
  6.624743636208683E-002  -3779.24579432280     
  7.949692679342812E-002  -3779.05428902388     
  9.539631594282262E-002  -3778.95093156548     
  0.114475583680238       -3778.93638225858     
  0.137370705874907       -3779.00908982138     
  0.164844853600234       -3779.16574935240     
  0.197813832180696       -3779.40161798229     
  0.237376608049333       -3779.71098239138     
  0.284851940978199       -3780.08750212324     
  0.341822342756638       -3780.52459633191     
  0.410186827607325       -3781.01569169233     
  0.492224212688022       -3781.55446065330     
  0.590669078696705       -3782.13493428530     
  0.708802922601343       -3782.75163179215     
  0.850563540919969       -3783.39957052164     
   1.02067628966199       -3784.07434957731     
   1.22481159626403       -3784.77202896845     
   1.46977397392040       -3785.48918687317     
   1.76372883878877       -3786.22290192004     
   2.11647469064767       -3786.97057901911     
   2.53976972969858       -3787.73005524247     
   3.04772379674395       -3788.49944222623     
   3.65726870141954       -3789.27718591643     
   4.38872261609561       -3790.06193788194     
   5.26646734858533       -3790.85255484376     
   6.31976106942713       -3791.64807497701     
   7.58371358466224       -3792.44771960439     
   9.10045666321433       -3793.25080998411     
