  1.000000047497451E-003  -3778.97655289206     
  1.200000104680660E-003  -3778.97525782218     
  1.440000182837256E-003  -3778.97371508982     
  1.728000288069266E-003  -3778.97189082469     
  2.073600428080594E-003  -3778.96973976158     
  2.488320612573686E-003  -3778.96718417678     
  2.985984853740796E-003  -3778.96420743676     
  3.583181966871809E-003  -3778.96072554360     
  4.299818531105602E-003  -3778.95670177018     
  5.159782442358047E-003  -3778.95205178526     
  6.191739176867256E-003  -3778.94675148765     
  7.430087307485838E-003  -3778.94077389734     
  8.916105123277177E-003  -3778.93417296370     
  1.069932657308563E-002  -3778.92700870149     
  1.283919239788641E-002  -3778.91947460828     
  1.540703148968409E-002  -3778.91192649346     
  1.848843852228542E-002  -3778.90488618542     
  2.218612710833995E-002  -3778.89919162738     
  2.662335358792493E-002  -3778.89606792246     
  3.194802557501034E-002  -3778.89722079433     
  3.833763221341298E-002  -3778.90501986697     
  4.600516048417633E-002  -3778.92261962439     
  5.520619477470860E-002  -3778.95412203257     
  6.624743636208683E-002  -3779.00466366088     
  7.949692679342812E-002  -3779.08055451480     
  9.539631594282262E-002  -3779.18922994132     
  0.114475583680238       -3779.33919296467     
  0.137370705874907       -3779.53976078763     
  0.164844853600234       -3779.80077188726     
  0.197813832180696       -3780.13208584192     
  0.237376608049333       -3780.54312810398     
  0.284851940978199       -3781.04225644763     
  0.341822342756638       -3781.63638129597     
  0.410186827607325       -3782.33048119946     
  0.492224212688022       -3783.12742986538     
  0.590669078696705       -3784.02790629999     
  0.708802922601343       -3785.03040144252     
  0.850563540919969       -3786.13156994117     
   1.02067628966199       -3787.32646239625     
   1.22481159626403       -3788.60895529328     
   1.46977397392040       -3789.97210584085     
   1.76372883878877       -3791.40855257434     
   2.11647469064767       -3792.91078573972     
   2.53976972969858       -3794.47149150912     
   3.04772379674395       -3796.08365614593     
   3.65726870141954       -3797.74075577092     
   4.38872261609561       -3799.43679638049     
   5.26646734858533       -3801.16643166797     
   6.31976106942713       -3802.92484005648     
   7.58371358466224       -3804.70781931405     
   9.10045666321433       -3806.51167306972     
