  1.848843852228542E-002  -3698.73304517207     
  2.218612710833995E-002  -3698.51674451167     
  2.662335358792493E-002  -3698.32149325531     
  3.194802557501034E-002  -3698.15558548904     
  3.833763221341298E-002  -3698.02719083730     
  4.600516048417633E-002  -3697.94391538101     
  5.520619477470860E-002  -3697.91240891489     
  6.624743636208683E-002  -3697.93801800905     
  7.949692679342812E-002  -3698.02457560929     
  9.539631594282262E-002  -3698.17426233597     
  0.114475583680238       -3698.38768238486     
  0.137370705874907       -3698.66386501686     
  0.164844853600234       -3699.00059212271     
  0.197813832180696       -3699.39458063529     
  0.237376608049333       -3699.84182389664     
  0.284851940978199       -3700.33782310600     
  0.341822342756638       -3700.87788078504     
  0.410186827607325       -3701.45727561132     
  0.492224212688022       -3702.07144726513     
  0.590669078696705       -3702.71607352239     
  0.708802922601343       -3703.38717881978     
  0.850563540919969       -3704.08113501509     
   1.02067628966199       -3704.79474445501     
   1.22481159626403       -3705.52512465695     
   1.46977397392040       -3706.26977501325     
   1.76372883878877       -3707.02657073642     
   2.11647469064767       -3707.79360132774     
   2.53976972969858       -3708.56928919340     
   3.04772379674395       -3709.35224429995     
   3.65726870141954       -3710.14133533846     
   4.38872261609561       -3710.93557143144     
   5.26646734858533       -3711.73411095887     
   6.31976106942713       -3712.53624606269     
   7.58371358466224       -3713.34141150037     
   9.10045666321433       -3714.14910762961     
