  1.848843852228542E-002  -3779.73823332263     
  2.218612710833995E-002  -3779.64686150343     
  2.662335358792493E-002  -3779.54817661370     
  3.194802557501034E-002  -3779.44384630306     
  3.833763221341298E-002  -3779.33642877414     
  4.600516048417633E-002  -3779.22946067291     
  5.520619477470860E-002  -3779.12762771876     
  6.624743636208683E-002  -3779.03663848468     
  7.949692679342812E-002  -3778.96317688287     
  9.539631594282262E-002  -3778.91460425857     
  0.114475583680238       -3778.89863653323     
  0.137370705874907       -3778.92303855791     
  0.164844853600234       -3778.99501530096     
  0.197813832180696       -3779.12088081542     
  0.237376608049333       -3779.30573824128     
  0.284851940978199       -3779.55317324600     
  0.341822342756638       -3779.86521071007     
  0.410186827607325       -3780.24227071892     
  0.492224212688022       -3780.68329918790     
  0.590669078696705       -3781.18605323153     
  0.708802922601343       -3781.74726106026     
  0.850563540919969       -3782.36288191119     
   1.02067628966199       -3783.02845334326     
   1.22481159626403       -3783.73927162362     
   1.46977397392040       -3784.49061166726     
   1.76372883878877       -3785.27784960355     
   2.11647469064767       -3786.09662188357     
   2.53976972969858       -3786.94289277072     
   3.04772379674395       -3787.81293495711     
   3.65726870141954       -3788.70348285563     
   4.38872261609561       -3789.61154210964     
   5.26646734858533       -3790.53456834450     
   6.31976106942713       -3791.47028325327     
   7.58371358466224       -3792.41676868378     
   9.10045666321433       -3793.37234094701     
