  1.000000047497451E-003  -3698.11422161949     
  1.200000104680660E-003  -3698.11627735327     
  1.440000182837256E-003  -3698.11873181102     
  1.728000288069266E-003  -3698.12169086932     
  2.073600428080594E-003  -3698.12523943119     
  2.488320612573686E-003  -3698.12951291642     
  2.985984853740796E-003  -3698.13465147955     
  3.583181966871809E-003  -3698.14082616930     
  4.299818531105602E-003  -3698.14824588218     
  5.159782442358047E-003  -3698.15718226905     
  6.191739176867256E-003  -3698.16793108292     
  7.430087307485838E-003  -3698.18088556868     
  8.916105123277177E-003  -3698.19649709641     
  1.069932657308563E-002  -3698.21533284472     
  1.283919239788641E-002  -3698.23807154995     
  1.540703148968409E-002  -3698.26552952509     
  1.848843852228542E-002  -3698.29874381343     
  2.218612710833995E-002  -3698.33895535867     
  2.662335358792493E-002  -3698.38767804450     
  3.194802557501034E-002  -3698.44675202762     
  3.833763221341298E-002  -3698.51843995465     
  4.600516048417633E-002  -3698.60547119095     
  5.520619477470860E-002  -3698.71116325409     
  6.624743636208683E-002  -3698.83944973208     
  7.949692679342812E-002  -3698.99502766449     
  9.539631594282262E-002  -3699.18337061336     
  0.114475583680238       -3699.41076044681     
  0.137370705874907       -3699.68428651371     
  0.164844853600234       -3700.01177715222     
  0.197813832180696       -3700.40156154553     
  0.237376608049333       -3700.86233512608     
  0.284851940978199       -3701.40272100797     
  0.341822342756638       -3702.03096502540     
  0.410186827607325       -3702.75446576033     
  0.492224212688022       -3703.57942078779     
  0.590669078696705       -3704.51042770799     
  0.708802922601343       -3705.55031061047     
  0.850563540919969       -3706.69990791871     
   1.02067628966199       -3707.95811020515     
   1.22481159626403       -3709.32197806865     
   1.46977397392040       -3710.78697926977     
   1.76372883878877       -3712.34729864864     
   2.11647469064767       -3713.99611755413     
   2.53976972969858       -3715.72609254385     
   3.04772379674395       -3717.52950969397     
   3.65726870141954       -3719.39868756323     
   4.38872261609561       -3721.32619695553     
   5.26646734858533       -3723.30496951987     
   6.31976106942713       -3725.32844971817     
   7.58371358466224       -3727.39066865424     
   9.10045666321433       -3729.48625883979     
