  1.000000047497451E-003  -3698.10267847734     
  1.200000104680660E-003  -3698.10233684135     
  1.440000182837256E-003  -3698.10193584842     
  1.728000288069266E-003  -3698.10145997852     
  2.073600428080594E-003  -3698.10088991394     
  2.488320612573686E-003  -3698.10022725525     
  2.985984853740796E-003  -3698.09944282982     
  3.583181966871809E-003  -3698.09854361504     
  4.299818531105602E-003  -3698.09748890131     
  5.159782442358047E-003  -3698.09629530504     
  6.191739176867256E-003  -3698.09490930385     
  7.430087307485838E-003  -3698.09338263396     
  8.916105123277177E-003  -3698.09169874407     
  1.069932657308563E-002  -3698.08987665702     
  1.283919239788641E-002  -3698.08800565333     
  1.540703148968409E-002  -3698.08617208620     
  1.848843852228542E-002  -3698.08453324665     
  2.218612710833995E-002  -3698.08336579540     
  2.662335358792493E-002  -3698.08301327089     
  3.194802557501034E-002  -3698.08398279767     
  3.833763221341298E-002  -3698.08702720291     
  4.600516048417633E-002  -3698.09310294456     
  5.520619477470860E-002  -3698.10341662192     
  6.624743636208683E-002  -3698.11961807088     
  7.949692679342812E-002  -3698.14369082096     
  9.539631594282262E-002  -3698.17797774377     
  0.114475583680238       -3698.22524334946     
  0.137370705874907       -3698.28853553220     
  0.164844853600234       -3698.37116562971     
  0.197813832180696       -3698.47647461656     
  0.237376608049333       -3698.60772258954     
  0.284851940978199       -3698.76788375098     
  0.341822342756638       -3698.95944518498     
  0.410186827607325       -3699.18427400116     
  0.492224212688022       -3699.44353803872     
  0.590669078696705       -3699.73760649851     
  0.708802922601343       -3700.06611637605     
  0.850563540919969       -3700.42800311844     
   1.02067628966199       -3700.82169485555     
   1.22481159626403       -3701.24511573002     
   1.46977397392040       -3701.69596336399     
   1.76372883878877       -3702.17173393974     
   2.11647469064767       -3702.66987698411     
   2.53976972969858       -3703.18790333732     
   3.04772379674395       -3703.72342288076     
   3.65726870141954       -3704.27422678045     
   4.38872261609561       -3704.83825827984     
   5.26646734858533       -3705.41370652553     
   6.31976106942713       -3705.99892944220     
   7.58371358466224       -3706.59249673736     
   9.10045666321433       -3707.19316514795     
